5.878685759445591975e+04
5.879778018909811362e+04
5.897708734672167338e+04
5.900003981205025048e+04
5.903402528102395445e+04
5.909088302806000866e+04
5.911103070120499615e+04
5.911781228908289631e+04
5.914672606539402477e+04
5.915275450888475461e+04
5.917369144845381379e+04
5.922550191082504898e+04
5.923257746403400233e+04
5.925749144857580541e+04
5.928438742839665792e+04
5.931108990643035941e+04
5.933801181437404739e+04
5.936893249459208164e+04
5.939984829401690513e+04
5.940413101873405685e+04
5.942879022663978685e+04
5.944202590531653550e+04
5.948685474479409459e+04
