5.878685759445591975e+04 5.512679989763549471e-15 9.680607260806129701e-15
5.879778018909811362e+04 2.220654764972182628e-15 5.926639026153424865e-15
5.897708734672167338e+04 -2.255317574358857022e-15 7.163679514577422960e-16
5.900003981205025048e+04 -2.693793473503469038e-15 2.217980136196153564e-16
5.903402528102395445e+04 -2.987019967924530009e-15 1.389959660504438556e-16
5.909088302806000866e+04 -2.763810521305629626e-15 8.488452490549967450e-17
5.911103070120499615e+04 -2.763901321567284751e-15 9.073433847295281916e-17
5.911781228908289631e+04 -2.780990808591915337e-15 7.419429398125470462e-17
5.914672606539402477e+04 -2.887972277098429816e-15 3.736963414892201897e-17
5.915275450888475461e+04 -2.905799375588104599e-15 5.668035463005163723e-17
5.917369144845381379e+04 -2.926581955718634892e-15 8.141856263658912070e-17
5.922550191082504898e+04 -2.790204219507735303e-15 5.871370062844390372e-17
5.923257746403400233e+04 -2.781116150773495098e-15 6.831478711767685691e-17
5.925749144857580541e+04 -2.809358836266950226e-15 3.908967621243313149e-17
5.928438742839665792e+04 -2.898105309099899972e-15 5.303561089656312597e-17
5.931108990643035941e+04 -2.920854317953844827e-15 7.277423003215938143e-17
5.933801181437404739e+04 -2.821447482436815184e-15 3.728396044861127542e-17
5.936893249459208164e+04 -2.736930004870229701e-15 1.228069354156706581e-16
5.939984829401690513e+04 -2.956598773701045250e-15 1.304020645833496597e-16
5.940413101873405685e+04 -3.007238326295020723e-15 1.872945519207011047e-16
5.942879022663978685e+04 -3.201206546608794683e-15 4.002203889999284919e-16
5.944202590531653550e+04 -3.062899617257080345e-15 2.391578293794029496e-16
5.948685474479409459e+04 7.752461514148743233e-16 4.097017852950664061e-15
