1.536236923511500067e-14 8.270813318509299981e-15 -1.508782176347800054e-15 -2.455066239422499939e-15 -3.129556890789699941e-15 -2.679635844801299991e-15 -2.669264788433400177e-15 -2.702074705305899833e-15 -2.922038481316499914e-15 -2.960369670603100020e-15 -3.010404453128699812e-15 -2.734001629004999836e-15 -2.713821982397799940e-15 -2.766314987768600106e-15 -2.946284904887699860e-15 -2.994171406339300082e-15 -2.790224453469600174e-15 -2.616210933456100005e-15 -3.076498947443999937e-15 -3.182734937675999846e-15 -3.591556094420099909e-15 -3.303058690888099916e-15 4.779174918454499819e-15
-7.605496301541899740e-15 -5.810558420500599873e-15 -3.230467315115799952e-15 -2.996671403871799910e-15 -2.798144931209199962e-15 -2.879543682015999889e-15 -2.888323939154799876e-15 -2.883040337916400173e-15 -2.838027787623900163e-15 -2.829224718867199870e-15 -2.814981577334900042e-15 -2.868471658508200075e-15 -2.872956982365700176e-15 -2.863624033894199869e-15 -2.828793199300400064e-15 -2.823380097630999938e-15 -2.870419355063300099e-15 -2.901110266762100172e-15 -2.780888517150400101e-15 -2.754980475931299961e-15 -2.662149582682499968e-15 -2.740785904297399909e-15 -4.753090514727399645e-15
-8.275594940563699429e-15 -6.232462190828199730e-15 -3.283907740792700056e-15 -3.017121254827200194e-15 -2.789655460621700178e-15 -2.882099171279999971e-15 -2.892799738428600158e-15 -2.887061662872800001e-15 -2.836996250030099811e-15 -2.827192599899299953e-15 -2.811590694295300171e-15 -2.872565953113200113e-15 -2.877480600557999834e-15 -2.865804367481200012e-15 -2.824695881494500022e-15 -2.817618247659499923e-15 -2.871770206561099805e-15 -2.909462204779100158e-15 -2.775198482884199803e-15 -2.745798108380000089e-15 -2.638183251062000062e-15 -2.724492249229199879e-15 -4.993784129461400197e-15
2.249856091338699868e-15 2.121027406416500037e-16 -2.498820169465100059e-15 -2.769541695981700049e-15 -2.938744930086399993e-15 -2.793869702321099986e-15 -2.797061804346299965e-15 -2.808632509633200176e-15 -2.876301771350099837e-15 -2.886934840041999814e-15 -2.896985465018300186e-15 -2.808144050297499929e-15 -2.803169526810899862e-15 -2.824712332351900117e-15 -2.883526680347600065e-15 -2.896976877106300191e-15 -2.831173450899099861e-15 -2.776875357518299916e-15 -2.918757380014200088e-15 -2.951134734206599820e-15 -3.072775963278700125e-15 -2.981416096216599975e-15 -5.252505665802500133e-16
-1.325275458581199879e-16 -1.245412575291199904e-15 -2.677817205634100108e-15 -2.824970923033800147e-15 -2.903298465693799955e-15 -2.814870367466700068e-15 -2.820212333077699902e-15 -2.827819649949900165e-15 -2.867695855410600122e-15 -2.873353096189400173e-15 -2.876485757948700042e-15 -2.822095476731099909e-15 -2.819795196886400188e-15 -2.835342927283700162e-15 -2.872109298249300094e-15 -2.879790921793399965e-15 -2.839254244168599931e-15 -2.805042931867299815e-15 -2.886398411271499827e-15 -2.905187666002800186e-15 -2.976702100301600111e-15 -2.925491295339100043e-15 -1.529003362301399911e-15
-2.401358512443999856e-15 -2.628846832681200057e-15 -2.837734421679699888e-15 -2.873192601016700085e-15 -2.873682259508800152e-15 -2.834247697974500106e-15 -2.838569190310399847e-15 -2.841904476358500002e-15 -2.857000294347599830e-15 -2.858911174946299803e-15 -2.859392938603500019e-15 -2.838556382993000181e-15 -2.837443654264200193e-15 -2.841770665450699808e-15 -2.854688234583799915e-15 -2.860469264744300055e-15 -2.850949625545700032e-15 -2.837903434931900003e-15 -2.851928624723499943e-15 -2.855998693565800093e-15 -2.873385880913100077e-15 -2.863458339981900073e-15 -2.548585023288400183e-15
3.583480976878399996e-14 2.075936023785200089e-14 -3.118683119373199849e-17 -2.013643948193700020e-15 -3.420145424918999965e-15 -2.495889459333200049e-15 -2.483376925464300155e-15 -2.553745745998199848e-15 -3.010249893192299967e-15 -3.087669425161600172e-15 -3.180817485429199836e-15 -2.601705749124299909e-15 -2.563997163988300058e-15 -2.690693412963300102e-15 -3.070887943816599844e-15 -3.150297494684400014e-15 -2.697723744001599987e-15 -2.346563228023999893e-15 -3.377859742619499878e-15 -3.609399946656400281e-15 -4.473320846973900111e-15 -3.815550766521099846e-15 1.379498100974299996e-14
4.246915170291600140e-15 1.447712215532999990e-15 -2.348470976552699833e-15 -2.720482154543199827e-15 -2.966164599111500069e-15 -2.775450974866800036e-15 -2.777086424326000183e-15 -2.792139530373700108e-15 -2.884392646696899992e-15 -2.899547405404600078e-15 -2.916485453342999854e-15 -2.797472538881000030e-15 -2.789628396442600020e-15 -2.814113587834899885e-15 -2.890910830748300164e-15 -2.910999182432499854e-15 -2.825828554517200039e-15 -2.752482210465000082e-15 -2.939238216193299969e-15 -2.982474050068300155e-15 -3.148852495637300041e-15 -3.031805801151999831e-15 2.375860938908300071e-16
8.718606782521099735e-15 4.160835499925799746e-15 -2.029584701998699877e-15 -2.629857902514599926e-15 -3.031932892298899847e-15 -2.733267322536999971e-15 -2.735423288675799925e-15 -2.759099252984599959e-15 -2.904175391765999865e-15 -2.927884419704299979e-15 -2.953727615090999850e-15 -2.767653109997899805e-15 -2.756266227425699959e-15 -2.798519765554799965e-15 -2.920219862852300128e-15 -2.946276672572200130e-15 -2.804576251492500174e-15 -2.692283474761800100e-15 -3.007780803086099977e-15 -3.078971207607000102e-15 -3.344727569179799882e-15 -3.142307503637600171e-15 2.267324185970100088e-15
-1.208124405035700090e-15 -1.890606836430900150e-15 -2.749838166705199825e-15 -2.845059371325800108e-15 -2.890037771240699850e-15 -2.823481329347599840e-15 -2.827046323634600031e-15 -2.832445656253399890e-15 -2.861700193462599929e-15 -2.866137494831600013e-15 -2.870141983952599962e-15 -2.831482269039200152e-15 -2.828896956969300169e-15 -2.835893397901700001e-15 -2.860047300737099889e-15 -2.869442143964599896e-15 -2.847730068701399874e-15 -2.823655507661700151e-15 -2.866358786843600003e-15 -2.877193186333699855e-15 -2.922036541006500016e-15 -2.895989390176599983e-15 -2.082969820871599828e-15
6.109677896225900000e-15 2.589873017616300052e-15 -2.215147866751999824e-15 -2.683554996217099845e-15 -2.995912345735500159e-15 -2.755693113952999991e-15 -2.756672977223599844e-15 -2.775423846483199848e-15 -2.892191468593200186e-15 -2.911677144176899903e-15 -2.934698695273300051e-15 -2.785541661051499912e-15 -2.775127924968300188e-15 -2.803736618045800136e-15 -2.899447240227699882e-15 -2.926648509847499983e-15 -2.822578553505600113e-15 -2.730482126360300069e-15 -2.960346991645900123e-15 -3.013950130065600068e-15 -3.221621594885200016e-15 -3.077513320370099992e-15 9.908050415604600813e-16
-1.963625311222300112e-15 -2.350653002725100175e-15 -2.806759932595000042e-15 -2.863383527920799857e-15 -2.879813983139399988e-15 -2.829510095001500101e-15 -2.833464157443699921e-15 -2.837621414714500086e-15 -2.858692394477099877e-15 -2.861752670398999851e-15 -2.864211005746799896e-15 -2.836216856444599896e-15 -2.834249516377700156e-15 -2.838610410054300172e-15 -2.855709508313000150e-15 -2.864111180412400009e-15 -2.851277176007799954e-15 -2.833085925731500064e-15 -2.854778634883000159e-15 -2.861120502264600104e-15 -2.890626631087600175e-15 -2.879416646063500039e-15 -2.422176563712099842e-15
2.463523665197400189e-15 3.536209719325999982e-16 -2.474861842159900183e-15 -2.759781175362699938e-15 -2.943782001595699868e-15 -2.791154518175800157e-15 -2.791826596986599925e-15 -2.803385296212900110e-15 -2.875127504367600087e-15 -2.887080700795999938e-15 -2.901237934375500002e-15 -2.810325501026499804e-15 -2.803983387338799863e-15 -2.821409386633799901e-15 -2.879666413861500131e-15 -2.896237727351699985e-15 -2.832959723505599885e-15 -2.776705038313199845e-15 -2.915653585730699869e-15 -2.948124555737600169e-15 -3.074390088048299973e-15 -2.987941795691600140e-15 -5.343159109931499653e-16
6.653691548820099923e-15 2.914106141807299897e-15 -2.176350888983799826e-15 -2.672897697440800058e-15 -3.005011666557700115e-15 -2.753128854582900090e-15 -2.753130350552299828e-15 -2.772336507721199988e-15 -2.892383578409099895e-15 -2.912311019562900060e-15 -2.935186808086499996e-15 -2.782674109155000166e-15 -2.772955067902799971e-15 -2.806637963689600034e-15 -2.907169232274200009e-15 -2.930640232126700160e-15 -2.815151807195599945e-15 -2.719071776628099948e-15 -2.971767757125400109e-15 -3.029738489545299862e-15 -3.250779729360899989e-15 -3.091749351040499958e-15 1.291374815640800035e-15
2.145116676771299998e-14 1.200117725517099940e-14 -1.056206300535100065e-15 -2.314132806970200112e-15 -3.217957807052799814e-15 -2.627430101370799809e-15 -2.611871289735900160e-15 -2.654582383317600095e-15 -2.943272128855499902e-15 -2.993745912006000046e-15 -3.059972357203400007e-15 -2.698579159445300143e-15 -2.672490452595800139e-15 -2.742890720142499986e-15 -2.979018665092900089e-15 -3.038172407478399986e-15 -2.765756743951799884e-15 -2.540524381957700048e-15 -3.161712427100799909e-15 -3.303718676924100193e-15 -3.844962534450199844e-15 -3.453612740412900078e-15 7.358397732784400756e-15
4.965788909274199822e-15 1.900981910906299840e-15 -2.286176911131100093e-15 -2.699724429566899987e-15 -2.981137280362499984e-15 -2.769458691653800030e-15 -2.766759383066100124e-15 -2.782201839990000193e-15 -2.883103717117000114e-15 -2.900511592118700118e-15 -2.923019955428900049e-15 -2.796136440199399940e-15 -2.786572951031300047e-15 -2.808861499168300178e-15 -2.890402840006699866e-15 -2.915491028514199991e-15 -2.827875562731599822e-15 -2.747552180334399960e-15 -2.941893963130300101e-15 -2.987739972260200006e-15 -3.167883173991599830e-15 -3.047394746069900035e-15 4.342321197115400140e-16
7.250300212227200714e-15 3.293595811036499805e-15 -2.127182370516899878e-15 -2.654054669313000121e-15 -3.012909546071499873e-15 -2.748571544019100107e-15 -2.746655557818799948e-15 -2.766472349662900149e-15 -2.893245209438500149e-15 -2.914677884792699827e-15 -2.940653648599599825e-15 -2.780219568147699888e-15 -2.769310832717400083e-15 -2.802316022242799863e-15 -2.907518428629299989e-15 -2.934636604284300141e-15 -2.816121558077800194e-15 -2.714629526001500120e-15 -2.976585752518999806e-15 -3.037232433134299987e-15 -3.271986301729200085e-15 -3.110222057382499863e-15 1.458511037115300067e-15
3.682863237645099783e-15 1.089845742000099955e-15 -2.401584796064300162e-15 -2.745122496306299887e-15 -2.961471195962600184e-15 -2.775879804759199904e-15 -2.779626516379100048e-15 -2.794505487892099909e-15 -2.882956090887000059e-15 -2.897234333836000190e-15 -2.912678900463300012e-15 -2.800297830165300046e-15 -2.793156520442300157e-15 -2.817040734819299955e-15 -2.889284501940299896e-15 -2.907187393193799901e-15 -2.826710274980499836e-15 -2.759931144640899919e-15 -2.938375616309400076e-15 -2.979118425959200102e-15 -3.132992889656899865e-15 -3.019071278419200187e-15 7.225067337011300437e-17
4.973216930788000003e-15 1.896776533186999893e-15 -2.288030678174800002e-15 -2.699706007429399879e-15 -2.978227385507299840e-15 -2.770534604160700153e-15 -2.769560999059399925e-15 -2.785249188742400110e-15 -2.884938375614800120e-15 -2.901722006817499809e-15 -2.921802079833100193e-15 -2.794219459262200061e-15 -2.785383132551500133e-15 -2.810536200066200028e-15 -2.893265639284000035e-15 -2.916144448576000041e-15 -2.825333236313000117e-15 -2.745976612800499918e-15 -2.946962032356400193e-15 -2.993623190398200159e-15 -3.173095895582099849e-15 -3.045684400962700031e-15 5.111000402047400275e-16
7.877540595995399383e-15 3.680833761782000114e-15 -2.077440194778700115e-15 -2.637904168811200192e-15 -3.022812521025900045e-15 -2.742493546491600161e-15 -2.739293847228299821e-15 -2.760074329454900181e-15 -2.894956509012200056e-15 -2.918049401606999856e-15 -2.947164305217100007e-15 -2.777724987566799944e-15 -2.765636541435100040e-15 -2.798347691991399902e-15 -2.908459575350800143e-15 -2.938394518364399841e-15 -2.815535058046900004e-15 -2.709051834409200154e-15 -2.982990800989699997e-15 -3.046527143183400011e-15 -3.292101767928400053e-15 -3.121029971289099849e-15 1.698361251787400075e-15
