5.855727900889401644e+04 -5.886769832404559777e-14 7.151047836642962228e-18
5.879038456808323099e+04 -5.876963882968881213e-14 1.034858844858496705e-18
5.897700052627098194e+04 -5.859260052472295272e-14 1.883795247693332917e-19
5.899995429031517415e+04 -5.861495111991239920e-14 2.954991329941805206e-19
5.902595770527166314e+04 -5.865189434723029931e-14 4.347673731483048608e-19
5.908473069335755281e+04 -5.876821441065704824e-14 4.903410136748527714e-19
5.911165067162513878e+04 -5.882861085964945652e-14 3.930348281330780885e-19
5.913971832474365510e+04 -5.888999094787070555e-14 2.535151924495223210e-19
5.916958944816868461e+04 -5.894806820662113494e-14 2.006907005635041290e-19
5.919539722629539756e+04 -5.898804421283450343e-14 3.096871120106015568e-19
5.922532380058831768e+04 -5.901832110443206030e-14 4.428182147758112801e-19
5.925240707597903383e+04 -5.902797601105181535e-14 4.836548031067315852e-19
5.927517015448301390e+04 -5.902179237450570974e-14 4.297161590153484105e-19
5.931105262991892232e+04 -5.898491764146084067e-14 2.195217339354349685e-19
5.933797763358916563e+04 -5.893651614776949594e-14 4.486872449653405708e-19
5.936889169371845492e+04 -5.886207944939095902e-14 1.143465431349442712e-18
5.939981068589293864e+04 -5.877232994575051068e-14 2.077722052747692270e-18
5.942875842163783818e+04 -5.868019718894875111e-14 3.113133262285326430e-18
