-5.886876805767800078e-14 -5.876958993311600189e-14 -5.859251423813800549e-14 -5.861489768832700508e-14 -5.865187606734500298e-14 -5.876825136251699417e-14 -5.882865735922300572e-14 -5.889003636553100219e-14 -5.894810193371699582e-14 -5.898806186587099469e-14 -5.901831770791300116e-14 -5.902795610059399405e-14 -5.902176401045199846e-14 -5.898489282507900617e-14 -5.893651223798600268e-14 -5.886212271935800367e-14 -5.877244689005700437e-14 -5.868040640023699746e-14
-5.886869414302299480e-14 -5.876963404121100372e-14 -5.859238848318600586e-14 -5.861480019637299681e-14 -5.865181976359399528e-14 -5.876830002241099721e-14 -5.882874636596900631e-14 -5.889015316029800608e-14 -5.894822561802000153e-14 -5.898816840693600400e-14 -5.901837448866999764e-14 -5.902793953188899898e-14 -5.902166603399399841e-14 -5.898463532609299438e-14 -5.893611679203300132e-14 -5.886156001394500140e-14 -5.877171997340399439e-14 -5.867954112688299714e-14
-5.886248275204799397e-14 -5.877043902367500467e-14 -5.859250252454100224e-14 -5.861469972662099964e-14 -5.865152397338699937e-14 -5.876782879889000140e-14 -5.882832989831499427e-14 -5.888987306163499589e-14 -5.894815494013199684e-14 -5.898830413049499811e-14 -5.901873950933000340e-14 -5.902846466906499381e-14 -5.902226440792500388e-14 -5.898518860827700449e-14 -5.893647818381200219e-14 -5.886151430046399838e-14 -5.877106573731899535e-14 -5.867815070212100462e-14
-5.886440035320500234e-14 -5.877013377984199711e-14 -5.859254876836999853e-14 -5.861480310803499526e-14 -5.865166913708899649e-14 -5.876796090163099474e-14 -5.882840752699999492e-14 -5.888986910982899580e-14 -5.894804784061099669e-14 -5.898810607890700155e-14 -5.901844940293499693e-14 -5.902811784675200563e-14 -5.902189885360000252e-14 -5.898486274935399398e-14 -5.893624647685599781e-14 -5.886146318999000157e-14 -5.877127021176499910e-14 -5.867865356342599610e-14
-5.885764717617300099e-14 -5.877104662454000432e-14 -5.859232715775599699e-14 -5.861444096827800122e-14 -5.865122302189599758e-14 -5.876763733130800025e-14 -5.882826116750099843e-14 -5.888995194931000507e-14 -5.894838024901499392e-14 -5.898861768408399530e-14 -5.901907625164599737e-14 -5.902872118570300546e-14 -5.902236326466199547e-14 -5.898485227403499550e-14 -5.893566162929999577e-14 -5.885999553194999509e-14 -5.876871284050299968e-14 -5.867493938852499395e-14
-5.887011629505000557e-14 -5.876912857528199408e-14 -5.859270440084999932e-14 -5.861514751158200530e-14 -5.865216464307299469e-14 -5.876850765440300558e-14 -5.882884956798299379e-14 -5.889013920302400265e-14 -5.894809730668300479e-14 -5.898796639645700143e-14 -5.901813453598200520e-14 -5.902772309214100012e-14 -5.902151907835199544e-14 -5.898469718081700262e-14 -5.893641421195800283e-14 -5.886220192190900149e-14 -5.877276724828600445e-14 -5.868099919282600322e-14
-5.886794357587599964e-14 -5.876974840530000262e-14 -5.859263827752400325e-14 -5.861494770956300543e-14 -5.865184287302099569e-14 -5.876807307336200516e-14 -5.882844906538199901e-14 -5.888982905974100557e-14 -5.894793463165599429e-14 -5.898796097907200373e-14 -5.901832683463000498e-14 -5.902808894291600429e-14 -5.902201243287000490e-14 -5.898532999593599485e-14 -5.893708304906000503e-14 -5.886282281896800047e-14 -5.877323555227099615e-14 -5.868122926474599402e-14
-5.887737006428199464e-14 -5.876826819310100222e-14 -5.859294548219000340e-14 -5.861551145705600021e-14 -5.865258942702900201e-14 -5.876875695131100145e-14 -5.882890419586099388e-14 -5.888995627623000575e-14 -5.894767117535200337e-14 -5.898738214159299816e-14 -5.901747995637200020e-14 -5.902715256545000357e-14 -5.902115270353800459e-14 -5.898493231758699455e-14 -5.893733389494600449e-14 -5.886414039741499785e-14 -5.877593320067699723e-14 -5.868544367339099931e-14
-5.886367693156500557e-14 -5.877031196747899372e-14 -5.859260869946600426e-14 -5.861481198944499734e-14 -5.865162454204599819e-14 -5.876783480780599657e-14 -5.882826991601099796e-14 -5.888973912748699530e-14 -5.894794730281199667e-14 -5.898804644227999850e-14 -5.901845063669900076e-14 -5.902818124559000211e-14 -5.902201528540700472e-14 -5.898505477897100372e-14 -5.893648132854300557e-14 -5.886172471454900254e-14 -5.877152817622800581e-14 -5.867887713202199643e-14
-5.886558875485899814e-14 -5.876991323872799798e-14 -5.859233792489500323e-14 -5.861468025160799877e-14 -5.865165046633899981e-14 -5.876815682907200039e-14 -5.882867613889699769e-14 -5.889018844697100568e-14 -5.894838968810500015e-14 -5.898844077376800158e-14 -5.901874716294199889e-14 -5.902835996067099935e-14 -5.902208219704899876e-14 -5.898494188856699631e-14 -5.893624762841199892e-14 -5.886138615710499807e-14 -5.877113749870200074e-14 -5.867849703447300206e-14
-5.887127129429300234e-14 -5.876915327653200284e-14 -5.859254690520100262e-14 -5.861502690099799384e-14 -5.865208896798199507e-14 -5.876852185772800126e-14 -5.882889036970999861e-14 -5.889019413869200096e-14 -5.894815126284300320e-14 -5.898800718429299874e-14 -5.901814875673200425e-14 -5.902770689734699907e-14 -5.902147622221799903e-14 -5.898461825487100616e-14 -5.893631950319899748e-14 -5.886210790957200378e-14 -5.877269956026200118e-14 -5.868098258977100036e-14
-5.886212674313000447e-14 -5.877045474962500100e-14 -5.859273266081199953e-14 -5.861488560035899462e-14 -5.865164649404100611e-14 -5.876778274341900214e-14 -5.882820897511300438e-14 -5.888968523582999478e-14 -5.894791547814099605e-14 -5.898804092770400513e-14 -5.901847664082199969e-14 -5.902822923673800223e-14 -5.902207155283499407e-14 -5.898509523883800396e-14 -5.893648024199599668e-14 -5.886163964427400043e-14 -5.877131896669600365e-14 -5.867851766089300398e-14
-5.886130682131199810e-14 -5.877046189110099948e-14 -5.859280163795499481e-14 -5.861492912291700395e-14 -5.865166182775099568e-14 -5.876775154366100504e-14 -5.882816919228399541e-14 -5.888964631546000078e-14 -5.894788774457499792e-14 -5.898802968565799858e-14 -5.901848928047900069e-14 -5.902826428957200554e-14 -5.902212317459800370e-14 -5.898516294075700320e-14 -5.893654759840900246e-14 -5.886168936073199971e-14 -5.877132992556000411e-14 -5.867847237311799905e-14
-5.886191030376000251e-14 -5.877049901206899455e-14 -5.859238156751399465e-14 -5.861462058193899504e-14 -5.865150527826300564e-14 -5.876796170668299867e-14 -5.882851833199799572e-14 -5.889009520916399899e-14 -5.894837456374300596e-14 -5.898848222325699369e-14 -5.901881802116700176e-14 -5.902840373576399581e-14 -5.902205134501700117e-14 -5.898467936738300122e-14 -5.893571250832900612e-14 -5.886043553694799973e-14 -5.876967552470300580e-14 -5.867649261597199986e-14
-5.887476287050300462e-14 -5.876834900066599967e-14 -5.859273240479100452e-14 -5.861531689825400572e-14 -5.865244807775300456e-14 -5.876883611335500153e-14 -5.882910608240800448e-14 -5.889027720892899927e-14 -5.894808608124600390e-14 -5.898783241071899963e-14 -5.901789794955799687e-14 -5.902745913400900085e-14 -5.902129844283900026e-14 -5.898469578029599496e-14 -5.893671193064699493e-14 -5.886298762642900462e-14 -5.877418206016300359e-14 -5.868310433645599680e-14
-5.888681084574299764e-14 -5.876687620198199647e-14 -5.859262903700799522e-14 -5.861554422127399571e-14 -5.865295332869900236e-14 -5.876949733214100541e-14 -5.882962554878800024e-14 -5.889054458697499631e-14 -5.894802561133600015e-14 -5.898749744831500317e-14 -5.901733113006500517e-14 -5.902683082228899803e-14 -5.902077159290399786e-14 -5.898468244186200301e-14 -5.893740309791000120e-14 -5.886483499451500117e-14 -5.877752979916700040e-14 -5.868810956551299536e-14
-5.887629324184500274e-14 -5.876848794043400222e-14 -5.859241578604899490e-14 -5.861504228016299443e-14 -5.865223506290899677e-14 -5.876878574697900131e-14 -5.882912693546399581e-14 -5.889036225301899425e-14 -5.894822381005599663e-14 -5.898800082670699629e-14 -5.901808470040800348e-14 -5.902764832360900326e-14 -5.902148163999399406e-14 -5.898486113740700509e-14 -5.893686326920999443e-14 -5.886312959386699708e-14 -5.877432880179799869e-14 -5.868327360143200310e-14
-5.886459706121000238e-14 -5.876995800958799819e-14 -5.859301954432900534e-14 -5.861520268346499846e-14 -5.865195378613499626e-14 -5.876791474150800385e-14 -5.882821380572800105e-14 -5.888955095379299709e-14 -5.894765114716899819e-14 -5.898770067589799932e-14 -5.901811471211899793e-14 -5.902792735076099634e-14 -5.902188817981999597e-14 -5.898523418181900541e-14 -5.893696860150799513e-14 -5.886263014397899954e-14 -5.877289469049700085e-14 -5.868068394391699939e-14
-5.885639607103400255e-14 -5.877122966599099581e-14 -5.859248929792299490e-14 -5.861451369711499732e-14 -5.865119480427100095e-14 -5.876742880201899869e-14 -5.882801060758299672e-14 -5.888969301787499537e-14 -5.894815456748300357e-14 -5.898845455049200176e-14 -5.901901972107800403e-14 -5.902878497908500003e-14 -5.902253859265499921e-14 -5.898520593317999909e-14 -5.893613666627000279e-14 -5.886058019415400191e-14 -5.876936024342899541e-14 -5.867559178705899623e-14
-5.887180312432300478e-14 -5.876909306351399752e-14 -5.859274569596099487e-14 -5.861519980487599977e-14 -5.865221540198300066e-14 -5.876849989293700050e-14 -5.882879614177100462e-14 -5.889003427762099961e-14 -5.894794317972799935e-14 -5.898778342418399951e-14 -5.901794468909399625e-14 -5.902756031109099561e-14 -5.902140847938500030e-14 -5.898472960808799401e-14 -5.893660410500599938e-14 -5.886262221769599522e-14 -5.877346201352300069e-14 -5.868197782619400592e-14
