-6.332469009480199976e-14 -3.314584408814000312e-14 -3.891522346370700104e-16 -3.161852002851900129e-15 -6.943143448844199874e-16 -1.809759280654299949e-15 -2.998497654465699914e-15 -2.826075698294599817e-15 -1.854031852144999908e-15 -1.919616510802400182e-15 -1.923350293547600114e-15 -1.608984784013900097e-15 -2.583638813599299886e-15 2.476712075573500030e-17 -1.966026705134799843e-14
-7.086630890059599761e-14 -2.482292418919099858e-14 -7.468041645232299874e-16 -2.831191558280899993e-15 -1.114679585211499995e-15 -1.823485989526499955e-15 -2.636634482504900002e-15 -2.471489868847599919e-15 -1.885626431796600032e-15 -1.964298055722299923e-15 -1.870650539485900174e-15 -1.771251405888200070e-15 -2.320148329014300104e-15 -8.542546232004400334e-16 -1.130112501457399934e-14
-2.683712811623499907e-14 -1.244447710962499954e-14 -1.412088248992199975e-15 -2.350815444489699921e-15 -1.556791950506000080e-15 -1.889504100246900140e-15 -2.362234126592100157e-15 -2.230934698672400036e-15 -1.933586030218700104e-15 -1.932654805240000163e-15 -1.889780694637699839e-15 -1.813999777261799834e-15 -2.300992043705700106e-15 -8.919414496135100136e-16 -1.094675926758800073e-14
-4.678435882938300016e-14 -2.299065111977100114e-14 -9.353811276718500153e-16 -2.783545487717599849e-15 -1.052590891052700019e-15 -1.854806715399799892e-15 -2.752136892284100165e-15 -2.624520730366400019e-15 -1.877033418096999904e-15 -1.956985026202300128e-15 -1.859491768177199858e-15 -1.669806100321599976e-15 -2.570803796443600065e-15 1.701355128719100111e-17 -1.939133461535299972e-14
-5.036913015807600262e-14 -2.455303686231299941e-14 -8.476558260094900307e-16 -2.782954604141699958e-15 -1.110898012842500064e-15 -1.816414662294600159e-15 -2.679253251153500132e-15 -2.530712125140300163e-15 -1.885745987454099988e-15 -1.941848935880199938e-15 -1.895841925764000058e-15 -1.705056051047999999e-15 -2.441602350808799804e-15 -5.290169243232699799e-16 -1.430523474552900053e-14
-5.572169163460699949e-14 -3.034857567895599839e-14 -4.528386910908200150e-16 -3.041380930104800132e-15 -9.110216185440499782e-16 -1.851366481713200180e-15 -2.773073831981299909e-15 -2.602724734373099884e-15 -1.882812051481100102e-15 -1.961373840077600107e-15 -1.868784352221300148e-15 -1.711041488814100096e-15 -2.440747105687899922e-15 -4.980788078919900300e-16 -1.452585033021499921e-14
-5.626272438535600274e-14 -2.842746915537100186e-14 -6.579875999520400250e-16 -2.973784640258500182e-15 -8.813771830138500412e-16 -1.831381256667100108e-15 -2.847317929416600152e-15 -2.712887645362600133e-15 -1.840246430069600140e-15 -1.962901939569300141e-15 -1.880608907548700134e-15 -1.643127704273199924e-15 -2.561992030863299865e-15 -4.886209117758600151e-17 -1.885049985374700071e-14
-2.807476220469000040e-14 -3.194574090628699949e-14 -2.380872310634699883e-16 -3.084757583894699867e-15 -9.747644284790200453e-16 -1.848485079034100056e-15 -2.648808050797400028e-15 -2.490496985293800093e-15 -1.846857586175199853e-15 -1.989040945544700074e-15 -1.853913494210300088e-15 -1.776711134516699855e-15 -2.334281425918299843e-15 -7.728958330975899996e-16 -1.215425085749900059e-14
-4.201690107793699921e-14 -2.773341709903899924e-14 -5.032578505090499795e-16 -2.922762746148899869e-15 -1.108248400951099917e-15 -1.901560960994200121e-15 -2.565256666750900056e-15 -2.450030853017299818e-15 -1.899378815054699938e-15 -1.938892873881899823e-15 -1.896562879200000055e-15 -1.783595291726899837e-15 -2.303200784808299987e-15 -9.997429111457800546e-16 -9.571231463655600030e-15
-6.974903121384500457e-14 -3.195111446559199851e-14 -3.898290765558900206e-16 -3.139091991693599887e-15 -7.607664764324400370e-16 -1.870298834335700087e-15 -2.884069259369299868e-15 -2.763509162303900190e-15 -1.817015373313499926e-15 -1.981247626729499864e-15 -1.852702790609599957e-15 -1.676765129106499968e-15 -2.521189650198700174e-15 -1.421211864617200003e-16 -1.781621986022100002e-14
-3.454454040090500034e-14 -3.171113382832400261e-14 -3.820750345930800005e-16 -3.096095152482400163e-15 -8.316421125518700251e-16 -1.866685219557400162e-15 -2.833672444383599971e-15 -2.694236399674900196e-15 -1.854840659610799953e-15 -1.959939696060500138e-15 -1.854611158069100196e-15 -1.698001632544900072e-15 -2.508228913839800112e-15 -1.088874893519299983e-16 -1.859237820302899920e-14
-6.470074681566600393e-14 -3.648676038727299819e-14 -8.916054453331600583e-17 -3.306160967635599952e-15 -6.348452865471000173e-16 -1.827409331317200072e-15 -2.959504186144899968e-15 -2.816899750573500029e-15 -1.800916346876799837e-15 -1.986554402794200056e-15 -1.847772178763599813e-15 -1.660750138945600026e-15 -2.542837295671899864e-15 -6.101209546169500420e-17 -1.869519696834999990e-14
-2.713976673759900029e-14 -2.033316792898700103e-14 -1.003236941143199935e-15 -2.623823671304100115e-15 -1.320470110750900048e-15 -1.898314463338800002e-15 -2.486865051604800075e-15 -2.386672449807299957e-15 -1.908480613724499962e-15 -1.947296125025599933e-15 -1.870512053541100090e-15 -1.780127848061100185e-15 -2.355231571113299996e-15 -7.209853864774399876e-16 -1.268813396714699995e-14
-5.839864251859299461e-14 -3.205682058993900293e-14 -3.405939623100800164e-16 -3.117271248265199850e-15 -8.361766903586200286e-16 -1.852514150332400193e-15 -2.820973631272100038e-15 -2.678043202496300087e-15 -1.870357443782899988e-15 -1.951304897873400092e-15 -1.868042774668400122e-15 -1.698339629538499972e-15 -2.466403231909699934e-15 -3.879984982908999806e-16 -1.560080242301199889e-14
-5.098705038304299939e-14 -2.582040713785300140e-14 -7.683202890057699813e-16 -2.867871274542700059e-15 -9.973390834976200444e-16 -1.845427453237800066e-15 -2.761212717132199972e-15 -2.622983001059499881e-15 -1.863738136745599821e-15 -1.952090988716600175e-15 -1.865782084991599950e-15 -1.687948516151099933e-15 -2.523810080152399909e-15 -2.081945502335400089e-16 -1.718705575201699944e-14
-6.050313479496600543e-14 -2.530961947602399959e-14 -7.344357653493199663e-16 -2.840089857159699993e-15 -1.113171841149099923e-15 -1.893980108349499896e-15 -2.603893137305799822e-15 -2.481825618191700004e-15 -1.886920377464299935e-15 -1.971548925807399980e-15 -1.848946235130099814e-15 -1.786738423248000087e-15 -2.331981899483599950e-15 -8.026296768543399768e-16 -1.142678229108900064e-14
-3.085800160773100156e-14 -2.230356810334200134e-14 -9.174985081109300659e-16 -2.738696998157100090e-15 -1.149795653368999964e-15 -1.884977994991799870e-15 -2.653591750980600130e-15 -2.501432701177400154e-15 -1.922918065621799935e-15 -1.935382292270300158e-15 -1.868813706703800137e-15 -1.730904633249000096e-15 -2.446358953206099899e-15 -3.564215299336499959e-16 -1.654232302376699977e-14
-4.885940271831000101e-14 -2.805169666716999941e-14 -5.804292768092099657e-16 -2.940023055863300027e-15 -1.004878241266799969e-15 -1.867564408578500174e-15 -2.698391063350499990e-15 -2.574622342638200135e-15 -1.863273737005699875e-15 -1.974149757960400115e-15 -1.844961267064499945e-15 -1.737064772626199993e-15 -2.434625781540300076e-15 -4.977643322939499609e-16 -1.427438349486700042e-14
-6.617690406128100345e-14 -3.332355134771700169e-14 -4.470323597647000065e-16 -3.205642370636199881e-15 -5.639715623149299640e-16 -1.843647025962099921e-15 -3.121459921600600016e-15 -2.981263338457900034e-15 -1.815460443605699827e-15 -1.950254264984700150e-15 -1.874618000346199935e-15 -1.556850176176800032e-15 -2.721309984433900044e-15 6.061642257156699974e-16 -2.553111177450799900e-14
-5.727619902062700193e-14 -3.702207334403199932e-14 -1.518354182133800115e-16 -3.305700451447799941e-15 -5.700740169412499969e-16 -1.868631864993699974e-15 -3.042304915160399932e-15 -2.927489817119499846e-15 -1.818881558465100123e-15 -1.933514758953099998e-15 -1.904324296288899880e-15 -1.596105173562800050e-15 -2.641288851453799830e-15 2.306373432819799889e-16 -2.114662973807300005e-14
