5.876579575468130497e+04 -5.047255578371240056e-14 1.414860774009436806e-14
5.888216046396405727e+04 -2.803910247424730160e-14 5.777787887673266536e-15
5.890318509375916619e+04 -5.993850075419048581e-16 3.177275563995078612e-16
5.893720806118624751e+04 -2.955675601853819914e-15 2.317945320491654879e-16
5.897696330958334875e+04 -9.593908745332385319e-16 2.441030980180539760e-16
5.899991767092468217e+04 -1.857310769076280226e-15 2.682385738486086921e-17
5.902591716913734854e+04 -2.756457548212564916e-15 1.848667728545888095e-16
5.908467772645827063e+04 -2.618442556143410039e-15 1.818504023146006905e-16
5.911161451347523689e+04 -1.866406067935434859e-15 3.541107427741864198e-17
5.913967794450091606e+04 -1.955544833504820392e-15 1.847979392124848953e-17
5.916954348355058028e+04 -1.872003570048480035e-15 2.041732527316940906e-17
5.919543198786508583e+04 -1.704658490553744709e-15 6.814695731670932834e-17
5.922528765176514571e+04 -2.467533644692649752e-15 1.160090742700412477e-16
5.925236673061866168e+04 -3.501112572384377878e-16 4.117628026776737095e-16
5.927513402374241559e+04 -1.601037853477943283e-14 3.956873293585579636e-15
