3.827698646298300083e-16 -5.733570678063800148e-16 -5.532116154563400349e-16 -5.145161236693199751e-16 -4.819065115885500234e-16 -4.672956444684999516e-16 -4.661177096496400381e-16 -4.581949811832600471e-16 -4.450269252514099873e-16 -4.400265838381599856e-16 -4.320941592814399892e-16 -4.364106319871700157e-16 -4.594002627068100256e-16 -5.049023880891600218e-16 -5.606901463182200194e-16 -6.058348570441100238e-16 -6.071675037825999917e-16 -5.159726588560399600e-16 -3.280706569136000037e-16
9.634933162086199045e-16 -6.471220970691499780e-16 -5.468811871525999625e-16 -4.850251607739699708e-16 -4.449143755075099821e-16 -4.651899922714099741e-16 -4.810113185156000002e-16 -4.783447985522300293e-16 -4.567305042849999798e-16 -4.462976589938899586e-16 -4.240558927665900031e-16 -4.176525987063599858e-16 -4.406576252962599958e-16 -5.004951022817500361e-16 -5.796305598234400230e-16 -6.431698651773200372e-16 -6.334634932266100226e-16 -4.692457664139900376e-16 -1.435476341949099997e-16
-3.438774878876999776e-16 -4.957232831673599545e-16 -5.449301555123000113e-16 -5.346763809009100217e-16 -5.166305939269399894e-16 -4.776208612743900028e-16 -4.611656652194599689e-16 -4.465805594484700171e-16 -4.373444029903999857e-16 -4.354123279642899865e-16 -4.351730398629599947e-16 -4.432357102513200042e-16 -4.616077021618200042e-16 -4.939057917613500335e-16 -5.373809481116999967e-16 -5.880053185483399551e-16 -6.443657716274600119e-16 -6.840913711085300128e-16 -6.924876803730000216e-16
1.101019850287900032e-15 -6.621485654637900453e-16 -5.467131179352699729e-16 -4.810696889147300351e-16 -4.400578530444899778e-16 -4.655056863287300269e-16 -4.829992058392599509e-16 -4.800231500925800088e-16 -4.567196993007199787e-16 -4.456000249817499775e-16 -4.222720131717199804e-16 -4.163285456330100129e-16 -4.416155914350099904e-16 -5.047096560549500330e-16 -5.849168525499999975e-16 -6.431072223244299522e-16 -6.138483513892199539e-16 -4.122832453981299868e-16 -3.698955471629000072e-17
-2.945916873749800047e-16 -4.972001488493499767e-16 -5.540231050688899515e-16 -5.395230286638499655e-16 -5.155822193310699957e-16 -4.697614226928699885e-16 -4.540279474250000144e-16 -4.428899913342599943e-16 -4.383456020342499803e-16 -4.382345626115899863e-16 -4.418820402499299897e-16 -4.523908991456400493e-16 -4.706104357986199919e-16 -4.991852528945899986e-16 -5.352586651458299986e-16 -5.753643953480200328e-16 -6.175588048098899836e-16 -6.434374552575499942e-16 -6.416739603028799979e-16
-1.436880321858299980e-18 -5.242800129566400327e-16 -5.560768452643600409e-16 -5.288350379223899873e-16 -4.984660465462300042e-16 -4.664749639650899847e-16 -4.596714342459500186e-16 -4.527179015584099745e-16 -4.453987877074700444e-16 -4.428914728845300170e-16 -4.393501675355299987e-16 -4.431290487319600211e-16 -4.589985466864399870e-16 -4.922496777906400436e-16 -5.393408247440299727e-16 -5.916949488564899634e-16 -6.380931175075599615e-16 -6.437384274053400156e-16 -5.918936992802799567e-16
-1.153702719444600059e-16 -5.165591983387399914e-16 -5.497508029337099697e-16 -5.310552629508000471e-16 -5.074078701815500111e-16 -4.706537876403699827e-16 -4.571771768721599836e-16 -4.450322327427400420e-16 -4.375655423284199847e-16 -4.363869430534600143e-16 -4.387026388367900108e-16 -4.509877616863799718e-16 -4.746963856885000118e-16 -5.116042859646499674e-16 -5.539348063932600321e-16 -5.917068413416500389e-16 -6.117575414758699617e-16 -5.884743832867099528e-16 -5.172324208280200429e-16
1.067446110724600055e-16 -5.325278061109199747e-16 -5.567577732679400236e-16 -5.282141386529099606e-16 -4.982311122939599929e-16 -4.682344174166699713e-16 -4.606590504740699532e-16 -4.516372219221900397e-16 -4.424373878886600079e-16 -4.395474648800300100e-16 -4.362881231266900144e-16 -4.424002480084600056e-16 -4.620516813609799864e-16 -4.988521301476199569e-16 -5.453750436097299841e-16 -5.888814767285099561e-16 -6.106002428606500064e-16 -5.748442298982400162e-16 -4.729267546063700122e-16
4.545211043113900395e-16 -5.844908957187799759e-16 -5.442236151946200081e-16 -5.052282874154899626e-16 -4.761309906283800000e-16 -4.722111110478400284e-16 -4.732709676989499514e-16 -4.642478752586200490e-16 -4.476065131349899636e-16 -4.410742101570200196e-16 -4.298338714933999935e-16 -4.323742661692500126e-16 -4.561105699954900093e-16 -5.048492248048699804e-16 -5.643289925280100106e-16 -6.102731888721899910e-16 -6.040021613777199910e-16 -4.921358935241799827e-16 -2.727459238964399859e-16
-1.166323964318700046e-16 -5.177971694222900119e-16 -5.454972885473700169e-16 -5.287055930778800278e-16 -5.081678279314300295e-16 -4.754955450835999773e-16 -4.616870187600600063e-16 -4.475893775508099939e-16 -4.374605211184799933e-16 -4.352601376560199942e-16 -4.354073837468400073e-16 -4.462342212248900492e-16 -4.695431535493899676e-16 -5.070353293865799892e-16 -5.503692529934799698e-16 -5.886515192378699746e-16 -6.074946161111099875e-16 -5.803562704333799753e-16 -5.033772417015799846e-16
7.729509147446699580e-17 -5.329114166027199816e-16 -5.533157745055000344e-16 -5.256660069498399731e-16 -4.969154883843299569e-16 -4.687003009391299825e-16 -4.614939457118399881e-16 -4.525361063888399771e-16 -4.431522450822999873e-16 -4.401562646587999774e-16 -4.366294936892799952e-16 -4.425854508527999947e-16 -4.624450921440700485e-16 -5.002165999223300291e-16 -5.488361550361099721e-16 -5.958841228053600482e-16 -6.235316598556799622e-16 -5.952815844656800464e-16 -5.008634026188600356e-16
-4.307674058094600064e-16 -4.797098409673899773e-16 -5.458044833422799977e-16 -5.382989616316799757e-16 -5.203301927579299860e-16 -4.762485367993299624e-16 -4.586863852843699840e-16 -4.452237959771899800e-16 -4.385764487332200092e-16 -4.376832495191999782e-16 -4.393272340399399948e-16 -4.474485929793700255e-16 -4.632445106604399569e-16 -4.902667663660999800e-16 -5.279907693522800034e-16 -5.757756825321699927e-16 -6.376627874708099603e-16 -6.967253077749200371e-16 -7.366026055197100472e-16
-4.861094027281600048e-16 -4.748905635216099854e-16 -5.499845883979299750e-16 -5.443523301280700246e-16 -5.258541995852499583e-16 -4.746608027187500042e-16 -4.543654987104599715e-16 -4.406197245533899968e-16 -4.365128424025300211e-16 -4.371069968723499849e-16 -4.428517925922600048e-16 -4.548179356935699985e-16 -4.723861057885200005e-16 -4.976209914690799925e-16 -5.294192011772500424e-16 -5.681944472813799768e-16 -6.193540934180100068e-16 -6.723297268584600235e-16 -7.150995423786800041e-16
-1.430494363011900028e-16 -5.151841353467700075e-16 -5.414882969321299576e-16 -5.262551534690800062e-16 -5.078070464932999887e-16 -4.781870033411799682e-16 -4.648269007788899675e-16 -4.502714993998800262e-16 -4.388317840317299850e-16 -4.359562334292500195e-16 -4.342033408334400022e-16 -4.429157388491499894e-16 -4.644841981212599509e-16 -5.012117312775499783e-16 -5.456675112579899820e-16 -5.875584684224100335e-16 -6.138635612381499577e-16 -5.971678902530000024e-16 -5.312636667407600417e-16
3.183136555896499812e-16 -5.606638016703200086e-16 -5.491470096882499654e-16 -5.137309734537499824e-16 -4.836088151807799993e-16 -4.696192552515699740e-16 -4.680982244389800489e-16 -4.599963713184099613e-16 -4.467555312903599994e-16 -4.416792952755599996e-16 -4.332867003513199818e-16 -4.365707656500899897e-16 -4.581106606949000206e-16 -5.023192130311000024e-16 -5.584861793888999528e-16 -6.074791376044599947e-16 -6.196119160491499734e-16 -5.470382644124899513e-16 -3.824513371446100153e-16
-3.398397282681900042e-16 -4.903935058958999890e-16 -5.524185962871900265e-16 -5.393692198923300204e-16 -5.163843048508000108e-16 -4.711079968456900141e-16 -4.557076595452400201e-16 -4.449192224060700182e-16 -4.402560682126800130e-16 -4.398933465923900125e-16 -4.423544926295399922e-16 -4.507901517607399535e-16 -4.665426887397000336e-16 -4.931154171309799904e-16 -5.295138337299599745e-16 -5.740701520848499679e-16 -6.281768257070999722e-16 -6.734558050573199821e-16 -6.946454333585499533e-16
-4.958469030097500116e-16 -4.676094408987599991e-16 -5.502269195785200310e-16 -5.466327259420400149e-16 -5.296187072055199512e-16 -4.774134136369999922e-16 -4.554745892344299621e-16 -4.399085050751199760e-16 -4.345329708645699968e-16 -4.348233692886099866e-16 -4.402501123824800228e-16 -4.524479526577800299e-16 -4.706509570929099972e-16 -4.967543722523799515e-16 -5.293508382035799731e-16 -5.687321518971700296e-16 -6.204144205435300454e-16 -6.740521550817300170e-16 -7.179556153967500347e-16
-4.704200106853099525e-16 -4.771781555167699918e-16 -5.468385630273300364e-16 -5.436617191434899618e-16 -5.280473666327899743e-16 -4.764893865212700270e-16 -4.531632264310100142e-16 -4.359917534505799946e-16 -4.303862084470599791e-16 -4.311375065973899826e-16 -4.390782527813899849e-16 -4.557552431786300213e-16 -4.791570564886699827e-16 -5.093271218914400197e-16 -5.413030310206500184e-16 -5.724349828822800277e-16 -6.031365481487600026e-16 -6.245977966844599519e-16 -6.330431835919099538e-16
6.204351043983699786e-16 -6.052214202863399840e-16 -5.437589989945099692e-16 -4.993006091019500332e-16 -4.691577207495200485e-16 -4.745733589911699890e-16 -4.788192278581800255e-16 -4.690571520012200065e-16 -4.481372535747800126e-16 -4.395459270514000042e-16 -4.236264235500999801e-16 -4.235986616287599919e-16 -4.489636802291300047e-16 -5.044845082250400289e-16 -5.736067425711799659e-16 -6.272541029798000305e-16 -6.189194340727399671e-16 -4.847015681348999884e-16 -2.221893914458099974e-16
8.814102247919499836e-16 -6.339182046202500339e-16 -5.446885140069499959e-16 -4.859883237009499508e-16 -4.471909508332099767e-16 -4.648204706490500436e-16 -4.798753902030799748e-16 -4.780917701899399775e-16 -4.586276592815299885e-16 -4.491099036178800298e-16 -4.287125160661299920e-16 -4.228604064414700096e-16 -4.443057876468400331e-16 -5.002052928216500039e-16 -5.744938707547199778e-16 -6.348260460105900092e-16 -6.276811040979399941e-16 -4.766682469677699764e-16 -1.743374837530899912e-16
