5.877471204151550774e+04 8.340306060008544351e-17 4.945699547172840610e-16
5.888155252966453554e+04 -5.394443365115114858e-16 5.844162550572023477e-17
5.898219124091385311e+04 -5.487868625546995780e-16 4.268663662612904621e-18
5.900505010875801963e+04 -5.220052363177714800e-16 2.014295197599364392e-17
5.903399326554761501e+04 -4.956205096826770150e-16 2.727704875424187557e-17
5.909085363662275631e+04 -4.715131978941804430e-16 4.414286006364255124e-18
5.911777920596416516e+04 -4.644149271448315365e-16 9.491991088525254138e-18
5.914669323282807454e+04 -4.541936995202104734e-16 1.307569770415340525e-17
5.917365890904911794e+04 -4.430202448980279973e-16 7.497036035005548983e-18
5.918366100564319640e+04 -4.393911739961785529e-16 4.210070776021899369e-18
5.920758272813580697e+04 -4.347689844493885459e-16 6.129713261075023841e-18
5.923254838931154518e+04 -4.405467415618399943e-16 1.193383500325009794e-17
5.925746051023698965e+04 -4.612791346142879703e-16 1.050538238513109746e-17
5.928435719174627593e+04 -5.006655426781904871e-16 5.553504536843105965e-18
5.931108557963289786e+04 -5.504947112355159588e-16 1.734659586007074199e-17
5.933800739753801463e+04 -5.969449463989700610e-16 2.345987812383714849e-17
5.936892767244220886e+04 -6.200351977385279610e-16 1.151872905254000973e-17
5.939984291289046814e+04 -5.823299023636410103e-16 8.192044756598349510e-17
5.942878425485609478e+04 -4.754698594381050650e-16 2.098316660422672320e-16
