5.877469993882599374e+04
5.883357564195313171e+04
5.890324152767633495e+04
5.893726491562508454e+04
5.898204265758325346e+04
5.900490534351022507e+04
5.902598631923009088e+04
5.908475988161451096e+04
5.911168024003581377e+04
5.913974820068760164e+04
5.916961973165433301e+04
5.919550426309829345e+04
5.922535384207897732e+04
5.925243679219482146e+04
5.927519938747990818e+04
5.931106313027365832e+04
5.933798786391528847e+04
5.936890178671454487e+04
5.939982103234958777e+04
5.942876913887281989e+04
