1.908047807269999944e-14 -1.168174352694200016e-14 -6.431380805174800381e-15 -7.565661898432900606e-15 -7.541690377280000119e-15 -7.466147488895200008e-15 -7.525693503765999461e-15 -7.509585096422900670e-15 -7.578935673332299963e-15 -7.550299315383899717e-15 -7.519629432634400579e-15 -7.554905405286199889e-15 -7.516399567300300750e-15 -7.484042337016100096e-15 -7.519535527079500382e-15 -7.521816032740499968e-15 -7.586791614087499419e-15 -7.616804241073500322e-15 -7.340561822682999534e-15 -8.276177488718600350e-15
2.046071955189300129e-14 -1.152905538529900005e-14 -6.700491166384300147e-15 -7.545904281407599840e-15 -7.563663383800600601e-15 -7.547877160045099583e-15 -7.522117396313999811e-15 -7.523303804337000176e-15 -7.590006637309100258e-15 -7.553585238851300005e-15 -7.550984405496599259e-15 -7.536723506700199649e-15 -7.487738296577899281e-15 -7.532609905289100127e-15 -7.526879226209399387e-15 -7.457898073010099460e-15 -7.713843169678200121e-15 -7.562492973361300626e-15 -7.182906695884999781e-15 -9.944746863807300194e-15
1.734136178389700078e-14 -1.136939098273299969e-14 -6.463981464977499619e-15 -7.565605701767700294e-15 -7.546939571092299801e-15 -7.429039442967600673e-15 -7.510031346076399949e-15 -7.500850763780099437e-15 -7.536832429468700007e-15 -7.571030311354900383e-15 -7.544899863490799452e-15 -7.525719371763299423e-15 -7.512461723254700749e-15 -7.511978836441400782e-15 -7.512380029176500214e-15 -7.523628876394999288e-15 -7.619589773210300683e-15 -7.558042678404000632e-15 -7.380425332349000540e-15 -8.327162208375100168e-15
1.486486323750799878e-14 -1.074233474246699948e-14 -6.721468041050599725e-15 -7.556519820466000650e-15 -7.558237457760299241e-15 -7.485905630769600265e-15 -7.519141202707000575e-15 -7.503202365606999764e-15 -7.565699516804099590e-15 -7.567350098264700239e-15 -7.526629602282600450e-15 -7.538573977876700230e-15 -7.527118109097899957e-15 -7.481313583550800416e-15 -7.488000637303900693e-15 -7.569289452643800743e-15 -7.599753246658499483e-15 -7.573895973674099357e-15 -7.460098620213300224e-15 -6.686304289882899731e-15
3.027825037897000012e-15 -8.797909397194299757e-15 -7.172562451976399778e-15 -7.492219763506000129e-15 -7.575293290589199694e-15 -7.494905189992999865e-15 -7.516252281492299408e-15 -7.477940482530399243e-15 -7.518999223926499390e-15 -7.605980926271399647e-15 -7.552545372470899387e-15 -7.500532290532500047e-15 -7.535224550940899812e-15 -7.507293195662900303e-15 -7.474349699814099912e-15 -7.580895062582499355e-15 -7.549676590859899274e-15 -7.575632606769900085e-15 -7.686325332723200359e-15 -4.771897864435800059e-15
3.416546349486500201e-14 -1.427743840459400152e-14 -5.627196153608299787e-15 -7.624952597639300318e-15 -7.508211467919299995e-15 -7.366907902642599639e-15 -7.546716368177800287e-15 -7.453069260249999853e-15 -7.554502053808999513e-15 -7.594054268547299658e-15 -7.527803039504099961e-15 -7.530965328319000749e-15 -7.515869944634899791e-15 -7.502021281461800415e-15 -7.512832146447199895e-15 -7.492726699937199943e-15 -7.659281743201100297e-15 -7.598977983085499903e-15 -7.180035488462400284e-15 -9.995697380654699307e-15
4.320105464713700223e-14 -1.559302292819300027e-14 -5.469240876112299736e-15 -7.686697964149999633e-15 -7.472170056435900476e-15 -7.424937401148200443e-15 -7.583792773433399956e-15 -7.465337985941399294e-15 -7.626797987733099688e-15 -7.561102987100300343e-15 -7.491182667495500624e-15 -7.569542870541600155e-15 -7.509336217474099479e-15 -7.479049429704999962e-15 -7.545833740343800478e-15 -7.468744883169500196e-15 -7.632446367386099398e-15 -7.645496319384700288e-15 -7.077630877172700065e-15 -1.088952649201999974e-14
1.122062346760400052e-14 -1.021803251147499994e-14 -6.811154269081100374e-15 -7.517439668893300128e-15 -7.571372332409200314e-15 -7.485345643099499218e-15 -7.511165189736199600e-15 -7.506106042545300661e-15 -7.560945268275600537e-15 -7.570534723084499302e-15 -7.519020056997900330e-15 -7.526521617951899739e-15 -7.542196702100000553e-15 -7.498120989774100477e-15 -7.483020660549899691e-15 -7.554489934195999500e-15 -7.581867831854899799e-15 -7.598203539206499452e-15 -7.513338498191300703e-15 -6.287301377394000342e-15
1.728551425425300112e-14 -1.122056176187699979e-14 -6.505756016304899945e-15 -7.532480778818199920e-15 -7.557368294649699497e-15 -7.452833105555999706e-15 -7.525916553992199877e-15 -7.479289521559999442e-15 -7.556754106945100277e-15 -7.590329987114699847e-15 -7.515955176380799290e-15 -7.521064969518400294e-15 -7.548072627173200487e-15 -7.489742382516499877e-15 -7.469115523221499863e-15 -7.569277319590900180e-15 -7.596750569561899915e-15 -7.566208729753699253e-15 -7.515680813446099947e-15 -6.653422971864700145e-15
3.705916648919099996e-14 -1.420418808361700034e-14 -5.916105056543799911e-15 -7.639198900935000707e-15 -7.501249214982699792e-15 -7.440337311196299886e-15 -7.551969852216899862e-15 -7.494356945714799803e-15 -7.579805979589200224e-15 -7.547828510940799946e-15 -7.528424024670599525e-15 -7.563143661317699253e-15 -7.494238823818099687e-15 -7.481949488693899680e-15 -7.537820765841500551e-15 -7.508464754671100683e-15 -7.618533130135500069e-15 -7.585846141429200503e-15 -7.291702680730899399e-15 -9.185212802234900042e-15
-6.560214966852000121e-15 -7.545969720952500513e-15 -7.374397938243200115e-15 -7.446245028719399457e-15 -7.609473900243799298e-15 -7.485612028370200154e-15 -7.481226734870100720e-15 -7.505067848519799428e-15 -7.511641603912799420e-15 -7.597535959633399704e-15 -7.548377853411200405e-15 -7.493956573120900015e-15 -7.548981674789200140e-15 -7.509257164858200463e-15 -7.444723961133000770e-15 -7.597933932419999711e-15 -7.606055436019200023e-15 -7.525695084105600640e-15 -7.637151992470300074e-15 -5.438942741464299668e-15
-8.679576106873699693e-15 -6.734197999966699831e-15 -7.742198343753299770e-15 -7.415109678418900252e-15 -7.620416059057700129e-15 -7.531864863084099822e-15 -7.482129779740699841e-15 -7.509650872806499579e-15 -7.495603151168999548e-15 -7.606424550902499693e-15 -7.567547858573399548e-15 -7.475001157247100234e-15 -7.549847319587099840e-15 -7.532895143426699636e-15 -7.429653355556599477e-15 -7.592664726699900330e-15 -7.616246228096499684e-15 -7.513569341077600221e-15 -7.764769544712400479e-15 -3.969729114661099912e-15
-1.924867810485300107e-14 -5.318036954904000052e-15 -8.062394713180299429e-15 -7.412199249246300362e-15 -7.611617270227599897e-15 -7.551490092209599345e-15 -7.482926188926600306e-15 -7.524672548887700197e-15 -7.501829373359200060e-15 -7.585246380316599667e-15 -7.567227142560800491e-15 -7.504945128955799701e-15 -7.542465511205500641e-15 -7.495447092984300718e-15 -7.440978071241900590e-15 -7.623419767573100560e-15 -7.550794487008199809e-15 -7.549041810049400604e-15 -7.791743021289400371e-15 -3.488657170920100035e-15
1.540518143321599987e-15 -8.225039205304999836e-15 -7.389471661278700381e-15 -7.449060565460900161e-15 -7.610841437531299408e-15 -7.496078464228700321e-15 -7.476179536649300698e-15 -7.516335170888400418e-15 -7.480933690549399796e-15 -7.587529050163700302e-15 -7.584468328252599993e-15 -7.487807364829799478e-15 -7.518430779590200204e-15 -7.535427269246200763e-15 -7.475696370958399966e-15 -7.570126518855399552e-15 -7.593593946745600561e-15 -7.553390332323700431e-15 -7.704353539328900253e-15 -4.154995106978000053e-15
4.133990565454800248e-15 -8.720898567302799793e-15 -7.211370338146700095e-15 -7.473332691436799503e-15 -7.614139754300400632e-15 -7.470386654942699609e-15 -7.463081829712999229e-15 -7.522033049478300171e-15 -7.498497919366000622e-15 -7.586397465543700328e-15 -7.567544998669600073e-15 -7.495477840209099872e-15 -7.531154234138199577e-15 -7.516366369293499488e-15 -7.456864740971499736e-15 -7.593739320107300403e-15 -7.600691506283000005e-15 -7.510246907819800537e-15 -7.725238962158600592e-15 -4.607466617342200328e-15
1.438950783998500158e-14 -1.086247237649899935e-14 -6.542564320442500056e-15 -7.552516914260899324e-15 -7.542420283025699615e-15 -7.418241037045699570e-15 -7.520776216325900643e-15 -7.467287614318500237e-15 -7.528891554567400186e-15 -7.608259052284200071e-15 -7.540526221707699435e-15 -7.508367749447599932e-15 -7.530861767860200536e-15 -7.494932163838100276e-15 -7.478225585971299229e-15 -7.570334488380100235e-15 -7.595589220160199678e-15 -7.572943200762500097e-15 -7.488797113623700661e-15 -6.508664075604200001e-15
2.958250444598399805e-15 -8.724673517270499446e-15 -7.269751388695600342e-15 -7.445795275727499834e-15 -7.598857538315899738e-15 -7.549282437091900392e-15 -7.510821358513899442e-15 -7.512990628283899874e-15 -7.554961987547200741e-15 -7.576876407120799716e-15 -7.532842115499799355e-15 -7.513990950454300532e-15 -7.543148777327200152e-15 -7.512186645005399862e-15 -7.469829624751999688e-15 -7.558930988103399868e-15 -7.593826277241400409e-15 -7.568070877800199608e-15 -7.585043696279200291e-15 -5.616049421769499736e-15
2.556637623504400128e-14 -1.267829022401899972e-14 -6.248295298537500242e-15 -7.594275954628799879e-15 -7.533533714429200057e-15 -7.493481958044100715e-15 -7.548547449771600734e-15 -7.488800197113699637e-15 -7.603731946064299428e-15 -7.565111456784999857e-15 -7.523423100182799305e-15 -7.555344373270000642e-15 -7.499515356378099848e-15 -7.482542357335300308e-15 -7.525630944855899373e-15 -7.509366624255000352e-15 -7.643345122295499972e-15 -7.578388543774999924e-15 -7.222249042691199313e-15 -9.794393740667899639e-15
2.306411408134199995e-14 -1.219718342471800047e-14 -6.360931270193900009e-15 -7.585647011614599735e-15 -7.526183303615600142e-15 -7.471968490503300439e-15 -7.544162876120300201e-15 -7.482136396503000502e-15 -7.578084420249400212e-15 -7.586745117072699451e-15 -7.530427097275600335e-15 -7.517812423900399818e-15 -7.506340411201299807e-15 -7.521652174629600480e-15 -7.519402201883300758e-15 -7.483334594032400588e-15 -7.660206160166200160e-15 -7.607058532461799477e-15 -7.237302593947700384e-15 -9.036421421765200085e-15
3.482051631854699899e-15 -9.397328732967400708e-15 -6.916873427469799736e-15 -7.503664180017799238e-15 -7.571393923712399376e-15 -7.485103754015099468e-15 -7.517838817344399274e-15 -7.492013281570000671e-15 -7.547308419761899940e-15 -7.588621507786900787e-15 -7.530647178288800480e-15 -7.509094307938299323e-15 -7.542074280155199628e-15 -7.519400760429900530e-15 -7.468827246723800728e-15 -7.525406450046999536e-15 -7.659849431241800500e-15 -7.562428456233300785e-15 -7.363868860293399946e-15 -8.225228561603999563e-15
