5.877469993882599374e+04 1.291767048999833850e-14 1.537821897640493547e-14
5.883357564195313171e+04 -1.050188842241481075e-14 2.558516285291982159e-15
5.890324152767633495e+04 -6.746879250057775216e-15 6.514353037447437689e-16
5.893726491562508454e+04 -7.530226396277394525e-15 7.414639364328347887e-17
5.898204265758325346e+04 -7.561753631568939812e-15 4.046583107502522760e-17
5.900490534351022507e+04 -7.477387302792424325e-15 4.623198122398190260e-17
5.902598631923009088e+04 -7.517024362794397785e-15 2.902809123794272219e-17
5.908475988161451096e+04 -7.496701493852934164e-15 2.005489893076176308e-17
5.911168024003581377e+04 -7.548538147186965917e-15 3.812786774019648376e-17
5.913974820068760164e+04 -7.580042165726164223e-15 1.811349630769889731e-17
5.916961973165433301e+04 -7.538505276792325466e-15 2.161860231441106062e-17
5.919550426309829345e+04 -7.521474543459038608e-15 2.530110475817344227e-17
5.922535384207897732e+04 -7.525073833730209967e-15 1.879237074042181448e-17
5.925243679219482146e+04 -7.504411428557939129e-15 1.787165817670445672e-17
5.927519938747990818e+04 -7.488980003001750306e-15 3.308849457509931897e-17
5.931106313027365832e+04 -7.543624424970509313e-15 4.555534771958487536e-17
5.933798786391528847e+04 -7.613936592594572833e-15 3.829016661881028702e-17
5.936890178671454487e+04 -7.571121713627565374e-15 3.237156133980785014e-17
5.939982103234958777e+04 -7.457461226432584884e-15 2.125482670893432346e-16
5.942876913887281989e+04 -7.092899885608224146e-15 2.234260398165635773e-15
