-2.051952751486799952e-14 4.657400210950900301e-15 -1.088769324959000003e-15 -5.703673925352100306e-16 -4.041757556056899841e-16 -5.448216783444000061e-16 -4.246433272733499831e-16 -4.086949381260500124e-16 -4.539678278277199919e-16 -4.557360776875400467e-16 -4.303296387276700095e-16 -4.441432643398799706e-16 -5.235115058535700077e-16 -5.104390217763500310e-16 -3.529625836960200218e-16 -4.806281926664199822e-16 -1.224415488222300085e-15 -3.994888444146800192e-16 5.380817981398399632e-15
-1.959455727314100109e-14 3.529410228422700085e-15 -9.490191101101300599e-16 -6.051551351476300376e-16 -4.675637941553000252e-16 -5.021398380840699916e-16 -4.425388404477500053e-16 -4.358376816098400078e-16 -4.389833950308000051e-16 -4.323321902366999988e-16 -4.230971087615299812e-16 -4.704347179994000049e-16 -5.339142584019400285e-16 -4.721007183777300193e-16 -3.398673856278799990e-16 -5.414393770203799572e-16 -1.194784058362400017e-15 -3.305751625914899902e-16 4.266879221713000182e-15
-3.359307646091100124e-15 1.013228091384600030e-15 -8.272164846824499604e-16 -5.920915261902899784e-16 -4.289694014439200125e-16 -5.594729491930400212e-16 -4.827872573816400025e-16 -3.806321432174600132e-16 -3.928867354167100110e-16 -4.212653028244799845e-16 -4.922322478209800111e-16 -5.097050137710199520e-16 -4.642359675682000450e-16 -4.256006094848899927e-16 -4.902381341979800026e-16 -6.716783036617800187e-16 -8.119837579950900373e-16 -2.752543024003199800e-16 1.491774485064999931e-15
7.807012621204000678e-15 -2.527823078734799993e-15 -3.724512962923800048e-16 -5.555124507411299698e-16 -5.515245937498299982e-16 -4.646556809272399564e-16 -4.911285245362799740e-16 -4.319833997263199928e-16 -3.889320537814699947e-16 -4.016486923167499955e-16 -4.802733587364199558e-16 -5.262654726757700396e-16 -4.515210476478600425e-16 -3.745483456062899885e-16 -5.278245730618899747e-16 -8.025305853687299953e-16 -6.792241539912999906e-16 -1.202940334469800046e-16 -5.934827138537500360e-16
-1.418393403616099990e-14 1.658613598020200015e-15 -7.447808931838499919e-16 -5.205507790040099632e-16 -4.380256702445199911e-16 -5.312774107318500260e-16 -4.698777021705900019e-16 -4.031406381400899849e-16 -4.029314076246499970e-16 -4.180804318635900170e-16 -4.683810860734599621e-16 -5.029330338833199737e-16 -4.826444976449500045e-16 -4.259340959840800207e-16 -4.550962393669599554e-16 -6.612735405972599513e-16 -8.583240818499100490e-16 -3.311927163614700076e-16 9.238722116339099655e-16
-6.503425165096499908e-15 1.411470040236199973e-15 -7.725079734629699758e-16 -5.917430210911099789e-16 -4.946074083720100375e-16 -4.875972719942400465e-16 -4.537820226015399871e-16 -4.337291493965199822e-16 -4.196942380895400103e-16 -4.166054355475600026e-16 -4.336336931539499956e-16 -4.965941076126899629e-16 -5.362606699112700481e-16 -4.463439483743799851e-16 -3.308118062293799801e-16 -5.450768309906099647e-16 -1.145912526569199999e-15 -4.052108434515999789e-16 3.647547718938000240e-15
4.360368028361299736e-17 9.632004896540999379e-16 -8.329670868477200423e-16 -6.193894331784899919e-16 -4.556895973612099706e-16 -5.112235160162400135e-16 -4.748497978226200026e-16 -4.272057146133199838e-16 -4.190230002403000038e-16 -4.241967521227699822e-16 -4.495649271234000250e-16 -4.878069501129799581e-16 -5.047673047814599978e-16 -4.504855281668099889e-16 -3.927186372640599846e-16 -5.703818158743500374e-16 -1.045838863879999995e-15 -4.271666103361000225e-16 3.277656689999000020e-15
1.596979146719999979e-14 -4.015991025280999963e-15 -2.978054049347100164e-16 -5.750588446192799807e-16 -5.425486408985000073e-16 -4.559517059594599963e-16 -5.214644192847300452e-16 -4.433709349320100246e-16 -3.797031996761799967e-16 -3.947155157221800227e-16 -4.885114881995100349e-16 -5.265997198688299529e-16 -4.212503352515500234e-16 -3.637325535385600137e-16 -5.993351397405399798e-16 -8.541069884643499543e-16 -5.033666842257500197e-16 -2.102211807829399881e-16 -2.352512410256599887e-15
1.039185449293599930e-14 -2.103604750023599994e-15 -4.375195662672699766e-16 -5.058485813494500030e-16 -4.957194629741699871e-16 -5.025009760376400271e-16 -4.841369245856700139e-16 -4.147982008395499851e-16 -3.988321135882099811e-16 -4.158918103997200203e-16 -4.781762792365600300e-16 -5.005405654793200124e-16 -4.492104527071700335e-16 -4.173094410621899903e-16 -5.249381000974500123e-16 -6.911094087366599781e-16 -6.811175685087099868e-16 -4.815604536533000465e-16 -4.784652204985400110e-16
2.592875271744399938e-15 6.967214067245400194e-16 -7.782520714285299676e-16 -5.438388464072100077e-16 -4.326636849520699857e-16 -5.448693765526199911e-16 -4.582204502261899855e-16 -3.918988954126899890e-16 -4.171929703727099944e-16 -4.356936877762300120e-16 -4.676931343860099746e-16 -4.754180345886100251e-16 -4.747066510661699566e-16 -4.621422009243900189e-16 -4.538634143551799878e-16 -5.858463887529100127e-16 -9.446191163964399137e-16 -4.636750593500999753e-16 2.782521728675600147e-15
-1.953510444022300057e-14 1.771304632978499915e-15 -7.292687241654499951e-16 -5.269550148734199687e-16 -4.479454399957399975e-16 -5.277556014683799936e-16 -4.668363232139499641e-16 -4.005064810394400244e-16 -4.125872157486599850e-16 -4.337720503544599766e-16 -4.857490462996800229e-16 -4.873319754606299953e-16 -4.289189855876099764e-16 -4.067106941245799802e-16 -5.434524992098200493e-16 -7.479358310970800455e-16 -6.729786965205900189e-16 -3.099033731167399863e-16 -1.036570405031900081e-15
1.135877677168600021e-14 -1.292453763350999914e-15 -6.338792400160100271e-16 -6.073411783816900228e-16 -4.914842077615800469e-16 -5.171886401742700009e-16 -4.864053979706099513e-16 -4.010884900242599885e-16 -3.893346038670699828e-16 -4.102594202521000172e-16 -4.812260280960899806e-16 -5.142682309688800443e-16 -4.739192979500399655e-16 -4.258492827808999957e-16 -4.793402559748000240e-16 -6.419975114730999553e-16 -7.874423332606800388e-16 -4.607845101373400344e-16 9.636858654249300254e-16
7.398763877681200599e-15 -2.936034592118200064e-15 -3.696882368429499816e-16 -5.494191707436300006e-16 -5.155573487041399893e-16 -5.105985112929899866e-16 -5.155273462132800058e-16 -3.933866287502700213e-16 -3.594848776622900222e-16 -3.950744626971099760e-16 -5.238386579047000346e-16 -5.487990781367000220e-16 -4.042148756478699895e-16 -3.457247292269100133e-16 -6.322953721938999639e-16 -8.878172195527900254e-16 -3.918420261737700072e-16 -1.535240422582900010e-16 -3.294004169032299910e-15
1.459995917973499958e-14 -4.493628470720400293e-15 -5.724016770068900110e-17 -4.541783150830700352e-16 -6.027079377506800400e-16 -4.394303983321200165e-16 -4.884597999994600146e-16 -4.493045466502600300e-16 -3.887901742411899827e-16 -3.931843617219999982e-16 -4.644588807430100042e-16 -5.215238886593899889e-16 -4.613340423726300312e-16 -3.988625665378599968e-16 -5.530207739506399869e-16 -7.579053935468100048e-16 -5.140078763206300025e-16 -3.800709655481199875e-16 -2.566754868489400054e-15
-1.861659612395900054e-14 2.467079892103099886e-15 -9.139856378179699950e-16 -6.166782520794999755e-16 -4.330825740621200241e-16 -5.488116730366299597e-16 -4.730835778167299555e-16 -3.831952524219299974e-16 -4.029405159653700138e-16 -4.316582649968200169e-16 -4.974197267018500157e-16 -4.988177374500399608e-16 -4.324939030129899756e-16 -3.971359214269500061e-16 -5.128497960003300381e-16 -7.231691530471500089e-16 -7.397512149240999633e-16 -2.944853314520300204e-16 -8.294055882449699982e-17
4.804113756460799997e-15 -1.563883595023300019e-15 -4.250022122862000081e-16 -5.202203494914799835e-16 -5.373751691373299644e-16 -4.719322306566899739e-16 -4.706028183892300255e-16 -4.323316087469200134e-16 -4.042463491399000029e-16 -4.107385931433399820e-16 -4.634770233318299943e-16 -5.156705969451700124e-16 -4.895618338162799715e-16 -4.101991593395000199e-16 -4.425891190026200045e-16 -6.571522208327200271e-16 -8.303122337966500476e-16 -4.522836802292300152e-16 3.360948635859099960e-16
4.269320728081299757e-15 -1.346935448607699928e-15 -5.149652614088600491e-16 -5.526633290690500436e-16 -5.048148538577100094e-16 -4.924272002587699519e-16 -4.848070090365400462e-16 -4.210307398597400133e-16 -3.997359802087399884e-16 -4.148637355404899903e-16 -4.783077465981000476e-16 -5.067950864953299913e-16 -4.513196280597500340e-16 -4.038411292168699863e-16 -5.217888715685199953e-16 -7.401435970797400481e-16 -7.234820892272900283e-16 -2.907295354523499789e-16 -1.052280182094599947e-16
-3.782393884325999694e-14 6.347483452169599928e-15 -1.368847951085099988e-15 -7.171838526597400408e-16 -3.638952581891399850e-16 -5.756719553531000452e-16 -4.558608565186600113e-16 -3.737295283055399855e-16 -4.239225254778699791e-16 -4.503753104548900245e-16 -4.811559048759099714e-16 -4.655292722373699881e-16 -4.507254559731500138e-16 -4.558752773830699944e-16 -4.859517055098400404e-16 -6.173244340041599703e-16 -8.403328697121600046e-16 -4.357450449975900155e-16 1.056209872195699945e-15
1.569428818342700031e-15 -1.255736150191300024e-15 -4.706903671162800059e-16 -4.762977781691199792e-16 -4.766719365330999522e-16 -5.282928127074399859e-16 -4.726533329516600337e-16 -3.861191130346200214e-16 -3.965933043582500158e-16 -4.261708489450699938e-16 -4.995604870424000186e-16 -4.944144148605799532e-16 -4.147969553715200203e-16 -4.210785154966000213e-16 -6.171358027798300376e-16 -7.636245356852700020e-16 -4.837148588917699777e-16 -2.856758441299699898e-16 -1.658329729639699929e-15
1.515661757315000067e-14 -4.156390415812500308e-15 -3.120160171033799820e-16 -5.916663009412999759e-16 -5.193311811837300478e-16 -4.518412543452899529e-16 -5.527412614428500193e-16 -4.563250512282900207e-16 -3.593083326508600038e-16 -3.721481486162100095e-16 -4.907050611428300334e-16 -5.636524238487600169e-16 -4.443991770924800113e-16 -3.218863860545700154e-16 -5.324451745769100188e-16 -8.532298946022700197e-16 -5.710530208626499966e-16 -2.323140007290799824e-16 -2.523626819360799941e-15
