5.877471204151521670e+04 -2.208713640214729207e-15 1.452954828649945805e-14
5.888155252966437547e+04 -5.882846236096799090e-17 2.926735224123590106e-15
5.898219124091439880e+04 -6.448436513855948117e-16 3.058676921359325075e-16
5.900505010875865992e+04 -5.646079775877905428e-16 5.678498478127315063e-17
5.903399326554565778e+04 -4.802176958466244190e-16 5.532517495993369027e-17
5.909085363662189047e+04 -5.084230340733239429e-16 3.709396906456056263e-17
5.911777920596433250e+04 -4.785203494941663831e-16 2.758436175113442584e-17
5.914669323282791447e+04 -4.134154568037560490e-16 2.399301468768319657e-17
5.917365890904954722e+04 -4.024545410484245745e-16 2.264714493618485501e-17
5.918366100564326916e+04 -4.177205546610004960e-16 1.964995757678426093e-17
5.920758272813339863e+04 -4.738895762477944164e-16 2.431272699643073333e-17
5.923254838931157428e+04 -5.028621792697333680e-16 2.726552206562132228e-17
5.925746051023677137e+04 -4.646853422859230828e-16 3.719322374612814026e-17
5.928435719174647238e+04 -4.167900062441740286e-16 4.322122895320399661e-17
5.931108557963124622e+04 -4.894262692202273919e-16 8.432053793239298774e-17
5.933800739753778180e+04 -6.897185611527270966e-16 1.105134045098344464e-16
5.936892767244720744e+04 -7.822251759845693808e-16 2.323884114702351298e-16
5.939984291289182147e+04 -3.370077767419860542e-16 1.031290027914512865e-16
5.942878425485665502e+04 4.717572862716251362e-16 2.382225078966011373e-15
