3.780176655860599872e-14 -3.464061581250200015e-15 -2.880263594809900034e-15 -2.832712878134099913e-15 -2.848875021984699852e-15 -2.817457575745600044e-15 -2.851266554550500067e-15 -2.876011707803900041e-15 -2.817106309133799971e-15 -2.817002047778700068e-15 -2.850756378673500078e-15 -2.890035861550500071e-15 -2.850265243785099908e-15 -2.788006166606899820e-15 -2.902536083238400177e-15 -2.926406728700899872e-15 -1.397523969478599971e-15
3.301615935929199869e-14 -3.404105389967000027e-15 -2.884329766365900149e-15 -2.835865042820700135e-15 -2.847250284421900066e-15 -2.819839604639799953e-15 -2.850173819587800089e-15 -2.872641534280299904e-15 -2.821374458668100181e-15 -2.821210392482999922e-15 -2.850508612438700085e-15 -2.884859791393300075e-15 -2.850401697135100182e-15 -2.796659310863800024e-15 -2.897492010705199944e-15 -2.914639894070599960e-15 -1.560661013141099977e-15
1.957785034559500144e-14 -3.190923825810199881e-15 -2.887061972568500006e-15 -2.845176461634199975e-15 -2.842861282808499811e-15 -2.837174373122499915e-15 -2.858422799550499858e-15 -2.863426223956499880e-15 -2.827141453942999907e-15 -2.829229468315300093e-15 -2.854758045661200160e-15 -2.874899367418899922e-15 -2.844497369178800190e-15 -2.811374299530999888e-15 -2.894048404598200060e-15 -2.888636906249199999e-15 -1.897114307662699988e-15
5.203072283252599988e-14 -3.668263401381699689e-15 -2.855793380496400180e-15 -2.818449605805099949e-15 -2.861302661096099829e-15 -2.800264885301199890e-15 -2.839150207307399963e-15 -2.884156157768300087e-15 -2.812947602616800049e-15 -2.809718922796399916e-15 -2.843628580268300154e-15 -2.895958765231400170e-15 -2.855418762959300051e-15 -2.776892056813799944e-15 -2.910254637256200033e-15 -2.950775183578300161e-15 -1.043699254168900045e-15
4.018843067756300239e-14 -3.484120931498999933e-15 -2.878599868691199984e-15 -2.833570581728800020e-15 -2.845485227128900195e-15 -2.814577983479799995e-15 -2.853458163951700059e-15 -2.879537100266500068e-15 -2.813642924736200148e-15 -2.813615580609100173e-15 -2.850902291017999973e-15 -2.894193766284000015e-15 -2.851265830829700081e-15 -2.783010306956999999e-15 -2.904755976939699931e-15 -2.933596384688000032e-15 -1.307851422899499951e-15
1.173471507012299998e-14 -3.060352758228799814e-15 -2.894925432026899921e-15 -2.858064223750100156e-15 -2.833724528955200074e-15 -2.843197490889300047e-15 -2.865061244099799887e-15 -2.861811839037700055e-15 -2.828140299264000058e-15 -2.831101423044199969e-15 -2.855407545257500012e-15 -2.870906748773300128e-15 -2.844269661684500080e-15 -2.819717173798800030e-15 -2.887171492273600137e-15 -2.873559928159599844e-15 -2.106753080216100166e-15
4.200022209356900273e-14 -3.508737348139200167e-15 -2.864097068406199895e-15 -2.831355615961899835e-15 -2.853033494128400107e-15 -2.809252983695399878e-15 -2.845265191077600033e-15 -2.878915938030399890e-15 -2.816235372630699884e-15 -2.814701165912600000e-15 -2.847614812275399921e-15 -2.892260652223199817e-15 -2.853861139391899850e-15 -2.784363867752399834e-15 -2.899231461072200131e-15 -2.938615638355899892e-15 -1.342280673747200005e-15
4.422040488324600127e-14 -3.573549356985800322e-15 -2.869316939521400070e-15 -2.825027856703200064e-15 -2.857018954124299925e-15 -2.806257243423499811e-15 -2.840875696953900105e-15 -2.880147580063499865e-15 -2.819482720003099944e-15 -2.816522087240199981e-15 -2.844298937197399943e-15 -2.887491871965999904e-15 -2.852595816754299855e-15 -2.787516796930799946e-15 -2.904288082275900054e-15 -2.934132895415000084e-15 -1.284165204819599931e-15
5.425540081718599932e-14 -3.746064277558399761e-15 -2.867142754384500134e-15 -2.813330409815099906e-15 -2.861465598847400000e-15 -2.794960292760499924e-15 -2.836721969982100070e-15 -2.889142539291300164e-15 -2.812686851821700051e-15 -2.807350144234000013e-15 -2.837509516859300111e-15 -2.895149830171599877e-15 -2.861540908539499947e-15 -2.778853759344200105e-15 -2.899657557663500014e-15 -2.956140957157599830e-15 -1.099206978988000044e-15
3.882373370287999745e-14 -3.480504153953100026e-15 -2.872899465755000135e-15 -2.833687003775400186e-15 -2.849614780234899999e-15 -2.810513938291999851e-15 -2.847267027364999828e-15 -2.880402055532300117e-15 -2.816993497213700100e-15 -2.814605572845199817e-15 -2.843804923123400174e-15 -2.888517156387400012e-15 -2.857829522295400072e-15 -2.793298236206299840e-15 -2.891284026730599881e-15 -2.925617806133599826e-15 -1.472588906152299904e-15
2.691301374971899905e-14 -3.281301887934400011e-15 -2.882146856170000115e-15 -2.845003276595500057e-15 -2.841516897474000169e-15 -2.827009579139100156e-15 -2.856312627397900083e-15 -2.869656278750499992e-15 -2.822511465749499821e-15 -2.823893165802699934e-15 -2.853849122440099995e-15 -2.881896814498799918e-15 -2.846070441179799896e-15 -2.800595443237199807e-15 -2.899806946783699938e-15 -2.904314178886799812e-15 -1.665250804863500089e-15
9.537950774232900772e-15 -2.997618872451299860e-15 -2.885081747807899921e-15 -2.862345412170100042e-15 -2.833751219632099851e-15 -2.845626921050600040e-15 -2.865004396859300001e-15 -2.857791325571999884e-15 -2.829285527466399935e-15 -2.833519666817399844e-15 -2.859716058430699844e-15 -2.872086405628199867e-15 -2.842029111078099830e-15 -2.818644580347800044e-15 -2.887997009488400172e-15 -2.872257696429999990e-15 -2.136176042319999943e-15
2.812529064190900060e-14 -3.327152406701300025e-15 -2.876945679972999981e-15 -2.837633524886600140e-15 -2.848688759618500137e-15 -2.823797188287300111e-15 -2.850180298910200142e-15 -2.870873535154500184e-15 -2.825177149529399907e-15 -2.824333738325600131e-15 -2.847492396356100028e-15 -2.877319638618099941e-15 -2.850563024501300048e-15 -2.806824778713799813e-15 -2.891889266300200026e-15 -2.901825329466400002e-15 -1.736955978438799955e-15
5.012432751285800262e-14 -3.646646771696599986e-15 -2.862768603867299897e-15 -2.821157915705699834e-15 -2.858628694198299897e-15 -2.801945884310900076e-15 -2.840716471701300011e-15 -2.883135750849199814e-15 -2.813297789836599872e-15 -2.810575521316699989e-15 -2.845129630615600046e-15 -2.896428566769500083e-15 -2.855407512439000189e-15 -2.776740170401199868e-15 -2.905866067600300056e-15 -2.950730081062899856e-15 -1.113060072117900008e-15
4.117499633819000222e-14 -3.573873928317600206e-15 -2.886786693311499952e-15 -2.821631597397400127e-15 -2.856282191060100019e-15 -2.811909503924800002e-15 -2.843804045534100094e-15 -2.878391486597100127e-15 -2.818349917295900136e-15 -2.815575530924400132e-15 -2.843089532114300169e-15 -2.887333581984899928e-15 -2.857101955307200052e-15 -2.792308249071700167e-15 -2.892471674313899998e-15 -2.932844009307800010e-15 -1.456730670085299909e-15
4.284372359573899827e-14 -3.196152538945900013e-15 -2.843810890888399960e-15 -2.883437641550600183e-15 -2.802668570921199919e-15 -2.822000643165199845e-15 -2.894642935855200065e-15 -2.887488469655800056e-15 -2.786556452459700164e-15 -2.798529269338500167e-15 -2.884571195762499968e-15 -2.931005434876000046e-15 -2.825021429880200072e-15 -2.727799034024599964e-15 -2.963912084753800155e-15 -2.972105078888699880e-15 -4.957915004921300298e-16
3.579167680928000115e-14 -3.444605609941799991e-15 -2.879454848274099932e-15 -2.835756969322700107e-15 -2.847696423304199872e-15 -2.813649669329799883e-15 -2.848723252478300091e-15 -2.878841837213700014e-15 -2.819544599919099966e-15 -2.817404490065800039e-15 -2.844347427870500191e-15 -2.884579520429399980e-15 -2.855010720456300113e-15 -2.796512779317399891e-15 -2.891366172162900194e-15 -2.920538105851400091e-15 -1.552703300958500083e-15
4.062100558480500243e-14 -3.498414716192700026e-15 -2.869850792942299851e-15 -2.831106589239500015e-15 -2.851814283665099936e-15 -2.811595837861800140e-15 -2.846980834525899935e-15 -2.878426068589900120e-15 -2.816547808584499924e-15 -2.815194744353899875e-15 -2.847655536183699815e-15 -2.891088910517800022e-15 -2.853738956137099896e-15 -2.786912056844999899e-15 -2.899269315345799938e-15 -2.934207742844299938e-15 -1.374506431945000042e-15
1.007865341985500024e-14 -3.005520837283599896e-15 -2.886288345754099859e-15 -2.863013030761299880e-15 -2.833867545807500195e-15 -2.845102664235299870e-15 -2.864806131008400115e-15 -2.858085715951700183e-15 -2.829439062616800178e-15 -2.833639251984799841e-15 -2.859733188103300157e-15 -2.871649366103599986e-15 -2.840867135269299832e-15 -2.818163216294300098e-15 -2.891379140890600114e-15 -2.873452668855299810e-15 -2.105163306028999898e-15
8.190533369054999439e-14 -4.149111121203999629e-15 -2.838368933794599835e-15 -2.790590309067499944e-15 -2.878766721983699841e-15 -2.763363649355699960e-15 -2.817906459515799855e-15 -2.904287428714399866e-15 -2.803272417812500001e-15 -2.793893906565000061e-15 -2.830945160248200159e-15 -2.912667357625500017e-15 -2.867356460588399872e-15 -2.747315904665899843e-15 -2.917237832463699820e-15 -3.011138389266099971e-15 -3.516324291603400149e-16
