5.878685759445598524e+04 3.703826892288619755e-14 1.656346837996599499e-14
5.897708734672163700e+04 -3.435054085772130477e-15 2.672290944520318444e-16
5.900003981205041055e+04 -2.873296681790455286e-15 1.437329366888008186e-17
5.903402528102395445e+04 -2.835945797341275102e-15 1.978328054169268821e-17
5.909088302806000138e+04 -2.847715657069750576e-15 1.474244204534175628e-17
5.911781228908266348e+04 -2.815974895600505167e-15 1.873529873599264933e-17
5.914672606539392291e+04 -2.850837006410635294e-15 1.474291747930692610e-17
5.917369144845379924e+04 -2.876658528653974877e-15 1.091012812071668535e-17
5.922550191082487436e+04 -2.817486684065075740e-15 9.578047127886211426e-18
5.923257746403400961e+04 -2.817080804537674525e-15 1.026569495870870153e-17
5.925749144857599458e+04 -2.849785944544884497e-15 1.049572448693111386e-17
5.928438742839657061e+04 -2.889016470422569516e-15 1.387664825818816562e-17
5.931108990643039579e+04 -2.850755634969515455e-15 8.676630118403883157e-18
5.933801181437410560e+04 -2.789575409386195119e-15 2.203567667993529335e-17
5.936893249459205254e+04 -2.901595762142839703e-15 1.615069407191889385e-17
5.939984829401688330e+04 -2.925776780168420396e-15 3.384789974203894026e-17
5.942879022663975775e+04 -1.424990767384223389e-15 4.613665964704290976e-16
