5.875554937308912486e+04
5.883345029684664041e+04
5.890314720728238171e+04
5.893717625949373178e+04
5.897704512639016320e+04
5.899999728998140199e+04
5.902591802188682050e+04
5.908469273203914054e+04
5.911161264182238665e+04
5.913968024141374917e+04
5.916955003687818680e+04
5.919534142898991558e+04
5.922528682091679366e+04
5.925236988236969046e+04
5.927513379010847711e+04
5.931104461944133800e+04
5.933796948959082511e+04
5.936888325559791701e+04
5.939980180530322104e+04
5.942874919853555912e+04
