3.257979078948899945e-15 -3.517839890558799883e-15 -2.688850172701200027e-15 -2.717387810752900055e-15 -2.879535481694200153e-15 -2.863636103410500138e-15 -2.790483361449999828e-15 -2.817185484468700163e-15 -2.876780496804999823e-15 -2.867452517359499951e-15 -2.800164453132900062e-15 -2.772367494848999974e-15 -2.814623158992999917e-15 -2.858225171581199882e-15 -2.840583402231399843e-15 -2.754541755240999834e-15 -2.793035380975100084e-15 -2.959546616382300018e-15 -2.736129912986500150e-15 -1.323014542007199920e-15
1.421769069528899956e-16 -3.174714633850799881e-15 -2.746354373826599920e-15 -2.764981812617099977e-15 -2.854275463801500129e-15 -2.844575095442499951e-15 -2.801017439164800195e-15 -2.815772138092800185e-15 -2.858394988563900197e-15 -2.861584515810400183e-15 -2.819620267769699911e-15 -2.788948331873500073e-15 -2.797421267090199948e-15 -2.826318291865200133e-15 -2.833676938992799836e-15 -2.804941318290300120e-15 -2.807510064422800067e-15 -2.860342087180999904e-15 -2.766713214572200099e-15 -2.170818650182900050e-15
-8.971655261955200423e-16 -3.054573202005499849e-15 -2.771888126090100168e-15 -2.785192767603799992e-15 -2.846216830449999894e-15 -2.837688461965699824e-15 -2.803649792450800075e-15 -2.810771615031999966e-15 -2.846786099889399896e-15 -2.856836198001300188e-15 -2.829720417720999858e-15 -2.802827202762700089e-15 -2.799535763237299874e-15 -2.816785421131399890e-15 -2.825394879081699893e-15 -2.811919183336100159e-15 -2.809186687816599861e-15 -2.835514972591500067e-15 -2.786544028149799893e-15 -2.447040868910700099e-15
2.762175332668799965e-15 -3.467063788572400081e-15 -2.702964699506899996e-15 -2.719689688714300179e-15 -2.874402552293000000e-15 -2.863224559938300011e-15 -2.794156422301699973e-15 -2.811183249577300188e-15 -2.872944659478299904e-15 -2.873501420502700027e-15 -2.811762979287500056e-15 -2.775797928109200043e-15 -2.801063412445400155e-15 -2.840908597296199861e-15 -2.835942371010100157e-15 -2.777105030766699815e-15 -2.809087676246100148e-15 -2.937639610868200015e-15 -2.725006857361299964e-15 -1.483076945698600021e-15
-5.268323008036400206e-16 -3.109605104283499876e-15 -2.762679786627800078e-15 -2.762275314385400092e-15 -2.845685978542599824e-15 -2.847057471006699936e-15 -2.812808049782800168e-15 -2.806061354138600018e-15 -2.843927352502199867e-15 -2.857762530497600102e-15 -2.830444733734900052e-15 -2.800668240568499840e-15 -2.797054276879599928e-15 -2.818889209179099985e-15 -2.831185142346700116e-15 -2.812897324936600138e-15 -2.800125853914399956e-15 -2.826485597128300088e-15 -2.804911827113100134e-15 -2.498949725313599978e-15
-3.619227762719799970e-16 -3.118207178476900056e-15 -2.768828802848700075e-15 -2.765554484294799888e-15 -2.844443205219199935e-15 -2.845335567421299896e-15 -2.812287345572299924e-15 -2.801759951781899920e-15 -2.836067953878199883e-15 -2.852357746035099971e-15 -2.835960143794400061e-15 -2.815226017447200081e-15 -2.809329202856399845e-15 -2.815488704461599827e-15 -2.814039281789900150e-15 -2.801073887659499852e-15 -2.817487928330199912e-15 -2.862411894814300128e-15 -2.769234520102300084e-15 -2.274698347537300071e-15
1.251986027765999936e-15 -3.293088344961600159e-15 -2.724053726339899850e-15 -2.753364221133200136e-15 -2.863246311029300194e-15 -2.848743936961700153e-15 -2.796332916132900195e-15 -2.820395765062900031e-15 -2.864309819551399876e-15 -2.858228200789300134e-15 -2.808973715615300155e-15 -2.785506394616500038e-15 -2.809770970848599885e-15 -2.838413400315899830e-15 -2.828933843602000127e-15 -2.779752741496799824e-15 -2.811973283865900052e-15 -2.919922153193999920e-15 -2.739627838922200154e-15 -1.733642219074000063e-15
3.988897600083500365e-15 -3.604808535398300372e-15 -2.664826649045599954e-15 -2.702152744170600161e-15 -2.895245074630400088e-15 -2.878766645175599894e-15 -2.791546194329900197e-15 -2.806899046630699824e-15 -2.876818514248299912e-15 -2.873934108902799982e-15 -2.803628971104699858e-15 -2.771064701049400017e-15 -2.813236224740399902e-15 -2.860170975397799985e-15 -2.842912505230099903e-15 -2.752699498311900015e-15 -2.794918480864199826e-15 -2.973697908048099931e-15 -2.721724604388099862e-15 -1.158587234389600004e-15
-4.906872938099499638e-16 -3.101728719849200017e-15 -2.765933912980600142e-15 -2.777154384000699970e-15 -2.847341509859000147e-15 -2.839529842199099897e-15 -2.803863966267399948e-15 -2.812817265655899898e-15 -2.847347234559500185e-15 -2.851482903227499962e-15 -2.820240849692300164e-15 -2.798396596533299964e-15 -2.809063666679499919e-15 -2.834197850905300105e-15 -2.837613665988500010e-15 -2.799819886218199860e-15 -2.789145132622400112e-15 -2.837674720019500008e-15 -2.817179255341599937e-15 -2.438596396432399909e-15
-2.070006180034799941e-16 -3.146062108743900037e-15 -2.756155265339699940e-15 -2.755553413138299855e-15 -2.851104160204799890e-15 -2.852710083458500067e-15 -2.812319208062799852e-15 -2.799310289215100035e-15 -2.843963770426299921e-15 -2.864692879484599983e-15 -2.838280918965200146e-15 -2.803692454121300025e-15 -2.792552752629100129e-15 -2.810425244060900006e-15 -2.823490373278600177e-15 -2.814953605898400019e-15 -2.813810150828000076e-15 -2.846265738900900196e-15 -2.797018537849599987e-15 -2.406143598924500005e-15
6.408858386633199705e-16 -3.223822163721799995e-15 -2.740128874053899810e-15 -2.765424386179199811e-15 -2.857721953632399834e-15 -2.843859995325499815e-15 -2.797784107558099927e-15 -2.819169206392599979e-15 -2.857577097095100093e-15 -2.852344050336600026e-15 -2.809602994961700006e-15 -2.789854461405400026e-15 -2.812934264989699998e-15 -2.840041937714800063e-15 -2.832319213204599896e-15 -2.784553888318499934e-15 -2.805500294365100168e-15 -2.897941096524499841e-15 -2.763460708249499915e-15 -1.940589313671200063e-15
2.120206614169399982e-16 -3.179604893964499901e-15 -2.747552077345499883e-15 -2.769242031755600122e-15 -2.854481568184500035e-15 -2.840643663214999935e-15 -2.795348702083399983e-15 -2.819543945541600085e-15 -2.863758078404299819e-15 -2.863087797900300119e-15 -2.815436964288699904e-15 -2.783917369162500065e-15 -2.797662104173600164e-15 -2.832249370342700048e-15 -2.840374422172599883e-15 -2.803612545156899848e-15 -2.799776714565800021e-15 -2.854351380423599841e-15 -2.768422340601900181e-15 -2.166226175015600116e-15
-1.172974047551200098e-15 -3.035198408608499837e-15 -2.784550093565100114e-15 -2.777438992021599849e-15 -2.840072250830799914e-15 -2.840736363286799959e-15 -2.810931478401299846e-15 -2.800706328799199851e-15 -2.838014396732300030e-15 -2.859098240028500140e-15 -2.840106695000899813e-15 -2.808379346150599986e-15 -2.792644640639299887e-15 -2.808227206600000020e-15 -2.827440034540199841e-15 -2.831529304617799859e-15 -2.817656368848599901e-15 -2.814625240887899841e-15 -2.797793952036799936e-15 -2.637806480813299821e-15
1.500863353114100096e-15 -3.322195071904299897e-15 -2.725523233057000063e-15 -2.739176436980899864e-15 -2.861674432805699975e-15 -2.855820196294100177e-15 -2.804403027561200046e-15 -2.810406180022300056e-15 -2.855139412713200105e-15 -2.858595861413200039e-15 -2.819175947863900085e-15 -2.795933471961900051e-15 -2.810595812243600011e-15 -2.829854151531700124e-15 -2.818927467822700018e-15 -2.782086122055699851e-15 -2.824960042464599914e-15 -2.927278715564599923e-15 -2.709555851918600196e-15 -1.643161094135600004e-15
-1.605639172519399851e-14 -1.354148018353600044e-15 -3.091672243806399803e-15 -3.037810914066599845e-15 -2.703505850006500196e-15 -2.725157227842500131e-15 -2.854632916013800126e-15 -2.805000021352100116e-15 -2.727281452540499871e-15 -2.785677625804300067e-15 -2.916245256800399961e-15 -2.925124794783000157e-15 -2.781318446834000122e-15 -2.686215399117400068e-15 -2.754438603827800126e-15 -2.973240105761799971e-15 -2.857772908114200159e-15 -2.446362751862400091e-15 -3.011866428688900181e-15 -6.377130956225999671e-15
1.661487649378999953e-15 -3.336359451349900106e-15 -2.714999520370799954e-15 -2.749999876493899955e-15 -2.874427479634499946e-15 -2.855752094655599823e-15 -2.791258950188199840e-15 -2.811810775062400167e-15 -2.866363527431100153e-15 -2.865804464230800003e-15 -2.812226121168100118e-15 -2.783393894028000048e-15 -2.809073993905900193e-15 -2.844756706267799960e-15 -2.838074055851300080e-15 -2.777849316260800187e-15 -2.798776820197099928e-15 -2.913245833656999923e-15 -2.760404158197099904e-15 -1.754901739807099903e-15
4.789810777215299983e-15 -3.697352529186500164e-15 -2.665786477384900183e-15 -2.677452413418199887e-15 -2.882742969186300072e-15 -2.874811002405999812e-15 -2.793614822213400097e-15 -2.817288122016399880e-15 -2.884896404921699891e-15 -2.873071386647299845e-15 -2.793572760951300035e-15 -2.761477260583300081e-15 -2.814072720831299940e-15 -2.868915753825500161e-15 -2.849758460869599898e-15 -2.746891220406900104e-15 -2.790836879878399828e-15 -2.987469640074900049e-15 -2.713824067285199926e-15 -9.990686634942900724e-16
3.101773330338299946e-15 -3.501350414112200074e-15 -2.687546683863599977e-15 -2.714795647180900095e-15 -2.878806105043100051e-15 -2.867463343687600161e-15 -2.797533980893999888e-15 -2.812680547078299890e-15 -2.868777805087500103e-15 -2.864306773538699843e-15 -2.806380168762300143e-15 -2.781300287896800191e-15 -2.816235185866700043e-15 -2.851058861041800116e-15 -2.833318162571600165e-15 -2.764822584727899940e-15 -2.813749739676500039e-15 -2.958771414815600112e-15 -2.671340151517600067e-15 -1.198285589429699909e-15
-2.533768992980000103e-15 -2.857554295994100104e-15 -2.813293970942600115e-15 -2.823779151315200004e-15 -2.824016958366899996e-15 -2.813218485230499894e-15 -2.802712910273900008e-15 -2.823669624861700118e-15 -2.838694859394000106e-15 -2.839949461262100167e-15 -2.825949443069500184e-15 -2.812553249039500045e-15 -2.807627926552399974e-15 -2.812379542741599933e-15 -2.816672690789699841e-15 -2.815830384542200127e-15 -2.814315483094900094e-15 -2.819251292706799859e-15 -2.813630165477200004e-15 -2.754478410213799876e-15
1.943637330247200069e-15 -3.374296608196900080e-15 -2.713953585308999970e-15 -2.733574186964000174e-15 -2.867438310320700176e-15 -2.856932592174900153e-15 -2.797883149021000190e-15 -2.816757173323299966e-15 -2.867524415624200090e-15 -2.862342086014400087e-15 -2.805415017857000036e-15 -2.777555887718099989e-15 -2.809006858229400156e-15 -2.849698937280900129e-15 -2.842770782828000181e-15 -2.773283083010999846e-15 -2.790325439856100092e-15 -2.919251249574600079e-15 -2.798998814145700066e-15 -1.809463295403700180e-15
