5.875554937308912486e+04 1.503475302992240316e-16 4.148502192748368381e-15
5.883345029684664041e+04 -3.173478668104660198e-15 4.655473795230127097e-16
5.890314720728238171e+04 -2.751877113750295021e-15 8.696761755720590877e-17
5.893717625949373178e+04 -2.764600033859360370e-15 7.041752149193657293e-17
5.897704512639016320e+04 -2.852319222286769628e-15 3.803032511744543467e-17
5.899999728998140199e+04 -2.844783136554918877e-15 3.095095627307308119e-17
5.902591802188682050e+04 -2.803228436986184799e-15 1.375232543998735374e-17
5.908469273203914054e+04 -2.811959404205290234e-15 6.768538768450263839e-18
5.911161264182238665e+04 -2.851768416992319572e-15 3.178837517925419254e-17
5.913968024141374917e+04 -2.857105538389349568e-15 1.825297570809541959e-17
5.916955003687818680e+04 -2.822145441077084991e-15 2.504097066744490460e-17
5.919534142898991558e+04 -2.796699269232985019e-15 3.273579386515302377e-17
5.922528682091679366e+04 -2.804741132533269507e-15 9.076512064761110501e-18
5.925236988236969046e+04 -2.827161036632939888e-15 3.659694321454387993e-17
5.927513379010847711e+04 -2.828393314901494534e-15 1.925327759627231991e-17
5.931104461944133800e+04 -2.798170139350749965e-15 4.627114923042935751e-17
5.933796948959082511e+04 -2.807997566547350189e-15 1.525130724565556254e-17
5.936888325559791701e+04 -2.869902495760999814e-15 1.109218038799939544e-16
5.939980180530322104e+04 -2.773669361745260170e-15 6.682507002472996937e-17
5.942874919853555912e+04 -2.160784012334054477e-15 1.093913994910642896e-15
