5.876579575468135590e+04 -6.918396968745915791e-15 3.928267623440391092e-15
5.888216046396407910e+04 -1.548957123221299657e-15 2.756090659302714469e-16
5.890318509375928988e+04 -1.809536501593009988e-15 8.252273279462013120e-17
5.893720806118614564e+04 -2.033230335618780173e-15 4.967655843209439010e-17
5.897696330958335602e+04 -1.971224225079279476e-15 1.934221281620582453e-17
5.899991767092472583e+04 -1.943342658856455452e-15 3.224270834483239262e-17
5.902591716913734854e+04 -1.971415576005685244e-15 4.496642289795980588e-18
5.908467772645825607e+04 -1.967717142899999885e-15 6.468084067480904794e-18
5.911161451347528782e+04 -1.909742442590844926e-15 2.882284333055701012e-17
5.913967794450088695e+04 -1.907813631833100017e-15 1.334913367069730867e-17
5.916954348355048569e+04 -1.964189083768064955e-15 3.286590259494977882e-17
5.919543198786508583e+04 -1.966940389930074874e-15 1.320883867361078455e-17
5.922528765176516026e+04 -1.891749245092655028e-15 6.782203033919480887e-17
5.925236673061861802e+04 -1.990420686252744627e-15 5.280199990681265621e-17
5.927513402374245925e+04 -2.507562994417120063e-15 5.673392270894830032e-16
