-6.806802618157599982e-15 -1.560964073013999957e-15 -1.813037305499100131e-15 -2.028431113533300013e-15 -1.970588413170899999e-15 -1.946076667138000082e-15 -1.974458930702099948e-15 -1.965129573564799838e-15 -1.908289496781999890e-15 -1.909263999144899880e-15 -1.966855576760099927e-15 -1.968082056869800172e-15 -1.890204039174899900e-15 -1.986534271001299942e-15 -2.499313248415100133e-15
-6.394269758592399901e-16 -1.992890195828499875e-15 -1.946480629537900184e-15 -1.955855625931700140e-15 -1.997149956055100010e-15 -1.990262930211000163e-15 -1.967783148356699811e-15 -1.963478350011300047e-15 -1.956360302664399843e-15 -1.925556448763899851e-15 -1.909673344823999922e-15 -1.947836933747999916e-15 -2.001863074810900171e-15 -1.902324063040799821e-15 -1.584874242857100056e-15
-2.082885647545999864e-15 -1.870800907991699944e-15 -1.896738219251399851e-15 -1.973204196010899839e-15 -2.000220514894500006e-15 -1.983556877233699886e-15 -1.965145009110200106e-15 -1.962402767709300174e-15 -1.946856291081199862e-15 -1.922082207555500173e-15 -1.921683249384499863e-15 -1.954512405867000184e-15 -1.980948950079800149e-15 -1.912136831471299864e-15 -1.751779673370300045e-15
-6.084085560997000115e-15 -1.599458164778499983e-15 -1.818458517790099891e-15 -2.019425167782500006e-15 -1.976566471586000052e-15 -1.951858060207999825e-15 -1.972718783008500191e-15 -1.967799621456900088e-15 -1.914671982263699918e-15 -1.907110708953900045e-15 -1.955359228281399885e-15 -1.966846090763300151e-15 -1.909689134539299939e-15 -1.969768005483400179e-15 -2.352836989186399961e-15
-6.874987053709799703e-15 -1.542043159749099959e-15 -1.804027235015099937e-15 -2.036167655042599810e-15 -1.975388592983500141e-15 -1.942867755237699927e-15 -1.966650028240699875e-15 -1.969512301652700189e-15 -1.913648361332299831e-15 -1.908453290929199929e-15 -1.960658816832499832e-15 -1.965064498806199836e-15 -1.895165824962099918e-15 -1.987863705298299907e-15 -2.481056079961500082e-15
-6.125603860247800220e-15 -1.599054239901099962e-15 -1.824144365871100146e-15 -2.026701214791099925e-15 -1.975347660412000030e-15 -1.946558423817499977e-15 -1.966933901848300196e-15 -1.969841057384499999e-15 -1.917608415139199933e-15 -1.908150723565599939e-15 -1.953926127993500030e-15 -1.965028116473599909e-15 -1.910264859125800039e-15 -1.974998343891500000e-15 -2.363986450642499824e-15
-3.375627285973299823e-16 -2.009606962692600079e-15 -1.945723982662699864e-15 -1.950950922492599805e-15 -2.006985391131700190e-15 -1.999251249460300089e-15 -1.965953149942700054e-15 -1.955788053247299897e-15 -1.960919311225400011e-15 -1.935582307746600056e-15 -1.910380625863399957e-15 -1.939686466441799908e-15 -2.002452440782899861e-15 -1.925147939517199880e-15 -1.612860513800499964e-15
-7.901729845674999820e-15 -1.492982039809300057e-15 -1.798570487873400079e-15 -2.042831594244800001e-15 -1.961442731654399958e-15 -1.935757606713400128e-15 -1.977618436927200072e-15 -1.968480226120800113e-15 -1.898802905548800158e-15 -1.902177990454200121e-15 -1.972332982925299861e-15 -1.969071018449200119e-15 -1.873717108696299805e-15 -2.015892342609400096e-15 -2.690775116834499984e-15
1.163883747929499961e-16 -2.038446845648999808e-15 -1.952940085398699889e-15 -1.943414305145199881e-15 -2.006593116084099952e-15 -2.002057050652900111e-15 -1.968696094741099928e-15 -1.957250449336799826e-15 -1.959883107772499813e-15 -1.930310245006999916e-15 -1.907306557857400190e-15 -1.947542530540000166e-15 -2.013083573223200179e-15 -1.886844086340199897e-15 -1.466945979869799925e-15
-9.818572373591900721e-15 -1.338243520063499936e-15 -1.748258137666600001e-15 -2.077243465873999876e-15 -1.957835076217299919e-15 -1.914638242309599948e-15 -1.967044162367200148e-15 -1.977300856330599937e-15 -1.891154932321899932e-15 -1.893239194134299823e-15 -1.981822752114100115e-15 -1.978514474813799895e-15 -1.853232603672699979e-15 -2.026014195135499871e-15 -2.885375394649300052e-15
-9.490095500692800669e-15 -1.359148749766100015e-15 -1.753599000897100037e-15 -2.072408715485300050e-15 -1.957818088733699846e-15 -1.915610633245299873e-15 -1.966388828905200104e-15 -1.979090942836899820e-15 -1.894605732055400177e-15 -1.894139446355099889e-15 -1.979811429467099864e-15 -1.979594405078299851e-15 -1.857514428924200086e-15 -2.007105318496700159e-15 -2.805346434910599941e-15
-2.848072600203300180e-15 -1.848899868139500103e-15 -1.904031849074300088e-15 -1.978514041836999820e-15 -1.989447386353100069e-15 -1.980751778384999942e-15 -1.975408743539000135e-15 -1.956009725351499909e-15 -1.935428936126299875e-15 -1.924455205356299867e-15 -1.934916563091000115e-15 -1.950212326575900100e-15 -1.954188671531900185e-15 -1.957005955918900052e-15 -1.997888281876800006e-15
-1.492410172528900092e-14 -9.800234087453899710e-16 -1.634585912394700034e-15 -2.133295384155500160e-15 -1.936053630615999897e-15 -1.880315749901200032e-15 -1.974806594781799948e-15 -1.977432708792099902e-15 -1.851457882644200125e-15 -1.882331214554500012e-15 -2.031873414419899889e-15 -1.994787669679499859e-15 -1.756404562378399922e-15 -2.093507586217299954e-15 -3.648716893786400233e-15
-8.803480375707600298e-15 -1.416721387003899991e-15 -1.770912900641400011e-15 -2.058070709228000013e-15 -1.961510020794600059e-15 -1.926520969968700186e-15 -1.970850634778899990e-15 -1.971352319897500100e-15 -1.897579193624399844e-15 -1.902769796120100040e-15 -1.979961047785800105e-15 -1.972306454761000135e-15 -1.857838094906399858e-15 -2.012724720572100105e-15 -2.775435920171600062e-15
-7.145436163087799888e-15 -1.539416231354899927e-15 -1.809912917320100001e-15 -2.036134674990200140e-15 -1.968224653542899964e-15 -1.940470541132200048e-15 -1.971290470236900101e-15 -1.968082438610799950e-15 -1.909599457910100195e-15 -1.909422173158200075e-15 -1.965696717231899874e-15 -1.963144283899700166e-15 -1.884766114038500008e-15 -2.006492743784999875e-15 -2.579361838451700170e-15
-1.163893516693600018e-14 -1.215290962914399970e-15 -1.704382427829199993e-15 -2.088183698912599879e-15 -1.951392590260499886e-15 -1.909230924348900138e-15 -1.975622795275899993e-15 -1.971360519986299907e-15 -1.875721044873799853e-15 -1.895513502290200145e-15 -2.004197049598100065e-15 -1.978227276618299926e-15 -1.807818718665099923e-15 -2.065008004528099824e-15 -3.222564166553400132e-15
-1.125728246191600048e-14 -1.253558684125799966e-15 -1.724774709190399902e-15 -2.086652585048300004e-15 -1.948676714413200041e-15 -1.908975416629599815e-15 -1.975448344321800192e-15 -1.970360719271200008e-15 -1.876715751265899915e-15 -1.896815876060400120e-15 -2.004084809207599810e-15 -1.978800796524500110e-15 -1.809035772237199942e-15 -2.050015012057099804e-15 -3.163244549209800074e-15
-9.104568813333099601e-15 -1.416027643466300066e-15 -1.776521138453499840e-15 -2.055382103460100025e-15 -1.956013667482500045e-15 -1.928398354776500163e-15 -1.979009166750599828e-15 -1.965202853844700132e-15 -1.891070051731300182e-15 -1.906476994849999989e-15 -1.988573597065599967e-15 -1.968248824708299944e-15 -1.840684988765799950e-15 -2.037963799922300152e-15 -2.911509621323600053e-15
-7.373065614766199493e-15 -1.530064087623100079e-15 -1.809135168419400159e-15 -2.035376671709199838e-15 -1.964089444153600008e-15 -1.940888560920600018e-15 -1.978339206957099872e-15 -1.965597729150800155e-15 -1.900321532859600077e-15 -1.904256955317800169e-15 -1.972439344122499803e-15 -1.972194219839000032e-15 -1.879157950265999879e-15 -1.989357402104400180e-15 -2.580138098562200125e-15
-9.227632663397799772e-15 -1.375501331809299940e-15 -1.754495041073999923e-15 -2.066362866700699893e-15 -1.963140381046000093e-15 -1.922805384839000019e-15 -1.968145089321800048e-15 -1.972869643443200076e-15 -1.894154162594499880e-15 -1.898164356344299908e-15 -1.982228440535600022e-15 -1.979106948144299861e-15 -1.856953991071699885e-15 -2.001709397664100078e-15 -2.777250393909299853e-15
