5.877471204151512211e+04
5.888155252966459375e+04
5.898219124091401318e+04
5.900505010875813605e+04
5.903399326554650906e+04
5.909085363662169402e+04
5.911777920596406329e+04
5.912291862490129279e+04
5.914669323282803816e+04
5.917365890904937260e+04
5.918366100564317458e+04
5.920758272813518852e+04
5.923254838931189443e+04
5.925746051023737527e+04
5.928052719766840892e+04
5.928435719174620317e+04
5.931108557963428029e+04
5.933435396294834936e+04
5.933800739753822563e+04
5.936892767244655261e+04
5.939984291288924578e+04
5.940716810421244008e+04
5.941505280619618861e+04
5.942878425485597836e+04
5.944600979943462880e+04
