5.877471204151512211e+04 -3.587016894985916589e-17 6.088517584518526852e-16
5.888155252966459375e+04 -5.235871346165820626e-16 6.945706696710080161e-17
5.898219124091401318e+04 -5.484134279306791489e-16 4.645382120250644825e-18
5.900505010875813605e+04 -5.280131392078008343e-16 2.340226593886161769e-17
5.903399326554650906e+04 -5.046535386872435314e-16 2.990270115104882265e-17
5.909085363662169402e+04 -4.734765128940920225e-16 3.665032140083819443e-18
5.911777920596406329e+04 -4.622073016667304296e-16 1.131065943752214848e-17
5.912291862490129279e+04 -4.600791673837014174e-16 1.267151668988697618e-17
5.914669323282803816e+04 -4.502912625638530007e-16 1.401922236091236765e-17
5.917365890904937260e+04 -4.405705572589229007e-16 6.807826021971644086e-18
5.918366100564317458e+04 -4.380079143246269148e-16 3.241267002988750697e-18
5.920758272813518852e+04 -4.362188774086109782e-16 8.441337622244734031e-18
5.923254838931189443e+04 -4.439329332807120332e-16 1.394762830144473974e-17
5.925746051023737527e+04 -4.641338727812764448e-16 1.029596252672892509e-17
5.928052719766840892e+04 -4.940507647270760884e-16 4.350122223108291018e-18
5.928435719174620317e+04 -4.998980959758444533e-16 6.191954561753629924e-18
5.931108557963428029e+04 -5.447399190726471350e-16 2.330601088203783388e-17
5.933435396294834936e+04 -5.832244791885706923e-16 3.012242202267911710e-17
5.933800739753822563e+04 -5.885823781429225814e-16 2.961700515269557559e-17
5.936892767244655261e+04 -6.179634068583505632e-16 8.859366870365811012e-18
5.939984291288924578e+04 -6.022589338310190158e-16 1.052258957913182913e-16
5.940716810421244008e+04 -5.898203082061365443e-16 1.407204380020091320e-16
5.941505280619618861e+04 -5.723207371602519698e-16 1.840141582739249059e-16
5.942878425485597836e+04 -5.314613400364814811e-16 2.714100617440496274e-16
5.944600979943462880e+04 -4.618814735263942744e-16 3.998922068015346882e-16
