2.857523209453200029e-15 -1.175378724961700028e-15 -9.052001469960499859e-16 -7.311260549440400123e-16 -7.675436455909799578e-16 -8.628179603140300043e-16 -9.327402321578700433e-16 -8.814691710656100298e-16 -8.414540804255200044e-16 -8.484661661972899510e-16 -8.756400499411600053e-16 -8.778788985930299717e-16 -8.308525850217900238e-16 -7.781942891866000443e-16 -7.672434743989299820e-16 -8.496605112050400481e-16 -9.223755875575099493e-16 -6.740836003781799601e-16 1.440838038089499945e-16
3.134606702590900117e-15 -1.192343756394500068e-15 -8.926669783321300442e-16 -7.145584996829499913e-16 -7.629685867671099679e-16 -8.731499072980399877e-16 -9.437207636864199212e-16 -8.813157530665799852e-16 -8.334815306219600331e-16 -8.412500669407100432e-16 -8.737846200045299621e-16 -8.801032481625500255e-16 -8.310254697119100124e-16 -7.744671551534999666e-16 -7.644245647950100281e-16 -8.581715933124899605e-16 -9.445260255689500644e-16 -6.801494289043500259e-16 2.113672996669700075e-16
3.018435243934300059e-15 -1.201000612821599934e-15 -9.111636188364299063e-16 -7.175375813732799892e-16 -7.549367449988800057e-16 -8.600631114293199647e-16 -9.463387327901100488e-16 -8.886791757243999518e-16 -8.373760374114099683e-16 -8.367520209017700438e-16 -8.657299724468699944e-16 -8.775834638306799810e-16 -8.389145363918599987e-16 -7.878978354829600117e-16 -7.682575825052900277e-16 -8.431186585399099982e-16 -9.202241010763699825e-16 -6.972030091903499667e-16 8.773893676560599928e-17
2.981201357262300194e-15 -1.190090158868099921e-15 -9.008022638918399032e-16 -7.170614842658000451e-16 -7.601359858052499789e-16 -8.686604469197200483e-16 -9.489274258406100715e-16 -8.859124320587300324e-16 -8.306824260567100249e-16 -8.292449066743399611e-16 -8.602316706078199629e-16 -8.762666018853799879e-16 -8.416282483848199682e-16 -7.932491584232100070e-16 -7.751134059185299808e-16 -8.483918279576400357e-16 -9.206754511340299865e-16 -6.904138947021600432e-16 1.015297506273000010e-16
2.929220130701499958e-15 -1.196785955403999933e-15 -9.039039367072399883e-16 -7.082770943317499851e-16 -7.468167040186200327e-16 -8.566230001530299992e-16 -9.580406483222099656e-16 -9.007401430753699925e-16 -8.422664853566800261e-16 -8.294523289470199568e-16 -8.504731855955499598e-16 -8.628603901295299861e-16 -8.345609243169000273e-16 -7.955800029406099773e-16 -7.870304069916199868e-16 -8.547440447686900304e-16 -9.076466198600599054e-16 -6.587445647976200005e-16 1.304048260124199964e-16
2.979660852418999989e-15 -1.171873383690699976e-15 -8.761896015162399810e-16 -7.130282030861499809e-16 -7.693628708718299604e-16 -8.848652901074000394e-16 -9.491718868644499268e-16 -8.787166321447399654e-16 -8.241730811647800237e-16 -8.308197198730400456e-16 -8.682740617418700236e-16 -8.837514715768300473e-16 -8.404088745162299537e-16 -7.829445543666000379e-16 -7.599581549844100024e-16 -8.422887980719199610e-16 -9.306397742280900520e-16 -7.016420594556599647e-16 1.214637871872600029e-16
2.785938034150099822e-15 -1.179131415279599949e-15 -9.056075969983100786e-16 -7.197309626986699712e-16 -7.568797145488400319e-16 -8.626925922935799983e-16 -9.581492238682699129e-16 -8.992614947012499637e-16 -8.384779413107599849e-16 -8.234742521884700242e-16 -8.447582543474499828e-16 -8.609912833153600051e-16 -8.374961199572100244e-16 -8.006164419164599959e-16 -7.878933168040799885e-16 -8.498376117425900485e-16 -9.073443201622200541e-16 -6.944352481588499891e-16 2.216128427978899909e-17
3.861638277712299909e-15 -1.299549337482600002e-15 -9.447981229328399244e-16 -6.878439748904099886e-16 -7.240953131296900030e-16 -8.500423956554999917e-16 -9.688239847244399457e-16 -8.996282157835500103e-16 -8.317881918094299634e-16 -8.243967371466200356e-16 -8.596200931212299711e-16 -8.829885118181700150e-16 -8.472857531875100123e-16 -7.906419044616499778e-16 -7.592968833070400091e-16 -8.366729406872799851e-16 -9.266042194618599349e-16 -6.893543583888800411e-16 1.897169403916900120e-16
5.965624349825599913e-16 -9.666416357510200035e-16 -8.620194102001300287e-16 -7.828524856466800045e-16 -7.975641483637600233e-16 -8.470716738302000085e-16 -9.195532894638999130e-16 -9.043883601432900642e-16 -8.758922251658199560e-16 -8.535516346570600142e-16 -8.454111875020799782e-16 -8.391365239225399518e-16 -8.276364336124799745e-16 -8.158034275524300008e-16 -8.129698014734600479e-16 -8.307114266230500370e-16 -8.387223426607499548e-16 -7.460823599659600165e-16 -4.765117902826699639e-16
3.025734074640099979e-15 -1.204902838637499952e-15 -9.160420146204299349e-16 -7.167100620494599943e-16 -7.508393682529600470e-16 -8.545322552389900378e-16 -9.461577438309400748e-16 -8.914449898242100730e-16 -8.414444543052200352e-16 -8.402628611871300026e-16 -8.680522743679099737e-16 -8.787206036313900278e-16 -8.392209797662899762e-16 -7.872490076525000305e-16 -7.651052633156599766e-16 -8.383864920560899649e-16 -9.173889459656699724e-16 -7.041095072666000265e-16 6.367867851365099653e-17
3.070067515960299966e-15 -1.200097126997499982e-15 -9.082618162980899068e-16 -7.185971259934700327e-16 -7.592351727961499887e-16 -8.659874759180800267e-16 -9.454305451359999771e-16 -8.844404507418800459e-16 -8.331808870836300435e-16 -8.363311925951699604e-16 -8.690833706217200130e-16 -8.821390472806100381e-16 -8.403141047541900464e-16 -7.848561320346900043e-16 -7.610080924530700364e-16 -8.389846350079199970e-16 -9.253980156308999615e-16 -7.092890806775699886e-16 8.229784912936999499e-17
2.938578799839800036e-15 -1.197358329971099982e-15 -9.223776536216799804e-16 -7.258226382747799817e-16 -7.557260098081499982e-16 -8.542855643331400166e-16 -9.462652659270399073e-16 -8.937759354930000453e-16 -8.423504882301799898e-16 -8.350643694381499987e-16 -8.574111760886999820e-16 -8.677535562259299804e-16 -8.361018640285000236e-16 -7.945977199589700135e-16 -7.844293097423199998e-16 -8.535897737478699508e-16 -9.118624286279000567e-16 -6.735810434752400437e-16 1.003534941133500042e-16
2.833588976020799962e-15 -1.180169062813400018e-15 -8.997755929481700280e-16 -7.204261180973499940e-16 -7.590590641909200209e-16 -8.599302357100800386e-16 -9.384125158290700712e-16 -8.848822008224599625e-16 -8.403005652671200013e-16 -8.438814925529400073e-16 -8.712625898314099805e-16 -8.765584168052900162e-16 -8.319787739557099625e-16 -7.792669875874300354e-16 -7.652258981380999830e-16 -8.484212126687399780e-16 -9.344940834827999723e-16 -7.181957099450599779e-16 5.788571219227699439e-17
2.894107607067899903e-15 -1.176834710854200060e-15 -8.715130966692100233e-16 -6.997493671453200478e-16 -7.556363744705800143e-16 -8.749758857347900338e-16 -9.513521269679900151e-16 -8.816715865908000371e-16 -8.250288598485499728e-16 -8.300281212039099565e-16 -8.690595580279399798e-16 -8.890503175366099130e-16 -8.482047606881200034e-16 -7.884743504681100383e-16 -7.535951158963300398e-16 -8.283584053125899849e-16 -9.264837109534000750e-16 -7.424671653307100460e-16 5.880624543575099943e-18
3.057748488055899940e-15 -1.204713984005299921e-15 -9.156018470354599197e-16 -7.174586389948900109e-16 -7.517898243890999683e-16 -8.548477876027400421e-16 -9.450911403175300550e-16 -8.913453062465000563e-16 -8.428170879857300469e-16 -8.420996238579200032e-16 -8.686088471848700247e-16 -8.767481079802700003e-16 -8.361229729043700246e-16 -7.854390442363200018e-16 -7.687830476295699936e-16 -8.444394272593900046e-16 -9.158989458903600343e-16 -6.773812495025799561e-16 1.289738876502199901e-16
2.673942072861100134e-15 -1.160857884481299973e-15 -9.112528186701099377e-16 -7.397198932356799827e-16 -7.706411796965600377e-16 -8.608453245264999770e-16 -9.354734882029199889e-16 -8.869114634978400022e-16 -8.447254891117499626e-16 -8.455513271998899592e-16 -8.688557508385800054e-16 -8.726210676110999877e-16 -8.311576057272099639e-16 -7.819469947252800420e-16 -7.663902914286000436e-16 -8.402759151190700385e-16 -9.173001616636799471e-16 -7.177580074913899931e-16 -2.805609047772700127e-18
1.823527743926600007e-15 -1.095939328459900088e-15 -8.965835889643199113e-16 -7.473394352883099594e-16 -7.689747884593599524e-16 -8.473244778356799512e-16 -9.400063237396199074e-16 -9.044196357424700448e-16 -8.594671958350199702e-16 -8.403530142578000078e-16 -8.472658052741599557e-16 -8.525820972435199796e-16 -8.337759603603500338e-16 -8.067074421205500303e-16 -7.941003222683299592e-16 -8.336086639720100070e-16 -8.723479943422400182e-16 -7.293560948606299677e-16 -2.399003506466599997e-16
1.759602689963900093e-15 -1.072816184497399997e-15 -8.981387699540700143e-16 -7.688700637270999560e-16 -7.862043554698300151e-16 -8.489160846436300271e-16 -9.196686891004199545e-16 -8.959273411534000687e-16 -8.703022077118199589e-16 -8.635563415484299680e-16 -8.656757385415299723e-16 -8.507517098343500145e-16 -8.136197937143800046e-16 -7.820934673048899681e-16 -7.897945412947800163e-16 -8.530142666426199691e-16 -8.954604491440800782e-16 -7.022040856421399807e-16 -1.167437724847799997e-16
3.144982313692000042e-15 -1.207714170689200058e-15 -9.049696476708300528e-16 -7.088497438107599580e-16 -7.529722322993300347e-16 -8.677876573571499847e-16 -9.578417864864800619e-16 -8.922548524754600826e-16 -8.327659101876800356e-16 -8.289502785105099537e-16 -8.603369572369600000e-16 -8.769519779264000466e-16 -8.398880915039999733e-16 -7.869372743808899525e-16 -7.624200956926500038e-16 -8.385271926124299872e-16 -9.263403019670699539e-16 -7.177803183756500431e-16 6.501536093102900256e-17
2.162510704688799876e-15 -1.103689686358499979e-15 -8.731546088093400470e-16 -7.347442148728099979e-16 -7.745684534806599748e-16 -8.663424428491799576e-16 -9.375231698122699568e-16 -8.893743044707000768e-16 -8.468187939171700218e-16 -8.454889543245300101e-16 -8.675690209840500344e-16 -8.739986570185800288e-16 -8.383865501263900435e-16 -7.929266082812500422e-16 -7.711935756638900157e-16 -8.296861413186500117e-16 -8.944438849327299711e-16 -7.241174671036199595e-16 -1.075540092359400042e-16
