5.878860365442289185e+04 2.726458861496168129e-15 6.676741272043404614e-16
5.890319919514432695e+04 -1.168894414420955922e-15 6.552510740637364425e-17
5.893722247345631331e+04 -9.010011565836457974e-16 1.873169198168864435e-17
5.897702033982753346e+04 -7.245151821204828315e-16 2.151819576369269031e-17
5.899997364790533902e+04 -7.612975268704280746e-16 1.476701570987961413e-17
5.902596485279822082e+04 -8.610880784875388835e-16 9.668922685616650659e-18
5.908473808243285021e+04 -9.444344491534280352e-16 1.183913269571460714e-17
5.911165821467993374e+04 -8.908279722411121133e-16 7.693483116447248531e-18
5.913972599372152763e+04 -8.417396969403469716e-16 1.303079719785589224e-17
5.916959720859092340e+04 -8.384487705101347240e-16 9.853791530223946230e-18
5.919546325738892483e+04 -8.628552092153193254e-16 9.154949052921768886e-18
5.922533143690139696e+04 -8.719717976164061087e-16 1.235039938880340982e-17
5.925241460067330627e+04 -8.359290201315111357e-16 7.268416349002568166e-18
5.927517751191298885e+04 -7.894944899117449202e-16 9.665156072412101577e-18
5.931104190681519685e+04 -7.732116572350833433e-16 1.446469285958626725e-17
5.933796362068608869e+04 -8.430444769312995936e-16 8.568444845405507237e-18
5.936888320432077307e+04 -9.128088682155332694e-16 2.301488347373727692e-17
5.939979806364834076e+04 -7.024174126806598516e-16 2.296540489955994480e-17
5.942873847774792375e+04 2.845183520578172698e-17 1.565983560390264190e-16
