1.627650413128699912e-14 -3.915957142403600365e-15 -1.923842673095799851e-15 -1.926150106228500120e-15 -2.030995923336200066e-15 -1.845092932364300182e-15 -2.000793788773499994e-15 -1.860093000658599923e-15 -1.969105580592900135e-15 -2.005741742213300150e-15 -1.797126448495399999e-15 -1.988047988852599839e-15 -2.049894366510799849e-15 -1.679831780407600090e-15 -3.510525196124299894e-15
2.594611252301399871e-15 -3.894532551339600334e-15 -1.907884459733199883e-15 -1.923439090648900137e-15 -2.042977303354399874e-15 -1.797035358222399923e-15 -1.998138369015300096e-15 -1.836476313587100113e-15 -1.931647736601000065e-15 -2.030362271140199937e-15 -1.791759312054900100e-15 -1.989076335805500189e-15 -2.060285345735400045e-15 -1.591784460205799994e-15 -4.363007370003300152e-15
1.795157341584800034e-14 -4.710323529666200355e-15 -1.900248037294000041e-15 -1.918709732534999807e-15 -2.044613105691600015e-15 -1.755766077295299911e-15 -2.012661120607699832e-15 -1.814813098841199848e-15 -1.946851938952999862e-15 -2.034953731594099926e-15 -1.770526759142800064e-15 -2.022674221926200148e-15 -2.013163109977199938e-15 -1.591613718348399948e-15 -5.110669349728399918e-15
-1.487740365332200140e-14 -2.634770031003799874e-15 -1.952917601741700185e-15 -1.922062428275000100e-15 -2.029205059330200091e-15 -1.904214544033100094e-15 -1.983406653531900104e-15 -1.883571486576800111e-15 -1.944578863189699851e-15 -2.005886589037400136e-15 -1.824670088469099954e-15 -1.949383130979799919e-15 -2.091839860054700121e-15 -1.670882227780700020e-15 -3.204889415610699831e-15
-2.400457041237399900e-14 -1.581549544713899985e-15 -1.977182774085299813e-15 -1.930396187055399835e-15 -2.016213264305500154e-15 -2.005980098008599817e-15 -1.969584411576599994e-15 -1.926186415782500026e-15 -1.963655030195600182e-15 -1.982300578838400128e-15 -1.866417963376600023e-15 -1.915217936445100059e-15 -2.093101454225700053e-15 -1.762190489645999907e-15 -1.961389341510599833e-15
2.337253369567999938e-14 -5.558439395316100275e-15 -1.877501487298100091e-15 -1.917012717296000045e-15 -2.051860073730199949e-15 -1.689832370507800075e-15 -2.037097886264500146e-15 -1.761541590229800047e-15 -1.969740433405399974e-15 -2.065908504031700011e-15 -1.708135712923399956e-15 -2.077393832689400099e-15 -1.995151583871100008e-15 -1.470598496288499911e-15 -6.756496234886400013e-15
3.711770456226000169e-15 -3.742855181187100296e-15 -1.922983993407199913e-15 -1.930971641960699974e-15 -2.025909447941599917e-15 -1.820482989576400040e-15 -2.004980986683300106e-15 -1.845502826992399952e-15 -1.947919860552899921e-15 -2.016123474085800019e-15 -1.790268127929400007e-15 -1.997170719156999904e-15 -2.054856906266099853e-15 -1.626611520264600061e-15 -4.243921447002899970e-15
-1.226767083491700065e-14 -2.091785369835500079e-15 -1.967334749839999971e-15 -1.932633121216000134e-15 -2.013107092320599835e-15 -1.979082546956299847e-15 -1.976135029168699865e-15 -1.925234524212399992e-15 -1.970357450959299825e-15 -1.965498013330700167e-15 -1.859508090446799837e-15 -1.951281919261900003e-15 -2.048728674365599938e-15 -1.782786221742399891e-15 -2.443858288241499815e-15
-4.059931348815000204e-14 -5.707700194670399518e-16 -2.029138181488700047e-15 -1.919368403403899859e-15 -2.004777226114800004e-15 -2.073605708851699916e-15 -1.952832167262699819e-15 -1.971610222385100105e-15 -1.940005496990300171e-15 -1.957752593712600142e-15 -1.911522824136300089e-15 -1.870471033350700118e-15 -2.124700654654599888e-15 -1.833073245634199826e-15 -8.856071913772999837e-16
2.521623042279800035e-14 -5.476288630494700135e-15 -1.876208722608000190e-15 -1.924002518401399847e-15 -2.039618340370100110e-15 -1.693160093349599910e-15 -2.041952411820699981e-15 -1.765265479511099917e-15 -1.966853019253499989e-15 -2.062687017473099982e-15 -1.705752685941400048e-15 -2.064192952777400159e-15 -2.032205290162999965e-15 -1.466710330442199987e-15 -6.179239472231099700e-15
-2.001270230173199849e-14 -2.205470863490299855e-15 -2.011460446403800137e-15 -1.916287109116200032e-15 -2.024191231264800054e-15 -1.930467284758700155e-15 -1.964294340824000145e-15 -1.908612462423099883e-15 -1.918227503678400093e-15 -2.005048900042900141e-15 -1.866511239218700135e-15 -1.892903508514700159e-15 -2.121489408155299845e-15 -1.735541302073199979e-15 -2.059736998476399930e-15
-1.087733042575299959e-14 -2.722656278183399895e-15 -1.977851927030899949e-15 -1.924462272337800043e-15 -2.015883626176199961e-15 -1.912180353856199983e-15 -1.992494790309900146e-15 -1.885665350792399913e-15 -1.955834596664900045e-15 -1.997301076395299833e-15 -1.825180003143500078e-15 -1.960168387351700021e-15 -2.064259480644600172e-15 -1.695328041915700033e-15 -3.303512772711799890e-15
-2.568918784875800006e-14 -1.594001588290900088e-15 -2.016017418305300018e-15 -1.905739328767700069e-15 -2.023725801475200084e-15 -2.001951367821599925e-15 -1.957107547558699941e-15 -1.943636710204699905e-15 -1.936196381478900068e-15 -1.973361002853800171e-15 -1.884653655638399985e-15 -1.895413310272500131e-15 -2.110330035519900073e-15 -1.789873384903300064e-15 -1.591052610742000016e-15
-7.191276376696199486e-15 -2.181036661327599899e-15 -1.959296815117899885e-15 -1.929310401513699944e-15 -2.021451840489000089e-15 -1.966230757777499834e-15 -1.964725370193199849e-15 -1.931632695569100134e-15 -1.946793951270999976e-15 -1.973127172600499985e-15 -1.877570017389900118e-15 -1.908292022813599941e-15 -2.083131026665799908e-15 -1.829125415577399877e-15 -1.618437137942499937e-15
-5.324278095305500109e-14 3.330053469956900103e-16 -2.043139009315600140e-15 -1.927778439658699945e-15 -1.996109957486600029e-15 -2.148611500084900116e-15 -1.943526770872400130e-15 -2.002843329722999986e-15 -1.951000314095000125e-15 -1.933875267512199975e-15 -1.939330728514700114e-15 -1.862376650201099886e-15 -2.111627728510399843e-15 -1.890216855253199847e-15 -4.634145717880700286e-16
-1.680353445585599998e-15 -3.133350272707699852e-15 -1.944470503945200011e-15 -1.928117155194099995e-15 -2.024188354009500097e-15 -1.888021600593099913e-15 -1.991856857373899954e-15 -1.880520680670700105e-15 -1.969027554080999938e-15 -1.996457701121199843e-15 -1.812829961908599974e-15 -1.982522929655100134e-15 -2.039752364989499897e-15 -1.679814595628500014e-15 -3.614670911898500124e-15
-2.544752744598999996e-15 -3.205512664869999875e-15 -1.902433657809800039e-15 -1.955314914270700181e-15 -2.009042250027900030e-15 -1.862656751895299828e-15 -2.013279283598799996e-15 -1.850560498545699963e-15 -1.975626573226200050e-15 -2.011804400333999831e-15 -1.784709225351599945e-15 -2.000060721390599932e-15 -2.051918533056800006e-15 -1.634012074458199998e-15 -4.182390706945299811e-15
1.596397916146300139e-14 -4.720322144765999955e-15 -1.907948867580700054e-15 -1.922797125016699919e-15 -2.034676489784500163e-15 -1.747509150120199945e-15 -2.019226009169100110e-15 -1.811012291252800061e-15 -1.951522036349600035e-15 -2.033484888211599838e-15 -1.754495326397900046e-15 -2.035119621744499917e-15 -2.026131233842400091e-15 -1.568498069686199907e-15 -5.360595493958899636e-15
-8.904552186086400609e-15 -2.970086108248500040e-15 -1.930132831374000012e-15 -1.934108491906700140e-15 -2.026095391611500015e-15 -1.863056311493599871e-15 -1.985134545468199937e-15 -1.877371255085100092e-15 -1.929574236427000016e-15 -2.002885449703500044e-15 -1.831418763792100041e-15 -1.967031736949700118e-15 -2.056432602277600088e-15 -1.666752765563199957e-15 -3.585666837612600352e-15
3.387926053088100195e-14 -6.596748905336999758e-15 -1.832727617926300175e-15 -1.922304021630499921e-15 -2.071814212931200113e-15 -1.578656901484699988e-15 -2.036219308006899840e-15 -1.722668965319299966e-15 -1.954231940390099854e-15 -2.096758640676600106e-15 -1.667393373194499974e-15 -2.097551137729899831e-15 -2.003373789581600166e-15 -1.385747533774499984e-15 -7.772825652454700572e-15
