5.878860365442287002e+04 2.850201386170644532e-15 8.773099085077443340e-16
5.890319919514417415e+04 -1.181534374169761066e-15 8.765685715067108187e-17
5.893722247345632059e+04 -9.031734429162109146e-16 3.007154493011762290e-17
5.897702033982740977e+04 -7.207029889498284371e-16 2.152429951698248797e-17
5.899997364790542633e+04 -7.590552760615639228e-16 1.670696963387513215e-17
5.902596485279824265e+04 -8.621565036053843718e-16 8.761472461466304410e-18
5.908473808243292297e+04 -9.454899262665220211e-16 1.121557858702479270e-17
5.911165821468015929e+04 -8.887775960342874221e-16 8.162312580303230752e-18
5.913972599372161494e+04 -8.379692946315232836e-16 1.383207869439229781e-17
5.916959720859108347e+04 -8.362581033908804907e-16 9.249403558423182019e-18
5.919546325738903397e+04 -8.638025629107214031e-16 1.003174542971539656e-17
5.922533143690155703e+04 -8.754726536401793406e-16 1.440057846467816359e-17
5.925241460067310982e+04 -8.387504366761885056e-16 8.782847972139252876e-18
5.927517751191304706e+04 -7.899045991165862629e-16 1.190168474176959822e-17
5.931104190681519685e+04 -7.706078285178215799e-16 1.584759028589639681e-17
5.933796362068611779e+04 -8.418114757988773647e-16 1.259362482819265136e-17
5.936888320432085311e+04 -9.153388373800842795e-16 2.912674180540779969e-17
5.939979806364835531e+04 -7.017749737562389571e-16 3.102761682089773714e-17
5.942873847774798196e+04 4.989869251658365806e-17 2.104260038646896563e-16
