3.542935134527800117e-15 -1.270711966179600016e-15 -9.601262002419199517e-16 -7.171575404458300172e-16 -7.424179117430099858e-16 -8.510516016330100166e-16 -9.559732972138900392e-16 -8.920659244492899526e-16 -8.290855452379499739e-16 -8.228841890349200001e-16 -8.581617674582399743e-16 -8.848183514743099851e-16 -8.549150895261600403e-16 -8.012444966596700211e-16 -7.619445248960700268e-16 -8.253825531463199985e-16 -9.135613611615800815e-16 -7.289007782151100324e-16 2.286926168737700147e-17
2.392457678409199914e-15 -1.139580336057300026e-15 -8.906220466034600649e-16 -7.261445765279699965e-16 -7.601255429621399637e-16 -8.547805660506600305e-16 -9.456574366318099950e-16 -8.999306657563299483e-16 -8.522303481876599930e-16 -8.401921442223899865e-16 -8.537229605028400134e-16 -8.570862037423200278e-16 -8.278923499867700133e-16 -7.938696897844100108e-16 -7.928922368651199544e-16 -8.578178606212300283e-16 -9.053250954968300771e-16 -6.809144674330400456e-16 1.847340529893499869e-17
3.054618840799500012e-15 -1.212398158061799990e-15 -9.308971539403899227e-16 -7.250833947787200004e-16 -7.541671613211899676e-16 -8.548665137357299616e-16 -9.480320595802399813e-16 -8.919519407134200405e-16 -8.374739284725999826e-16 -8.312532806951000033e-16 -8.582505139600900271e-16 -8.744163077435699667e-16 -8.437551305021099833e-16 -7.981811310694800075e-16 -7.763184122070899808e-16 -8.403806265729000425e-16 -9.057957688078099153e-16 -6.893348239629699822e-16 6.150518639820500321e-17
2.587791809551999837e-15 -1.125868257914700045e-15 -8.780891377481000022e-16 -7.428468515023900377e-16 -7.874507920556299796e-16 -8.774770731252500159e-16 -9.248045085395900262e-16 -8.755699223271400263e-16 -8.431549713162000204e-16 -8.539933003225599942e-16 -8.758849696873900407e-16 -8.660844019395900182e-16 -8.129286919484100321e-16 -7.651620727645500409e-16 -7.791189887148899819e-16 -8.786720171601900487e-16 -9.441525331444300444e-16 -6.468097911993400338e-16 2.404932130554400226e-16
3.056348976739799833e-15 -1.209346690720300041e-15 -9.280302483711700305e-16 -7.262000451426899875e-16 -7.557078230528200206e-16 -8.544949279810499510e-16 -9.437430272360399180e-16 -8.900261652166500856e-16 -8.394394823659500334e-16 -8.351846599082499980e-16 -8.600511994914499938e-16 -8.706753218782899778e-16 -8.364118360364700275e-16 -7.920762931847099876e-16 -7.810488055694199755e-16 -8.541700218998000412e-16 -9.174561415280200506e-16 -6.733279078293899751e-16 1.270611288605400038e-16
4.068727339010100097e-15 -1.291888415005999942e-15 -9.266835100500000372e-16 -6.940838136509900020e-16 -7.441970142594000159e-16 -8.718577273582500239e-16 -9.532495453084299623e-16 -8.767386946386299801e-16 -8.194784056055799673e-16 -8.335544784027399666e-16 -8.801664782460000267e-16 -8.961279768495699826e-16 -8.393615672943999804e-16 -7.674033850716199793e-16 -7.427334808996200390e-16 -8.505409116605299653e-16 -9.656424254895400650e-16 -6.801396320706599980e-16 3.538353400539899832e-16
3.928478112957399927e-16 -9.351507954220799041e-16 -8.248163178007700154e-16 -7.706543086625399999e-16 -8.005847526263599537e-16 -8.598529236696900407e-16 -9.245739026779299845e-16 -9.020858807831400698e-16 -8.699233556366399686e-16 -8.488774833414699997e-16 -8.441138490573799685e-16 -8.410717731772699769e-16 -8.301896924247299913e-16 -8.172224088621300252e-16 -8.112866458078099631e-16 -8.270099922737100266e-16 -8.339669106797099541e-16 -7.429109341376299843e-16 -4.801319647490699677e-16
3.153572216324099953e-15 -1.205337258684100018e-15 -9.081522393752700531e-16 -7.170938783511500277e-16 -7.594351453925100270e-16 -8.680600186561699702e-16 -9.449110982859500130e-16 -8.813535057062999788e-16 -8.292924867289899891e-16 -8.344836195177000492e-16 -8.703165577466700390e-16 -8.861636141778400205e-16 -8.448660792547400052e-16 -7.885869311396899522e-16 -7.630875957131699774e-16 -8.401862174756400166e-16 -9.231398912906699883e-16 -6.943093027294399603e-16 1.233347294690699973e-16
2.934324250491799895e-15 -1.191989199363700075e-15 -9.150416430830899646e-16 -7.249107730663299872e-16 -7.580024476718300216e-16 -8.572033813730100276e-16 -9.439535679720900950e-16 -8.912914115183800210e-16 -8.423369469108199592e-16 -8.381227454327100247e-16 -8.608530873675699874e-16 -8.679414091040600041e-16 -8.319370141526000052e-16 -7.884250150163099798e-16 -7.818066711487799606e-16 -8.572767133478699681e-16 -9.182905954446699169e-16 -6.671828063462700348e-16 1.374500219638799879e-16
2.930899410589100089e-15 -1.176881224182899927e-15 -8.943487042203100606e-16 -7.217741880204099884e-16 -7.673144075552900121e-16 -8.735453764985600224e-16 -9.410283754228100449e-16 -8.773823700826900147e-16 -8.276229609760200145e-16 -8.357720252595000356e-16 -8.733990353170000361e-16 -8.900554854864900622e-16 -8.481321657813299883e-16 -7.898956586762199786e-16 -7.582033139906499760e-16 -8.303887460927600030e-16 -9.155227910808999983e-16 -7.102494723737999556e-16 5.582082510427400075e-17
2.817721843418899916e-15 -1.159467926592400011e-15 -8.660681239592200449e-16 -7.095145111574999868e-16 -7.642141485702500454e-16 -8.743673697045700397e-16 -9.381552211367999553e-16 -8.778565605575600426e-16 -8.352078099862199974e-16 -8.479507640815399603e-16 -8.818837729459099923e-16 -8.860715686298099738e-16 -8.328749523189999659e-16 -7.722111135039799963e-16 -7.554197399609700259e-16 -8.451035358893100361e-16 -9.330680952435400394e-16 -6.880869414597799695e-16 1.572734837695699909e-16
3.151141593973799910e-15 -1.214028403968500093e-15 -9.160138474424300812e-16 -7.152583183959800493e-16 -7.532775345799699611e-16 -8.612055037952500147e-16 -9.477444715843500934e-16 -8.868177178490500442e-16 -8.334564754257600457e-16 -8.344439364886000407e-16 -8.671572959912899772e-16 -8.824143194896699911e-16 -8.430161836582299736e-16 -7.884337668839900429e-16 -7.627017350789000254e-16 -8.381047316680899561e-16 -9.235937939548099777e-16 -7.104598469198899715e-16 7.712461415968999697e-17
4.000899003662399730e-15 -1.275699718543299957e-15 -9.089451279460400977e-16 -6.893510235276199755e-16 -7.455470895343299715e-16 -8.754863266215699773e-16 -9.528126069010099463e-16 -8.764517494957200287e-16 -8.210297940312400448e-16 -8.359866308735800477e-16 -8.808392146159500443e-16 -8.933907054994199301e-16 -8.361558422547199935e-16 -7.680327813762999544e-16 -7.548796579006699618e-16 -8.665857776490199836e-16 -9.661731494293000614e-16 -6.347546827121400358e-16 4.627922168469300289e-16
2.932971766923500142e-15 -1.187854954838700092e-15 -8.921871132509000659e-16 -7.073360838726200334e-16 -7.548415708524600233e-16 -8.711339143003000023e-16 -9.600218873314699486e-16 -8.916827018125000616e-16 -8.280481658647400062e-16 -8.208929964311300233e-16 -8.530720018952800461e-16 -8.761614279725500281e-16 -8.474425478187899880e-16 -7.991679456683299626e-16 -7.699877553116900118e-16 -8.332802211093799852e-16 -9.092072915945899556e-16 -7.144951869837699687e-16 1.380456117668199996e-17
2.637601509799700159e-15 -1.168744515357600027e-15 -8.807460618582400414e-16 -7.021863814396900238e-16 -7.483032566748800463e-16 -8.626411473425900459e-16 -9.607109064712599235e-16 -8.988548622300799154e-16 -8.369438354436200199e-16 -8.245709808835100410e-16 -8.497621410531199765e-16 -8.682523658057300310e-16 -8.415823505603399618e-16 -7.981121000777299976e-16 -7.740042293231700462e-16 -8.352282541901800310e-16 -9.097359891754800177e-16 -7.358090946218600028e-16 -6.883674513658100533e-17
3.014739351040400125e-15 -1.204539959554900077e-15 -9.075887200404100464e-16 -7.080222932799300105e-16 -7.465427673460800169e-16 -8.570464876139299883e-16 -9.569411882685999086e-16 -8.988047986937700489e-16 -8.416665551347099870e-16 -8.326907781621099750e-16 -8.567958520975900185e-16 -8.687640313655400235e-16 -8.348506390886099950e-16 -7.887627716579900011e-16 -7.726913814611500468e-16 -8.447298004842200392e-16 -9.157079827344999601e-16 -6.908536304530800044e-16 8.570439151059500141e-17
2.866621037178499972e-15 -1.167484815183899956e-15 -8.889872263191499514e-16 -7.230405302525200103e-16 -7.672846699796200380e-16 -8.692965041883499713e-16 -9.397185233062299295e-16 -8.848865845092399589e-16 -8.411164827916800288e-16 -8.444843785052399973e-16 -8.687547169087300206e-16 -8.689907477772200295e-16 -8.235732998828000071e-16 -7.760829669986300239e-16 -7.783045983268999812e-16 -8.673054883049000351e-16 -9.306009550138900664e-16 -6.434221463538200302e-16 2.370867575909000132e-16
3.303343493222600054e-15 -1.233567731645899962e-15 -9.244967239673599066e-16 -7.134213989826400201e-16 -7.512564922532299558e-16 -8.616245165048800334e-16 -9.470163333678600231e-16 -8.822004228484400003e-16 -8.272738895837299531e-16 -8.320810500646000285e-16 -8.711061935628200348e-16 -8.915961740643699761e-16 -8.504639563193800171e-16 -7.892658286575599635e-16 -7.509390488283899998e-16 -8.241733397224299519e-16 -9.209637281313999295e-16 -7.275643587001600022e-16 5.087777196895899858e-17
3.133207214498099865e-15 -1.211838141535599917e-15 -9.246814835412900830e-16 -7.246142529205700275e-16 -7.570346164658399898e-16 -8.567128476863400408e-16 -9.366188424575599082e-16 -8.818575207847799787e-16 -8.379033935475199633e-16 -8.467869099915600405e-16 -8.809372290579100412e-16 -8.905615902902200821e-16 -8.417644648756100261e-16 -7.794712164673900488e-16 -7.490459355217599546e-16 -8.305110602190499754e-16 -9.330002487214999635e-16 -7.429375479980399828e-16 2.426023000451299981e-17
2.289670085840999852e-15 -1.122210141063899943e-15 -8.803569725712899754e-16 -7.303966041709000060e-16 -7.685284497008099763e-16 -8.620577295585600088e-16 -9.395578862032300272e-16 -8.914855692441300719e-16 -8.469194892559000066e-16 -8.423307908220699558e-16 -8.619168924298399721e-16 -8.673654887669099779e-16 -8.337972919365300210e-16 -7.925220379787100204e-16 -7.798267440597400095e-16 -8.421527203270799648e-16 -8.991433353343599212e-16 -6.989913335217400412e-16 -3.195457425932399700e-17
3.940649766137299870e-15 -1.278559516683500072e-15 -9.297532317234399813e-16 -7.049265033280299564e-16 -7.500521399543500386e-16 -8.680908096462600018e-16 -9.421064875813000839e-16 -8.731542606423099951e-16 -8.253664920858900114e-16 -8.445223426742000486e-16 -8.889899544959100755e-16 -8.975008516055499976e-16 -8.344867012253399909e-16 -7.607155730151400473e-16 -7.402517806875499875e-16 -8.533324961433599567e-16 -9.720430331019499382e-16 -6.881409561242300334e-16 3.389784024729300208e-16
2.909155889977599973e-15 -1.176385594307300032e-15 -8.778617117646900470e-16 -7.067771993706300362e-16 -7.585932788602400259e-16 -8.719822482259199722e-16 -9.460021994068499508e-16 -8.817976892688800377e-16 -8.306197337449899683e-16 -8.364418687775999734e-16 -8.711797059470399826e-16 -8.843332222912600349e-16 -8.412665696851300029e-16 -7.853306811186900189e-16 -7.637570604095500039e-16 -8.443796408370199682e-16 -9.297893662003200878e-16 -7.040115129457400357e-16 1.027586458163599946e-16
2.876632907626800155e-15 -1.170394261140700062e-15 -8.832682428883999799e-16 -7.144449454834799571e-16 -7.643172980664599697e-16 -8.754763823086499933e-16 -9.481028397373300705e-16 -8.829229808390200474e-16 -8.295856676024999788e-16 -8.332399345666199530e-16 -8.679064809516800002e-16 -8.836119193054999978e-16 -8.434323900138400167e-16 -7.880169736270000052e-16 -7.608961105278700307e-16 -8.346888277614799523e-16 -9.189153001193300118e-16 -7.114185553533200465e-16 5.468268914979599940e-17
3.530598895721999837e-15 -1.243833553986999937e-15 -9.199649275475599942e-16 -7.057419334682200213e-16 -7.477136741720199798e-16 -8.634022137954900424e-16 -9.534089138558099560e-16 -8.887057270860199757e-16 -8.331267427819799928e-16 -8.344280189238899841e-16 -8.670736709830400388e-16 -8.792613277043300326e-16 -8.362586273172999673e-16 -7.821837080423999961e-16 -7.695807346694199881e-16 -8.580243481316999862e-16 -9.349575138970300303e-16 -6.495697327325399946e-16 2.862427769646300170e-16
2.937072996270899953e-15 -1.193220025933400030e-15 -9.065116720116699615e-16 -7.169506925453300362e-16 -7.552102207406200481e-16 -8.603367933992599961e-16 -9.457105199988699994e-16 -8.875334647847100128e-16 -8.356494575555999811e-16 -8.349467758449499784e-16 -8.649329493301299827e-16 -8.792219113465100000e-16 -8.427668208528200380e-16 -7.922087495908899670e-16 -7.687363371634400014e-16 -8.382152523843500406e-16 -9.122551803753800899e-16 -6.982278264567599550e-16 6.138293750015800601e-17
2.985800534215899895e-15 -1.189285830495099956e-15 -8.944004817298100623e-16 -7.120871174710200377e-16 -7.586851791811100083e-16 -8.709320053391200301e-16 -9.510043814644100979e-16 -8.855323167850899643e-16 -8.292739360310099888e-16 -8.296006903114899965e-16 -8.632626885721299688e-16 -8.805593576205600067e-16 -8.431881662662100420e-16 -7.899129150655000267e-16 -7.645201286787200303e-16 -8.387762911154200054e-16 -9.236790588641900073e-16 -7.160184516569000065e-16 5.490323195945499822e-17
3.562374495782899800e-15 -1.251934413621099937e-15 -9.304982003561600118e-16 -7.116027507963200428e-16 -7.515945575790599547e-16 -8.662033591399899947e-16 -9.506118062663299622e-16 -8.816338334182400007e-16 -8.243801935675600018e-16 -8.301592898549900044e-16 -8.709166417510400469e-16 -8.911946245995100576e-16 -8.475002928822899941e-16 -7.847576125750100144e-16 -7.514985150831399785e-16 -8.346348381478600376e-16 -9.371261460616300821e-16 -7.196912893493000262e-16 1.282966415008699927e-16
2.897308818797299857e-15 -1.181486586657599912e-15 -9.038122054532599371e-16 -7.236698126232199920e-16 -7.640573054594499726e-16 -8.684040644709900032e-16 -9.459360523236200345e-16 -8.850903965259199566e-16 -8.325244504813499618e-16 -8.331567858646000329e-16 -8.649603515763100389e-16 -8.805052160465499693e-16 -8.433753233678099704e-16 -7.908952581538799600e-16 -7.639259545385299874e-16 -8.334318104143100289e-16 -9.142266330460399362e-16 -7.163627424165099871e-16 2.102355038770200153e-17
4.267658354779099925e-15 -1.337269447779199997e-15 -9.587920582821399780e-16 -6.890850967541600349e-16 -7.262302863891199763e-16 -8.523295743552199686e-16 -9.544606894187700523e-16 -8.816687327009200310e-16 -8.216649408600200263e-16 -8.315120045406199767e-16 -8.785658676996400371e-16 -9.005456676135399622e-16 -8.494408520811600197e-16 -7.777562149759800055e-16 -7.423744933055799750e-16 -8.400796445878699742e-16 -9.570243545435799931e-16 -6.995885648028599683e-16 2.889945909614299969e-16
-5.565116835219399545e-16 -8.470636638034000000e-16 -8.179438015860600119e-16 -8.048717370591499978e-16 -8.187339141749499813e-16 -8.481255779794100456e-16 -9.069551959701000484e-16 -9.091010058451200367e-16 -8.939233542081200513e-16 -8.670230663926799660e-16 -8.432233162196199980e-16 -8.225500015725600220e-16 -8.131313308571199730e-16 -8.120570457169099525e-16 -8.191650700509599777e-16 -8.252817335979400151e-16 -8.215497267723800017e-16 -7.919284053528900464e-16 -7.311347075254799613e-16
1.879292460543799850e-15 -1.079888883967500080e-15 -8.575729555568000265e-16 -7.349953191799900013e-16 -7.780063374146500457e-16 -8.687317912214300125e-16 -9.361432144817999096e-16 -8.878925118830900237e-16 -8.436225985827900008e-16 -8.376449462780999514e-16 -8.556576735919800269e-16 -8.622840676907699750e-16 -8.339747278930000088e-16 -7.983582449153199632e-16 -7.889606940559899534e-16 -8.459760802353899888e-16 -8.972392022554899070e-16 -7.160611259007500157e-16 -1.153442016483299889e-16
3.027293808369699857e-15 -1.199460415136999988e-15 -9.063396837148900781e-16 -7.134583865406800142e-16 -7.552245663522300027e-16 -8.664380959989199523e-16 -9.535309779012199384e-16 -8.885024148663599620e-16 -8.295968563849399677e-16 -8.268681742393800164e-16 -8.606743343348299695e-16 -8.819873309013100174e-16 -8.488583885075300387e-16 -7.963945624918699764e-16 -7.640946983277999666e-16 -8.302888632243800418e-16 -9.141578076530400496e-16 -7.263155804729899980e-16 4.575870586208400103e-18
7.885484576403800128e-16 -9.761756201203699367e-16 -8.479442610112299981e-16 -7.714085670097499733e-16 -7.972233055021899979e-16 -8.568069367367099938e-16 -9.203173029758900305e-16 -8.965108887032300986e-16 -8.670733693752300428e-16 -8.536599788801699924e-16 -8.551017304520399934e-16 -8.521134565996999929e-16 -8.329835086537899697e-16 -8.106572871763399730e-16 -7.992693313259300227e-16 -8.249877576464700035e-16 -8.488167071996100076e-16 -7.495823853792200397e-16 -4.223854233563500089e-16
3.304725019243600000e-15 -1.245326437409400029e-15 -9.449418559970600225e-16 -7.173688911309000109e-16 -7.426745223452000206e-16 -8.459884562148200072e-16 -9.511470283009800043e-16 -8.969064223619200228e-16 -8.416847501911400454e-16 -8.329813862142000381e-16 -8.571234793472200434e-16 -8.699098180428599591e-16 -8.375908890668300143e-16 -7.932822623300500067e-16 -7.800672734022999619e-16 -8.526244418165400103e-16 -9.177167121913099036e-16 -6.718095725025699537e-16 1.459612311612999961e-16
3.042031639798500028e-15 -1.211165465678000058e-15 -9.228342346987299536e-16 -7.174802241061599844e-16 -7.496988891359800139e-16 -8.541722244905099713e-16 -9.498406317147900937e-16 -8.928774135605200457e-16 -8.382747253553199605e-16 -8.336586996728799512e-16 -8.626397100122899640e-16 -8.795193895768099988e-16 -8.464164304912200449e-16 -7.966288077117900303e-16 -7.678284171965800197e-16 -8.309166141063099512e-16 -9.035748785361000865e-16 -7.025314418852099660e-16 3.215544925680699925e-17
2.590864030236699808e-15 -1.150475101185999917e-15 -8.757608869155200312e-16 -7.152640010392199950e-16 -7.636282236709000000e-16 -8.716557463896499995e-16 -9.471294191336999482e-16 -8.854125565177299819e-16 -8.325479542556600010e-16 -8.328647922163299705e-16 -8.643427526486600061e-16 -8.799374881700499875e-16 -8.432362073154499987e-16 -7.907035607874200111e-16 -7.613700593197800064e-16 -8.286931676449799963e-16 -9.143874442309299588e-16 -7.432044393573300250e-16 -6.218793181571899715e-17
3.217773794617400025e-15 -1.238145944795599980e-15 -9.360396888532800143e-16 -7.089374803181900030e-16 -7.391507277227200435e-16 -8.512938798847199751e-16 -9.660047182228299512e-16 -9.039780797038800549e-16 -8.366324669948499593e-16 -8.196905652327999631e-16 -8.458809937204199541e-16 -8.698826395683299529e-16 -8.473587533242199734e-16 -8.039356585365900476e-16 -7.745751959655000097e-16 -8.321896150915800357e-16 -9.044799118398700250e-16 -7.185139244783100107e-16 -8.589661985258799594e-18
5.457040649124299613e-16 -9.699117118094300831e-16 -8.659456750850000480e-16 -7.816021508315300241e-16 -7.929715544423699651e-16 -8.407434734732199632e-16 -9.181097466326500867e-16 -9.059524675721699343e-16 -8.790958455709599564e-16 -8.569851081425700439e-16 -8.485827295660199834e-16 -8.418061779325600089e-16 -8.287930135397799611e-16 -8.140081651373900100e-16 -8.038261827051999632e-16 -8.179124299372700456e-16 -8.324722902496500001e-16 -7.666616774099400018e-16 -5.421433007949900264e-16
2.735290083495599956e-15 -1.169631083233400077e-15 -9.158721933399700497e-16 -7.402011495358999827e-16 -7.700159117001600081e-16 -8.598578556979699542e-16 -9.350762781774600199e-16 -8.865182496297799610e-16 -8.435828014849199985e-16 -8.427576685415800274e-16 -8.646638202861199835e-16 -8.685847136352900047e-16 -8.303475984369300102e-16 -7.861010728599099962e-16 -7.783135753303499667e-16 -8.513139093135099774e-16 -9.113688714240200162e-16 -6.732881407321499715e-16 9.253786510003700275e-17
2.926119169070999985e-15 -1.203736490449300021e-15 -9.248079578606199794e-16 -7.212316917354200145e-16 -7.512644693863200434e-16 -8.537495495261200139e-16 -9.507313017115200466e-16 -8.931294167764099254e-16 -8.350304837485999632e-16 -8.258818632315300262e-16 -8.538586282174699648e-16 -8.755688993750899768e-16 -8.506443316648200051e-16 -8.066958553602700442e-16 -7.774095541693299855e-16 -8.320377207853200274e-16 -8.973267423287399972e-16 -7.110104159514900189e-16 -2.475135025872400111e-17
3.104926006396199864e-15 -1.208058172202099976e-15 -9.066148969132399927e-16 -7.113059188437800415e-16 -7.530248428458599639e-16 -8.633074944780499628e-16 -9.481982288386200707e-16 -8.860516774247899665e-16 -8.324098426075799986e-16 -8.337820365352999674e-16 -8.665985420779300175e-16 -8.812640574195000039e-16 -8.411724425965899767e-16 -7.865972982999799940e-16 -7.626746992936199926e-16 -8.399278609377699517e-16 -9.252920906558900299e-16 -7.069693004599199651e-16 8.994282850650200523e-17
2.872881403125700013e-15 -1.167308169468499999e-15 -8.730027028456800246e-16 -7.086262148065399788e-16 -7.615111078093399913e-16 -8.738918667777199863e-16 -9.473814073269700329e-16 -8.855625736882000125e-16 -8.359288338392799937e-16 -8.393541069819799632e-16 -8.685077319081700235e-16 -8.747602730407199637e-16 -8.298126786632399724e-16 -7.776487066106399517e-16 -7.688117630972100486e-16 -8.558078783417199938e-16 -9.327191528483300651e-16 -6.754614703472899653e-16 1.746913253394499958e-16
3.257780048785400180e-15 -1.233168996730899925e-15 -9.356148022412699475e-16 -7.199490151500799725e-16 -7.523243258730200139e-16 -8.596175667281999845e-16 -9.511307603769100459e-16 -8.868390204819699617e-16 -8.270592791975100479e-16 -8.240180656838200132e-16 -8.595721626743699997e-16 -8.845808066884000031e-16 -8.540185918872000084e-16 -8.015711373371699576e-16 -7.651297085638199750e-16 -8.270762689997599718e-16 -9.073215946360900121e-16 -7.152136219592500277e-16 2.743785067004299996e-17
3.297033145781399937e-15 -1.238152399921899985e-15 -9.179670767468399206e-16 -6.985699885470600413e-16 -7.370233666790600447e-16 -8.533357256432400009e-16 -9.587244082867099989e-16 -8.964415404978699838e-16 -8.361953827097199562e-16 -8.294134149575900273e-16 -8.591267922983099652e-16 -8.766964608314400407e-16 -8.428898886095399594e-16 -7.931652543049399761e-16 -7.710334395195200078e-16 -8.437964333354799974e-16 -9.191226500506000531e-16 -6.861812971589999865e-16 1.308924053772300099e-16
2.703671902876700078e-15 -1.162448023794899938e-15 -8.988531596859700783e-16 -7.286268902672699567e-16 -7.657579257758399885e-16 -8.627290748557300486e-16 -9.389911956842499435e-16 -8.869289636890599890e-16 -8.422193265163100046e-16 -8.432214085516400044e-16 -8.683856629389999972e-16 -8.743686601052900452e-16 -8.339673342524499728e-16 -7.851668154053199656e-16 -7.704205838538100493e-16 -8.441267535863999759e-16 -9.151976583124500049e-16 -6.961406978716799804e-16 5.328742776098700083e-17
3.503802274766200011e-15 -1.246604778581999951e-15 -9.244177121129100549e-16 -7.090953641344100176e-16 -7.499497521347899744e-16 -8.645396799651000057e-16 -9.518320050335500186e-16 -8.855184480673100337e-16 -8.289611484441500033e-16 -8.311630738926399744e-16 -8.662703752513399636e-16 -8.815804155253600080e-16 -8.392620383515700046e-16 -7.830100096063900369e-16 -7.635796690697399537e-16 -8.495287750115899887e-16 -9.351911388090400352e-16 -6.770805934644699623e-16 2.186072953332200088e-16
3.093396661739799935e-15 -1.204778507907999943e-15 -9.190511442199400272e-16 -7.225095949826100091e-16 -7.562968164273299798e-16 -8.576473879332000276e-16 -9.438323782654999344e-16 -8.897947055318900073e-16 -8.418598611514899711e-16 -8.416787229220799634e-16 -8.678508634620399674e-16 -8.748811991340000451e-16 -8.337719155921500449e-16 -7.840500186798699567e-16 -7.717830458661299631e-16 -8.509215322911599718e-16 -9.215976923253600482e-16 -6.720571304451000168e-16 1.552269133055300033e-16
3.155486712717100166e-15 -1.208938535119199984e-15 -8.970467420111500432e-16 -7.030138369180499719e-16 -7.496380770835099793e-16 -8.654541522496900304e-16 -9.539711460839800701e-16 -8.900762984099399465e-16 -8.338891123423700008e-16 -8.322384181774100244e-16 -8.623783787524099888e-16 -8.749789595756900212e-16 -8.358991933315000028e-16 -7.854494707640599763e-16 -7.724193185679299771e-16 -8.549291330569899629e-16 -9.309048884479200219e-16 -6.755112402006900395e-16 1.819425007432800022e-16
3.109014690331099861e-15 -1.229926848280100038e-15 -9.378482942708299867e-16 -7.149182705190600281e-16 -7.409566415636599976e-16 -8.460585631220200271e-16 -9.581747976913400581e-16 -9.032109841449200968e-16 -8.432657191216700167e-16 -8.286624298749199855e-16 -8.508831634444499690e-16 -8.666819325668799835e-16 -8.386416918760099854e-16 -7.949175301176200073e-16 -7.731188038814500093e-16 -8.384141836739800247e-16 -9.154357711289200209e-16 -7.285867890921699545e-16 -1.867919955926700060e-17
2.741252590997599861e-15 -1.159395618408999950e-15 -8.805110860556200240e-16 -7.173379348462599966e-16 -7.650009900380399827e-16 -8.717601728241599637e-16 -9.447055945648900869e-16 -8.843397910898599809e-16 -8.338150822791299967e-16 -8.348123891241800131e-16 -8.638712636314000313e-16 -8.749525706882899937e-16 -8.371239895848499720e-16 -7.889238940155700213e-16 -7.747577256783699964e-16 -8.492588979713399733e-16 -9.170042674414899223e-16 -6.801551195294400162e-16 1.067841181447999943e-16
