-2.346149382926699936e-14 -7.138999557898700481e-14 -5.790643614775899979e-14 -5.833766230185499873e-14 -5.862571755984999618e-14 -5.877025942611900382e-14 -5.882702652351999750e-14 -5.891275002374700593e-14 -5.897879119823200004e-14 -5.899046546908699398e-14 -5.898010257128100006e-14 -5.899256652742600354e-14 -5.902410115684999378e-14 -5.903418846905499552e-14 -5.893934757926599962e-14 -5.877414250307900034e-14 -5.884050012647399518e-14 -5.948877614320999826e-14
-3.240825977807799899e-14 -5.897673992875299704e-14 -5.869927591140399996e-14 -5.858985812717000074e-14 -5.855085353695500459e-14 -5.877552217720100614e-14 -5.888446298442299657e-14 -5.893697363622400193e-14 -5.894720556739399528e-14 -5.895898147267900078e-14 -5.899883311246599625e-14 -5.903645493638699593e-14 -5.903940794031199391e-14 -5.897137170175599422e-14 -5.890579141419700230e-14 -5.888150338698100385e-14 -5.884085398263699722e-14 -5.846533868147200399e-14
-4.710318253690899751e-14 -5.539045756556199715e-14 -5.884467849452300046e-14 -5.863006229685199374e-14 -5.853648514935999954e-14 -5.877812031021200383e-14 -5.889180381397299766e-14 -5.893717022972799990e-14 -5.894092799984099978e-14 -5.895565657909700495e-14 -5.900389914341400336e-14 -5.904371016202499440e-14 -5.904182113837699481e-14 -5.896490660361100342e-14 -5.890323856789300547e-14 -5.889054311010199703e-14 -5.884221875461199453e-14 -5.843043585490800114e-14
-2.038697903693399978e-15 -7.913233504554799764e-14 -5.755206637843599990e-14 -5.823851559817799829e-14 -5.866107887136499685e-14 -5.875884549418800406e-14 -5.880404361978500095e-14 -5.891085624995399406e-14 -5.899563567350199919e-14 -5.899879049245899569e-14 -5.896531957713300211e-14 -5.897573106885499537e-14 -5.902706922441299781e-14 -5.906478642659099845e-14 -5.894149006348599448e-14 -5.871510410805499791e-14 -5.886492430108799819e-14 -5.996171422572599567e-14
-1.758275370734500078e-14 -7.042001817380000562e-14 -5.802480098959100118e-14 -5.838277799544099417e-14 -5.861865388217300549e-14 -5.876827695704099483e-14 -5.883555261443400022e-14 -5.891800798681800356e-14 -5.897427950187899370e-14 -5.898431487117399473e-14 -5.898249013640699857e-14 -5.900186446058199932e-14 -5.903042183490799922e-14 -5.902377838600900152e-14 -5.892748854700100371e-14 -5.878557843983400049e-14 -5.884671863451800411e-14 -5.932112929787999798e-14
-3.466585925459499936e-14 -6.714931821966000355e-14 -5.814501082488800540e-14 -5.841740480754700598e-14 -5.860851319106300594e-14 -5.876865340510700457e-14 -5.884125318900800583e-14 -5.892099300211000179e-14 -5.897302960460999959e-14 -5.898237888694599519e-14 -5.898155896711200555e-14 -5.900077463599499777e-14 -5.902887796310199870e-14 -5.902515891264899911e-14 -5.893263936079399717e-14 -5.878752123735599637e-14 -5.884256842368600609e-14 -5.936935685326299788e-14
-2.769892999038599894e-14 -6.412920611069099772e-14 -5.837896085761500267e-14 -5.848874835509699910e-14 -5.858120103567499716e-14 -5.877301611717499894e-14 -5.886148039362899490e-14 -5.892757301667199722e-14 -5.895990083515300598e-14 -5.897137495475599853e-14 -5.899149177206399866e-14 -5.901992179701100490e-14 -5.903473870619299744e-14 -5.899653331980299975e-14 -5.891697564259800130e-14 -5.883604054733200275e-14 -5.884491376052399656e-14 -5.889096931755099498e-14
-2.152297061316899885e-14 -7.683340263484399763e-14 -5.756679341659699383e-14 -5.823266762866699792e-14 -5.865818002505000564e-14 -5.876328083120800289e-14 -5.880176046953600416e-14 -5.890607416065899385e-14 -5.899588841203700428e-14 -5.900349730200399631e-14 -5.896771807836700191e-14 -5.897130717443399456e-14 -5.902025423038400226e-14 -5.906766593897600329e-14 -5.895122268807499932e-14 -5.871156479490899993e-14 -5.885213108049099756e-14 -6.007613705866099949e-14
-2.747691193976000077e-14 -6.599157653536099457e-14 -5.825457949762400474e-14 -5.844809875196299785e-14 -5.859133228983300548e-14 -5.877162795155099877e-14 -5.885317068161700084e-14 -5.892543809816400397e-14 -5.896623793696899982e-14 -5.897633791464100415e-14 -5.898694507198700086e-14 -5.901142798192299448e-14 -5.903223140109400268e-14 -5.900922434437900163e-14 -5.892437771424799589e-14 -5.881589286145600371e-14 -5.883855297531899742e-14 -5.906281362582099626e-14
-2.269979827126100096e-14 -7.349255911726100332e-14 -5.777090289717899665e-14 -5.829322798376300494e-14 -5.863618448605000361e-14 -5.876883231283200006e-14 -5.881833270977100404e-14 -5.891038055376599759e-14 -5.898497874261299888e-14 -5.899524906896400445e-14 -5.897582605245399838e-14 -5.898532551794799487e-14 -5.902333381763999942e-14 -5.904627924775599761e-14 -5.894195458155999846e-14 -5.874826471439200574e-14 -5.884589853049199819e-14 -5.971989303444600630e-14
-2.573023281040700045e-14 -6.364056788697299972e-14 -5.842614213949799460e-14 -5.850529127664199929e-14 -5.857723791578799399e-14 -5.877172166911300412e-14 -5.886376069880399467e-14 -5.892846201344099737e-14 -5.895792572791999617e-14 -5.896989994723600259e-14 -5.899369543163099375e-14 -5.902375623389599898e-14 -5.903623434868799618e-14 -5.899196869486899489e-14 -5.891485515205400121e-14 -5.884499614947399682e-14 -5.884158965154400370e-14 -5.878807009304300250e-14
-3.007036282505700158e-14 -6.514299355590900329e-14 -5.831916977500800519e-14 -5.847510991878299956e-14 -5.858993146535200079e-14 -5.876636159744300240e-14 -5.885492870317900441e-14 -5.892980472479799555e-14 -5.896825357534799477e-14 -5.897561945714199612e-14 -5.898562879145200519e-14 -5.901171560232200219e-14 -5.903355802305900252e-14 -5.900849266188600474e-14 -5.892037461442000356e-14 -5.881320009909599581e-14 -5.885317350473399487e-14 -5.911831015526200631e-14
-1.507764414352300098e-14 -6.689695153519100357e-14 -5.826489382835599506e-14 -5.845651482597300597e-14 -5.859313320252300143e-14 -5.877136888694899813e-14 -5.885329727368200290e-14 -5.892343425080099821e-14 -5.896291953395400291e-14 -5.897594369531700586e-14 -5.899231497576499649e-14 -5.901715373730399711e-14 -5.903159162095000560e-14 -5.899676460067700337e-14 -5.891991024289599685e-14 -5.884089922918799927e-14 -5.884447508109199859e-14 -5.884580915712199576e-14
-2.938373780350399953e-14 -6.467188195543799773e-14 -5.833658009152499690e-14 -5.847466184671399747e-14 -5.858377331620700253e-14 -5.877104319395100195e-14 -5.885865452160899581e-14 -5.892858329929699927e-14 -5.896389214279799985e-14 -5.897302255166399823e-14 -5.898718356908100576e-14 -5.901389991012499891e-14 -5.903289965190900130e-14 -5.900479177197200213e-14 -5.892334628016500441e-14 -5.882688729440599383e-14 -5.884025509776700598e-14 -5.898153263931899855e-14
-3.396950748161299939e-14 -6.583016436102000109e-14 -5.822508514401900624e-14 -5.843943412225100112e-14 -5.859846278637700003e-14 -5.877166160136499667e-14 -5.884785116089399883e-14 -5.892176992720400378e-14 -5.896798472097299693e-14 -5.897950568571899443e-14 -5.898589293923599844e-14 -5.900629377846100249e-14 -5.902824630864599652e-14 -5.901475815329399526e-14 -5.893198761313100293e-14 -5.881090266833600275e-14 -5.883377997642099929e-14 -5.915653123921599554e-14
-2.025927154188099984e-14 -7.523909342388800411e-14 -5.769924811262300127e-14 -5.828131807117199776e-14 -5.864983464860899631e-14 -5.875978334582300345e-14 -5.880966124161000374e-14 -5.891236870569700622e-14 -5.899401055251000574e-14 -5.899953585105500462e-14 -5.896904158834400183e-14 -5.897634309911499629e-14 -5.902216965922700588e-14 -5.905944487457599613e-14 -5.894726627672400321e-14 -5.872806792534899459e-14 -5.884984903853500182e-14 -5.990391186893700050e-14
-3.958891896975199690e-14 -6.078790353831099923e-14 -5.855133260549599425e-14 -5.854759896939700303e-14 -5.857080622336999482e-14 -5.876946962639800519e-14 -5.886907632091999637e-14 -5.893318683640099728e-14 -5.895808064074099956e-14 -5.896771718294199458e-14 -5.899160360253500579e-14 -5.902258759588499714e-14 -5.903588328505300411e-14 -5.899381615039800135e-14 -5.891767265908000109e-14 -5.884365341989399618e-14 -5.883898464262800313e-14 -5.883719588047399654e-14
-1.849106222528699938e-14 -6.876111950679800479e-14 -5.813045765925300271e-14 -5.841351911708300496e-14 -5.860435407611800550e-14 -5.876776852518500237e-14 -5.884403522097900246e-14 -5.892310245421599895e-14 -5.897155112709999915e-14 -5.898040516448400011e-14 -5.898368374125999480e-14 -5.900552816733099454e-14 -5.903039751938200613e-14 -5.901567460301400394e-14 -5.892646705093199632e-14 -5.880640224956199919e-14 -5.885081472233000622e-14 -5.917481419855499581e-14
-2.253475594898999940e-14 -7.040712592640099392e-14 -5.800584143471499917e-14 -5.837632602864099465e-14 -5.861953790913100025e-14 -5.876634499563799698e-14 -5.883471230121800189e-14 -5.892071230283299917e-14 -5.897806428078799607e-14 -5.898442851838400517e-14 -5.897680671781299887e-14 -5.899610334652800594e-14 -5.903038777180800603e-14 -5.903380946680199496e-14 -5.893254150278900300e-14 -5.877247409997199655e-14 -5.885216600837699392e-14 -5.947801415949300259e-14
-3.305722867899299735e-14 -6.258166362700600336e-14 -5.844626027262199615e-14 -5.850687991242799697e-14 -5.857316414495299715e-14 -5.877351463876100554e-14 -5.886514696470900321e-14 -5.892846639086899764e-14 -5.895773230770799465e-14 -5.897026520324800199e-14 -5.899384601406300272e-14 -5.902284796727800132e-14 -5.903511445799099780e-14 -5.899337486390599536e-14 -5.891747944691600267e-14 -5.884289176358699631e-14 -5.883722300054999998e-14 -5.882644432839000575e-14
