5.855727900889401644e+04 -2.624107901267351922e-14 9.472323056246309021e-15
5.879038456808323099e+04 -6.734325371137010901e-14 5.853749783603974305e-15
5.897700052627096011e+04 -5.817742582393655233e-14 3.450139933906486932e-16
5.899995429031519598e+04 -5.842678389678085277e-14 1.072074188307314871e-16
5.902595770527169952e+04 -5.860142178579009120e-14 3.296455383873250142e-17
5.908473069335755281e+04 -5.876927365316300552e-14 4.640530011312179936e-18
5.911165067162516061e+04 -5.884600057036499845e-14 2.429604527586468203e-17
5.913971832474360417e+04 -5.892280539316995029e-14 8.689956719764685507e-18
5.916958944816869916e+04 -5.896986450410351174e-14 1.468661899977075432e-17
5.919539722629541939e+04 -5.897966951344990593e-14 1.269878711766338106e-17
5.922532380058830313e+04 -5.898469409269324416e-14 9.963258725694953315e-18
5.925240707597902656e+04 -5.900676568504154787e-14 1.924157795509563612e-17
5.927517015448298480e+04 -5.903093700299931588e-14 5.524042997341610237e-18
5.931105262991892232e+04 -5.901583945959895438e-14 2.811395001970678672e-17
5.933797763358918019e+04 -5.892682134991126327e-14 1.269885344848838732e-17
5.936889169371846219e+04 -5.880382653011800402e-14 4.963270732218359477e-17
5.939981068589291681e+04 -5.884507956469095089e-14 6.987773690029030611e-18
5.942875842163779453e+04 -5.919485989063744265e-14 4.575272669691308872e-16
