-8.858029901608500274e-14 -8.817658551917899669e-14 -8.812996845310300334e-14 -8.819964244253399824e-14 -8.821900381064199675e-14 -8.827415754594900034e-14 -8.825815146538500034e-14 -8.812052151475999626e-14 -8.808077508238299845e-14 -8.799533829193500213e-14 -8.800026694804599922e-14 -8.835285378505200176e-14
-8.861827913661500037e-14 -8.817387275877199742e-14 -8.812287574466299847e-14 -8.820045587614900095e-14 -8.821163697090000580e-14 -8.827403892020999866e-14 -8.826155812778700173e-14 -8.812228101011700270e-14 -8.808104101594599389e-14 -8.799176470210499660e-14 -8.799739603019699511e-14 -8.837412008068299851e-14
-8.853662367971099557e-14 -8.816929341485499469e-14 -8.813324086142199372e-14 -8.819544337284099479e-14 -8.821509542089299494e-14 -8.827376271310600253e-14 -8.825992677236099737e-14 -8.812434672097299452e-14 -8.808440728696199761e-14 -8.799631944907100165e-14 -8.799463762246100031e-14 -8.832584505737599718e-14
-8.854764349944200107e-14 -8.815972587483400120e-14 -8.812753968694100438e-14 -8.819264160457600398e-14 -8.821238291135399979e-14 -8.827640662913799792e-14 -8.826160709040000315e-14 -8.811828636538700510e-14 -8.807691324851400126e-14 -8.798929750678500155e-14 -8.799833931069700096e-14 -8.837499882276999901e-14
-8.860050422498299764e-14 -8.817920154024599650e-14 -8.813381039868899616e-14 -8.819364832830000351e-14 -8.821399000486400106e-14 -8.827842034653700078e-14 -8.826459681430000340e-14 -8.812231468923800364e-14 -8.808084101576899689e-14 -8.799236872243700145e-14 -8.800057682908199548e-14 -8.838102893501800154e-14
-8.852823202386299710e-14 -8.817364846732400630e-14 -8.813900244374300002e-14 -8.819611660617100413e-14 -8.821826120586099596e-14 -8.827284096767900424e-14 -8.825637903210200306e-14 -8.811985260109900534e-14 -8.808053528298200162e-14 -8.799537545907900184e-14 -8.799709793278799932e-14 -8.832951800516100491e-14
-8.853734407056599898e-14 -8.817092742624700056e-14 -8.813576478918299660e-14 -8.819560423523200007e-14 -8.821566909533299999e-14 -8.827304849257600081e-14 -8.825792555772200516e-14 -8.812144730620499909e-14 -8.808187145645300621e-14 -8.799629448037700166e-14 -8.799923964840099804e-14 -8.834052454756699595e-14
-8.854640756638499788e-14 -8.817575428251000108e-14 -8.813521860930400207e-14 -8.819817549661599749e-14 -8.821895211592399464e-14 -8.827267698889800373e-14 -8.825682689124999998e-14 -8.812184210412199443e-14 -8.808265022742200213e-14 -8.799697395041199468e-14 -8.799693699499699975e-14 -8.832575627348300037e-14
-8.852761635523400147e-14 -8.816311035033299719e-14 -8.813015681283599996e-14 -8.819399518456200570e-14 -8.821628804694099887e-14 -8.827567607714600165e-14 -8.826082722467300392e-14 -8.812270920717400112e-14 -8.808248725912700128e-14 -8.799497666115100103e-14 -8.799625795132799741e-14 -8.833643703347800399e-14
-8.858621164611200431e-14 -8.817631129875999999e-14 -8.812842946546900328e-14 -8.820074962859500536e-14 -8.821093354229100624e-14 -8.827183371859899898e-14 -8.826156017946500159e-14 -8.812860860305400589e-14 -8.808795816891899552e-14 -8.799548358996500412e-14 -8.798794853464000504e-14 -8.831785487413899448e-14
-8.862432432028899722e-14 -8.817432123977899544e-14 -8.812319063840199574e-14 -8.819969900498800181e-14 -8.821199908688999654e-14 -8.827479017274200436e-14 -8.826140229352000384e-14 -8.811969470876600131e-14 -8.807814375067900411e-14 -8.798937054755500500e-14 -8.799825373437999652e-14 -8.838698584245000249e-14
-8.865477641337300155e-14 -8.818152501147100260e-14 -8.812088308185799430e-14 -8.820580020093700505e-14 -8.820994035735200386e-14 -8.827169679037999546e-14 -8.826096995117999522e-14 -8.812387002411799425e-14 -8.808237348212599640e-14 -8.799053813780699835e-14 -8.799178860768100512e-14 -8.836428206902199769e-14
-8.862398532114899868e-14 -8.819408963164299982e-14 -8.813470591310300553e-14 -8.820348071827500447e-14 -8.821869153952499910e-14 -8.827244085120199656e-14 -8.825816160735300137e-14 -8.812378983837799484e-14 -8.808400833009300157e-14 -8.799585622595700613e-14 -8.799435730328099912e-14 -8.833408543239999772e-14
-8.865283440585900300e-14 -8.818231359572400419e-14 -8.812307395043700178e-14 -8.820223327553399422e-14 -8.821359807192700521e-14 -8.827540200506000457e-14 -8.826218477255500403e-14 -8.812036380897599868e-14 -8.807844689227399788e-14 -8.798782939113800471e-14 -8.799414662108200208e-14 -8.838100035182100272e-14
-8.858788567031400598e-14 -8.815614676949299388e-14 -8.811894257493000238e-14 -8.818974884356999508e-14 -8.821079225109199623e-14 -8.828192045135899603e-14 -8.826800281629399658e-14 -8.811846298920000190e-14 -8.807528283629500346e-14 -8.798538988774299411e-14 -8.800045148042600195e-14 -8.841524466497399964e-14
-8.855697579776899914e-14 -8.815272368333199435e-14 -8.812042584758899964e-14 -8.819066893075500174e-14 -8.821549459471099565e-14 -8.828078660071899379e-14 -8.826371038236000536e-14 -8.811433173377199585e-14 -8.807220589420300291e-14 -8.798589749999099695e-14 -8.800291898101199374e-14 -8.840801710209600277e-14
-8.857972179609899377e-14 -8.817304078855199980e-14 -8.813068106493900086e-14 -8.819390708401300277e-14 -8.821423152222399984e-14 -8.827741037209999937e-14 -8.826347430819700009e-14 -8.812176246818699640e-14 -8.808022737002200324e-14 -8.799028771494399900e-14 -8.799416995930499402e-14 -8.835960946820200078e-14
-8.866031540874600405e-14 -8.818570364696999444e-14 -8.812321854128200513e-14 -8.820387246761499973e-14 -8.821241015212000407e-14 -8.827340673953299530e-14 -8.826146139927700227e-14 -8.812301460088299498e-14 -8.808156590448899794e-14 -8.799069561176999419e-14 -8.799390946167099571e-14 -8.837013719644200419e-14
-8.861544497101299525e-14 -8.817530170125000348e-14 -8.812525507045199504e-14 -8.820029543589099659e-14 -8.821593044271599997e-14 -8.827466852138099665e-14 -8.825857791923399522e-14 -8.811586803659800277e-14 -8.807497822468299422e-14 -8.798939786256800445e-14 -8.800218653170800348e-14 -8.839322944319299509e-14
-8.864740004005100534e-14 -8.816919607554600073e-14 -8.811589721496799948e-14 -8.819639901230399973e-14 -8.820951876770500193e-14 -8.827954662241499977e-14 -8.826767424458099853e-14 -8.812031120159299583e-14 -8.807659443269099827e-14 -8.798277799253199836e-14 -8.799173359456600052e-14 -8.840200335132100256e-14
