5.878783810410782462e+04 -8.859064126818289122e-14 4.393052661671402545e-17
5.886444775239938463e+04 -8.817313965384101353e-14 9.604554593759049445e-18
5.889748293882408325e+04 -8.812761405816565494e-14 6.298278738932028628e-18
5.912356255626813800e+04 -8.819762888747290140e-14 4.391251190657045738e-18
5.923264310668184044e+04 -8.821424099556324162e-14 2.957618800463203360e-18
5.929746932744486548e+04 -8.827524657633645210e-14 2.899549565415545195e-18
5.933532737276107946e+04 -8.826124894249979291e-14 3.106149573771905741e-18
5.940018906222413352e+04 -8.812118397662999798e-14 3.041431818448289544e-18
5.941476058184537396e+04 -8.808016535810160669e-14 3.612520836071439436e-18
5.945490519881628279e+04 -8.799161168426610860e-14 4.053102018082393135e-18
5.949490857362394308e+04 -8.799663070388745104e-14 3.733487352026460698e-18
5.956474486535821052e+04 -8.836367661683240080e-14 2.899525651710568351e-17
