5.876577214532778453e+04
5.878783810410699516e+04
5.886444775239892624e+04
5.889748293882412690e+04
5.890319770752613113e+04
5.893722091262709728e+04
5.897701752186827071e+04
5.899997094668963837e+04
5.902596337251691148e+04
5.908473664145157818e+04
5.911165671596107859e+04
5.912356255626808706e+04
5.913972454549420218e+04
5.916959574324897403e+04
5.919546179728679999e+04
5.922533000721396820e+04
5.923264310668199323e+04
5.925241321787899506e+04
5.927517605806692882e+04
5.929746932744465448e+04
5.931105377105287334e+04
5.933532737276090484e+04
5.933797868621700763e+04
5.936889270140576264e+04
5.939981176880565181e+04
5.940018906222376972e+04
5.941476058184526482e+04
5.942875965270642337e+04
5.945490519881616638e+04
5.945565333938680124e+04
5.948761349103642715e+04
5.949490857362384850e+04
5.951848246310639661e+04
5.956474486535834149e+04
