5.876577214532778453e+04 -8.314792018022495469e-14 1.641709523883412841e-15
5.878783810410699516e+04 -8.525559515090915316e-14 9.159835593273524033e-16
5.886444775239892624e+04 -8.868058755201299994e-14 1.477027184894114776e-16
5.889748293882412690e+04 -8.854459850279390179e-14 9.416556190930568243e-17
5.890319770752613113e+04 -8.848848214407169190e-14 7.775478647166473238e-17
5.893722091262709728e+04 -8.817944967560516831e-14 6.900131947616665101e-18
5.897701752186827071e+04 -8.808801626427613790e-14 1.419466917446670434e-17
5.899997094668963837e+04 -8.815058833010545018e-14 3.564710430900380999e-18
5.902596337251691148e+04 -8.824189221622183727e-14 1.166670876717464328e-17
5.908473664145157818e+04 -8.828274313311204394e-14 4.953528766250921464e-18
5.911165671596107859e+04 -8.823178957757895707e-14 9.363510369680383162e-18
5.912356255626808706e+04 -8.820789026419610419e-14 8.278949123387204699e-18
5.913972454549420218e+04 -8.818059133176869117e-14 4.534160833636893246e-18
5.916959574324897403e+04 -8.815648738575416416e-14 6.247055825677549877e-18
5.919546179728679999e+04 -8.816546817839936649e-14 8.398073178695862315e-18
5.922533000721396820e+04 -8.820190669275294914e-14 2.546416730519211384e-18
5.923264310668199323e+04 -8.821355285407185989e-14 2.689907929423493475e-18
5.925241321787899506e+04 -8.824715990110807782e-14 7.623967573703172790e-18
5.927517605806692882e+04 -8.828313609610988445e-14 9.353945240140801605e-18
5.929746932744465448e+04 -8.830454518942780172e-14 4.784454759576318779e-18
5.931105377105287334e+04 -8.830555634941091475e-14 2.608909932046699416e-18
5.933532737276090484e+04 -8.827679912677575901e-14 9.365195386369556985e-18
5.933797868621700763e+04 -8.827113121335757073e-14 9.872311486609224041e-18
5.936889270140576264e+04 -8.817517566747115367e-14 7.419811447376407275e-18
5.939981176880565181e+04 -8.806619173872770444e-14 7.882336327995124187e-18
5.940018906222376972e+04 -8.806511774426350517e-14 8.039126770318789984e-18
5.941476058184526482e+04 -8.803305473342912361e-14 1.261161715897147395e-17
5.942875965270642337e+04 -8.802318357836363545e-14 1.247915336479580382e-17
5.945490519881616638e+04 -8.805980751378591138e-14 5.125568830783102382e-18
5.945565333938680124e+04 -8.806157109250814723e-14 5.606266058038284455e-18
5.948761349103642715e+04 -8.810720303437785915e-14 2.311841438629598502e-17
5.949490857362384850e+04 -8.809003987306949006e-14 1.853673810667810171e-17
5.951848246310639661e+04 -8.786789777330339628e-14 6.280363778711433593e-17
5.956474486535834149e+04 -8.619091037838472850e-14 6.801520568365656539e-16
