-6.624196622171400518e-14 -1.522167588273700016e-16 -2.159101913666700006e-15 -1.839323751445000098e-15 -2.069109705565899886e-15 -1.872263100171800111e-15 -1.974245411220900027e-15 -1.872070681187299899e-15 -1.961877540936599851e-15 -1.964025680661299805e-15 -1.873898362970199989e-15 -1.939612607732999831e-15 -2.046017442054800166e-15 -1.961596343778900148e-15 4.724687761823000308e-17
4.125494111752600084e-14 -7.861670942973099643e-15 -1.588188145279900092e-15 -2.112824064049299885e-15 -1.891734763990299856e-15 -1.877300560922199947e-15 -2.079765760624500004e-15 -1.940928005662100158e-15 -1.966181429467800188e-15 -1.969097973095300036e-15 -1.856381094785099896e-15 -1.908010155412799855e-15 -2.161874191342400064e-15 -1.416594431741899937e-15 -5.889177074529000058e-15
5.235452794428299834e-14 -9.006059096740499726e-15 -1.516892649088899969e-15 -2.153720546619699978e-15 -1.866814982121100194e-15 -1.927055043855199832e-15 -2.065853173255899983e-15 -2.002409203092400103e-15 -1.944487065106900025e-15 -1.956295906784799973e-15 -1.877779487308500080e-15 -1.879616140227499859e-15 -2.198451485478699914e-15 -1.282644272058199922e-15 -7.545723186351900211e-15
2.021334373515700040e-14 -4.582662295346899790e-15 -1.829572154264699865e-15 -1.998817974754099805e-15 -1.969996504068499930e-15 -1.938167642326599821e-15 -2.012108201517499972e-15 -1.928348767109399952e-15 -1.958069839945499882e-15 -1.978942148460000112e-15 -1.853700330428099890e-15 -1.925466143542200047e-15 -2.100755899606000059e-15 -1.636073571877499926e-15 -3.644803891520899836e-15
2.722812117444400074e-15 -4.125305732425100372e-15 -1.862418660746599894e-15 -1.988068772822299973e-15 -1.962748585296700104e-15 -1.897005180546700047e-15 -2.044125052239199873e-15 -1.915042567768299862e-15 -1.983548338622599910e-15 -1.943518181920700001e-15 -1.900341468804199835e-15 -1.909287959478100158e-15 -2.077334231145600177e-15 -1.835667509146499992e-15 -1.404114223971899947e-15
-1.154959695603699978e-14 -3.064094724593800133e-15 -1.948585083935300147e-15 -1.935930489251099824e-15 -2.005450995826800082e-15 -1.892361660905499852e-15 -2.010773490261200026e-15 -1.889587945339700052e-15 -1.962469576269699824e-15 -1.977074209060600008e-15 -1.858317959396499875e-15 -1.942469879755299893e-15 -2.071636670435499816e-15 -1.752959674423099956e-15 -2.148132516149399923e-15
-9.735738028319699716e-15 -3.538548039481799874e-15 -1.894470960658900036e-15 -1.963795664491499938e-15 -1.993798882204200017e-15 -1.898702804629900144e-15 -2.016255879464500019e-15 -1.901793699380499849e-15 -1.959899197934099806e-15 -1.973978578871400014e-15 -1.864548260139800168e-15 -1.920521617106899962e-15 -2.105020109964399907e-15 -1.724546386127400019e-15 -2.471670001578299837e-15
-8.956039731864900638e-15 -3.920117602169200177e-15 -1.898813937576199886e-15 -1.952699464489000021e-15 -2.006254097929499917e-15 -1.842809390878599920e-15 -2.033214920311099979e-15 -1.893992575395699894e-15 -1.992940911454199831e-15 -1.939689988137499966e-15 -1.897338630818800180e-15 -1.918008813047499837e-15 -2.057320672669799891e-15 -1.918578720219399910e-15 -6.843767696845900199e-16
-5.902991854832199742e-14 -2.671311786690000076e-16 -2.142571457339300118e-15 -1.843327278662900107e-15 -2.065891787904999811e-15 -1.886988486303799917e-15 -1.988307797661500102e-15 -1.867308471976400126e-15 -1.986283348413899887e-15 -1.949951529136599809e-15 -1.880023338894199946e-15 -1.949513838491799809e-15 -2.013524848342800003e-15 -2.055008128839500194e-15 4.420480790444099947e-16
-5.425069544471499974e-15 -3.920759849554300157e-15 -1.916645238170300006e-15 -1.947127622638799862e-15 -1.994060908560500166e-15 -1.876566332783499956e-15 -2.043240641031800018e-15 -1.897598545219600117e-15 -2.008008711291700074e-15 -1.934275473349799989e-15 -1.876294342463700144e-15 -1.932965992685799879e-15 -2.070125430265000081e-15 -1.887041673164799992e-15 -9.414514621036899649e-16
-2.961301699985799782e-14 -2.580657533861299853e-15 -2.021958577778499930e-15 -1.890732356903899849e-15 -2.029826762702300108e-15 -1.865991938205299849e-15 -2.022354240607399864e-15 -1.874595410902599826e-15 -1.993207247932599884e-15 -1.951297173968300188e-15 -1.880131869164999905e-15 -1.943389221244799980e-15 -2.042254822709100129e-15 -1.911581067174799978e-15 -5.109149700629600200e-16
-2.146846953447699867e-14 -4.343241377572099615e-15 -1.915448569712000152e-15 -1.956721837906999804e-15 -1.975302374054100098e-15 -1.829223437755500159e-15 -2.083503966301400115e-15 -1.890881133922899836e-15 -2.052851919871299974e-15 -1.898008209923600180e-15 -1.903405695139199916e-15 -1.937920494457100060e-15 -2.046302630217599846e-15 -1.960710171927400019e-15 -5.859924606598200326e-17
9.410063749355600338e-14 -1.344987440120199936e-14 -1.264798078561600011e-15 -2.279473947916799807e-15 -1.771442045914399908e-15 -1.817241723279800056e-15 -2.191527104866499949e-15 -2.021776594235500017e-15 -2.022149297670399932e-15 -1.862694529123799841e-15 -1.983331566060899923e-15 -1.802640425814399847e-15 -2.220863927122799891e-15 -1.508808870090300083e-15 -4.740118105882899974e-15
-6.088771520561199529e-14 -1.976993929101800101e-15 -2.055075150368100191e-15 -1.889738493287200049e-15 -2.025937420772400151e-15 -1.891335951737100134e-15 -2.018100669657099986e-15 -1.891897541506099833e-15 -1.995160743011000159e-15 -1.946419609502600178e-15 -1.873707069964799809e-15 -1.933319327168699867e-15 -2.067962000188700081e-15 -1.829623321710899805e-15 -1.638609103876599928e-15
-3.698969497073500226e-14 -2.768379114209400044e-15 -1.953169708657399954e-15 -1.930425171613100028e-15 -2.015029348724800081e-15 -1.879423540940099969e-15 -2.020512086937599947e-15 -1.892116909011800089e-15 -1.992540945630800058e-15 -1.953368912183199994e-15 -1.868213178588399930e-15 -1.941936579883700190e-15 -2.055273243829900146e-15 -1.806695776437799899e-15 -2.063124272539199983e-15
-4.566466178010299650e-15 -4.361125504786699849e-15 -1.830140291820599995e-15 -2.004261613913499959e-15 -1.963867031827899819e-15 -1.915713498942699869e-15 -2.033721577263499849e-15 -1.929328661962300159e-15 -1.989304048770700166e-15 -1.947874048601900138e-15 -1.870638142324199883e-15 -1.922709623550199979e-15 -2.104471641839299959e-15 -1.687933730538999978e-15 -3.033217831172799910e-15
-6.406529183986599524e-14 -9.106883727566499891e-17 -2.129005161411100130e-15 -1.857208977311699933e-15 -2.060781830607499808e-15 -1.908598685354100069e-15 -1.969890152981000166e-15 -1.884730594493300097e-15 -1.955997561736700040e-15 -1.965902782439399851e-15 -1.880262022401800168e-15 -1.941504031452000020e-15 -2.037540887022899893e-15 -1.912847788631900142e-15 -6.081352010697899855e-16
-1.296485598746800000e-14 -4.756860628147900175e-15 -1.844345344099700001e-15 -1.989444097102199821e-15 -1.962866011424100036e-15 -1.888181628453300095e-15 -2.050300216384699939e-15 -1.933446640723200171e-15 -1.996135314552000158e-15 -1.926354290783199892e-15 -1.914906897660100066e-15 -1.895315771772800183e-15 -2.115103873920499946e-15 -1.761158256831300088e-15 -1.830881761125300182e-15
2.154815291769999869e-14 -6.257815522525899888e-15 -1.722484912739799949e-15 -2.055065760910199996e-15 -1.919942536033000074e-15 -1.872726359170600151e-15 -2.068048618903400118e-15 -1.929394687552099849e-15 -1.967880371644899896e-15 -1.955893903415400115e-15 -1.891718219629299890e-15 -1.893299713970900057e-15 -2.115140477584900173e-15 -1.647685122994199908e-15 -3.669753230704700031e-15
3.062578526124399843e-14 -6.602604888420199886e-15 -1.697124575824400094e-15 -2.052915441052700040e-15 -1.930615070808299919e-15 -1.864334524728399961e-15 -2.069707779955000086e-15 -1.919437453016899877e-15 -1.972170470002599860e-15 -1.958718306040699932e-15 -1.870683403184900119e-15 -1.911291790985400092e-15 -2.127088822694900149e-15 -1.621928364982900067e-15 -3.787792517006999705e-15
