5.876579575468130497e+04 -6.433681957992250086e-15 4.074637058749680095e-14
5.888216046396407910e+04 -4.381359397894201262e-15 3.099653872507120931e-15
5.890318509375924623e+04 -1.859540528585000219e-15 2.150390410594983149e-16
5.893720806118618930e+04 -1.982081166357099742e-15 1.063392041135618459e-16
5.897696330958319595e+04 -1.974073582316865442e-15 7.064125478282562735e-17
5.899991767092470400e+04 -1.882099574594534993e-15 2.925123888432687707e-17
5.902591716913726123e+04 -2.039777837072284528e-15 4.704674075353407754e-17
5.908467772645815421e+04 -1.913834304472904633e-15 3.905568427674301148e-17
5.911161451347517868e+04 -1.983058194013299734e-15 2.506645983994880532e-17
5.913967794450093061e+04 -1.947669071773004843e-15 2.675085063297790552e-17
5.916954348355060210e+04 -1.883781067006384705e-15 2.772802416043660472e-17
5.919543198786509311e+04 -1.917440006389045069e-15 3.231798284252029911e-17
5.922528765176514571e+04 -2.091703165421779738e-15 5.270657113725186888e-17
5.925236673061871261e+04 -1.755984159134884673e-15 1.911076782627326855e-16
5.927513402374245925e+04 -2.309065020436713770e-15 2.036275471076128602e-15
