1.155078893024899890e-16 -5.359637093547999925e-16 -5.513424971536600321e-16 -5.369140880756499812e-16 -5.138290587225799652e-16 -4.668866289647599813e-16 -4.539296109173099761e-16 -4.485228367088399804e-16 -4.471599400509099901e-16 -4.465623769250599976e-16 -4.442300405195700367e-16 -4.429563476065800094e-16 -4.503882338678899674e-16 -4.789776369642700406e-16 -5.335693413218100386e-16 -6.040891779747600312e-16 -6.631491620094700098e-16 -6.336177606479100374e-16 -4.765977940461000221e-16
-1.585236971072899989e-15 -3.256569286827199873e-16 -5.893250486479399938e-16 -5.730226942288000128e-16 -5.246158251171400220e-16 -4.609829595848500249e-16 -4.573293054156399692e-16 -4.544785365258299571e-16 -4.446208705775299557e-16 -4.400413181015099968e-16 -4.329457984433800032e-16 -4.409447760068399863e-16 -4.709535789895900113e-16 -5.207525295435499631e-16 -5.662014126914900213e-16 -5.840996466448600168e-16 -5.653727539428299996e-16 -5.506200733978900102e-16 -6.199553582246300437e-16
6.273632244370000430e-16 -5.853736930658699545e-16 -5.278835716917899722e-16 -5.377642571128800282e-16 -5.385938718467300201e-16 -4.766023781845200085e-16 -4.443494856344299508e-16 -4.300031291952599799e-16 -4.356168889859600158e-16 -4.402355322283599838e-16 -4.513978720775999781e-16 -4.590585898973500330e-16 -4.658995036367800482e-16 -4.860911259204100391e-16 -5.322321504894399528e-16 -5.981046180805900427e-16 -6.435834873385599714e-16 -5.545152761672500178e-16 -2.624450803845099875e-16
-1.468010136619200107e-16 -5.037499922196099941e-16 -5.499438203301199684e-16 -5.478313101416100288e-16 -5.306209580952500408e-16 -4.697461280304700068e-16 -4.477192325792000039e-16 -4.376799924045999898e-16 -4.388361508799300161e-16 -4.407121132444700067e-16 -4.463138059082700448e-16 -4.532956248989600217e-16 -4.646906297371799932e-16 -4.891777445922000361e-16 -5.310525196411499953e-16 -5.854588404370000134e-16 -6.356102394697300111e-16 -6.252392185216199577e-16 -5.222712986458200383e-16
1.749921172760600033e-15 -7.234614846136500021e-16 -5.093277886531299899e-16 -5.165595908783900420e-16 -5.281664289175300095e-16 -4.758130200409600084e-16 -4.415915698888399890e-16 -4.289342787588199767e-16 -4.395930152113000019e-16 -4.457208491080100442e-16 -4.565665909465300061e-16 -4.560775943903200208e-16 -4.506394909991699950e-16 -4.651109792788299667e-16 -5.258310155729599521e-16 -6.249927449251300239e-16 -6.937344866076800014e-16 -5.330457339606600124e-16 -1.531379880404099909e-17
-3.680844760639199795e-15 -5.550616820125100014e-17 -6.454023643028999510e-16 -6.329472670717800308e-16 -5.494227171870699877e-16 -4.448681018993799588e-16 -4.541180139285500220e-16 -4.652540105938800136e-16 -4.543623620862900038e-16 -4.458689231804900361e-16 -4.264641529893699842e-16 -4.261092619602999937e-16 -4.588311298347099712e-16 -5.191812662515800453e-16 -5.691401180970499611e-16 -5.793706241123200385e-16 -5.681600713837500191e-16 -6.696692194041399656e-16 -1.050285581395400042e-15
4.975456305643400149e-16 -5.636093858665299943e-16 -5.346344658894400364e-16 -5.469967169431700199e-16 -5.416935301054900182e-16 -4.705218174454600007e-16 -4.437316051505200063e-16 -4.366722939604499802e-16 -4.432538769359799798e-16 -4.460496727660399681e-16 -4.489887171949599707e-16 -4.468779745811299914e-16 -4.503109379644099519e-16 -4.798719030304099551e-16 -5.461015360495099740e-16 -6.291371268131600380e-16 -6.640468237322099961e-16 -5.105940968159500456e-16 -1.150248314986999979e-16
-7.125255325282899911e-15 3.645650674963099811e-16 -7.297876958054300341e-16 -7.024419952913300470e-16 -5.583178505488300176e-16 -4.267824529921199865e-16 -4.653424696329899908e-16 -4.904736083577999544e-16 -4.630590703161899900e-16 -4.442594707209600397e-16 -4.043744719161499776e-16 -4.055600648156800022e-16 -4.665780074771200208e-16 -5.606493675740000481e-16 -6.038430304972299872e-16 -5.486025839779100097e-16 -4.633945871554999901e-16 -7.003935085205599901e-16 -1.627612804471899949e-15
5.550063873873699942e-17 -4.998786364752999549e-16 -5.516000008956500213e-16 -5.682829633292299703e-16 -5.540751489987500383e-16 -4.637068388932900483e-16 -4.384440337498099777e-16 -4.370355933799999803e-16 -4.472119315284000288e-16 -4.503171736539299599e-16 -4.519757008995700245e-16 -4.473787346706200188e-16 -4.498202059257599678e-16 -4.809873400476200203e-16 -5.490944578945800408e-16 -6.299765950079599566e-16 -6.559082094722600115e-16 -4.969428465424900257e-16 -1.204895588192800002e-16
-5.468397299326300131e-15 1.937346167314100111e-16 -6.971494797506199591e-16 -7.044084695591899705e-16 -5.917358950251300286e-16 -4.233859085836600105e-16 -4.402799238361600203e-16 -4.711819851439900257e-16 -4.690174082466099591e-16 -4.593603762014299968e-16 -4.294795947907799903e-16 -4.156286228741599938e-16 -4.442985763876500171e-16 -5.155052721695399862e-16 -5.815545605692800135e-16 -5.944907838645999727e-16 -5.608138725347199658e-16 -6.507295921235399957e-16 -1.112133712966700081e-15
-3.008727636224500184e-15 -1.424520199910299944e-16 -6.237863292694799887e-16 -6.229257350814900473e-16 -5.593399767247599984e-16 -4.504356514266400307e-16 -4.436966320415300227e-16 -4.473737547758599891e-16 -4.451057941020200251e-16 -4.426793102371699986e-16 -4.385548900689700142e-16 -4.462626903065199774e-16 -4.720374354182399934e-16 -5.116548454671699921e-16 -5.430724213177600210e-16 -5.553191089733999669e-16 -5.784487132619700147e-16 -7.176905202472800250e-16 -1.078015595585699952e-15
-1.709891664059300093e-15 -3.187357118078799783e-16 -5.847428992760099692e-16 -5.742242216340399907e-16 -5.319205858066900162e-16 -4.677629808868199643e-16 -4.587265373305799855e-16 -4.504221063762300174e-16 -4.385508723521799772e-16 -4.341536874003000028e-16 -4.288925026426299927e-16 -4.389024227969400146e-16 -4.683165093039499830e-16 -5.134331992977800415e-16 -5.533269925577899870e-16 -5.730980071025000381e-16 -5.796893713272400074e-16 -6.251558003354199618e-16 -7.777889553340500073e-16
-5.525776307246000105e-15 1.573410796229100034e-16 -6.928341956290799817e-16 -6.617957320013499825e-16 -5.400511459367799772e-16 -4.337122745225500088e-16 -4.654126159379099866e-16 -4.850231063621899968e-16 -4.607631097183699998e-16 -4.445367748572000147e-16 -4.099249410598900052e-16 -4.101174876797499987e-16 -4.627722420709599658e-16 -5.488288860969700458e-16 -5.988835970727799759e-16 -5.677126350973799761e-16 -4.956638100306600220e-16 -6.432175835305000139e-16 -1.303499814327000096e-15
-4.793967671367299970e-15 8.751370171615200019e-17 -6.740785574186400056e-16 -6.566182359689599508e-16 -5.510725057532700074e-16 -4.360576503834000165e-16 -4.575843110850099835e-16 -4.766835480434499649e-16 -4.615280120268599550e-16 -4.492973500498900365e-16 -4.207739293376400054e-16 -4.174757069510799796e-16 -4.575529317794099519e-16 -5.307747949418999693e-16 -5.837840507266799822e-16 -5.768195598690000360e-16 -5.354542132404199985e-16 -6.549803639013100089e-16 -1.171477543720400070e-15
-2.857269547628400193e-15 -1.588147667427399905e-16 -6.189003723514700056e-16 -6.135409709590499830e-16 -5.484682565678699581e-16 -4.530553294493299875e-16 -4.544798452365100343e-16 -4.606598194983399882e-16 -4.521603353009200385e-16 -4.456784725379600412e-16 -4.306686968215900175e-16 -4.306454979074300211e-16 -4.585912004090399632e-16 -5.135279760346799760e-16 -5.659070547807299950e-16 -5.873076358115300105e-16 -5.780137990795400417e-16 -6.190514963032100466e-16 -8.365891429123000341e-16
-7.400425118444700302e-15 4.129198465805699836e-16 -7.438851950620199700e-16 -7.357920159108899989e-16 -5.894848488381999549e-16 -4.135833822275799911e-16 -4.439525301159400053e-16 -4.773772244277300123e-16 -4.652025284734099683e-16 -4.513964179741300092e-16 -4.178219156122999837e-16 -4.150665318486900009e-16 -4.647678256463200051e-16 -5.479449293789900440e-16 -5.913701127225100143e-16 -5.497786484729699754e-16 -4.849429431991600346e-16 -7.236833949859800065e-16 -1.619613255050200060e-15
-7.510499497421899374e-15 4.256464383887600066e-16 -7.452934865620499952e-16 -7.334158710943000064e-16 -5.844176254961900307e-16 -4.174340172748799800e-16 -4.529968351498999830e-16 -4.865265917455199817e-16 -4.683479426124800117e-16 -4.513236593601399679e-16 -4.099381339489099974e-16 -4.021068312488199813e-16 -4.526826364675999939e-16 -5.433294764809400073e-16 -5.970118008204100002e-16 -5.629771626960599862e-16 -4.989837529894200434e-16 -7.333633361703199602e-16 -1.630799510854800095e-15
-9.121897910674800453e-16 -3.941721476434699961e-16 -5.616475840441300490e-16 -5.845272935947699710e-16 -5.668116122249900130e-16 -4.671531796058700319e-16 -4.387880661509600219e-16 -4.331110097727399872e-16 -4.404771177446400026e-16 -4.435670883123599961e-16 -4.482681824491300253e-16 -4.499374367089100089e-16 -4.561598900719600111e-16 -4.806966180970400271e-16 -5.299909174362600310e-16 -5.954104934399200335e-16 -6.555094744567700398e-16 -6.532822213535699739e-16 -5.727069045057799807e-16
-9.385305721915399868e-16 -3.870413277836199813e-16 -5.681345116443499892e-16 -5.851619629340999684e-16 -5.609125292426100253e-16 -4.635744658263200066e-16 -4.400380585640799817e-16 -4.365278039820299916e-16 -4.417861146512199769e-16 -4.435200674078899820e-16 -4.456696208875599981e-16 -4.486491633946800443e-16 -4.619544188299799799e-16 -4.975914182085899762e-16 -5.525324892534399587e-16 -6.062803544842599945e-16 -6.210844831145100315e-16 -5.442572172655199714e-16 -3.909444039340900049e-16
-3.785955191575000014e-16 -4.476365412146099683e-16 -5.507234571849199535e-16 -5.838853712568500273e-16 -5.763411191773500216e-16 -4.674998321091899599e-16 -4.321221883958400182e-16 -4.264166351804699766e-16 -4.397405777150500076e-16 -4.453418483783200170e-16 -4.540283475813999985e-16 -4.550305474877999904e-16 -4.575831339035800363e-16 -4.812230770538600070e-16 -5.376037728199499631e-16 -6.123735101000099990e-16 -6.571663308440300479e-16 -5.642273631847999769e-16 -2.979231406767400003e-16
