5.877471204151490383e+04 -2.499828506949433571e-15 2.847624962593007694e-15
5.888155252966455009e+04 -2.000165881563484617e-16 3.529027155668139939e-16
5.898219124091493723e+04 -6.125211660781414539e-16 7.490743458145676816e-17
5.900505010875807784e+04 -6.109528381533914782e-16 6.615058660454581094e-17
5.903399326554565050e+04 -5.519945745166605716e-16 2.134040617585722507e-17
5.909085363662235613e+04 -4.524782499166025400e-16 1.985669027275777178e-17
5.911777920596449258e+04 -4.487316435370854521e-16 9.180472615038565964e-18
5.914669323282803816e+04 -4.540178932597014650e-16 2.064694189287912495e-17
5.917365890904958360e+04 -4.498196959758124952e-16 1.077100644050127693e-17
5.918366100564319640e+04 -4.455311241322809678e-16 5.134806471272832535e-18
5.920758272813800431e+04 -4.348638953048100052e-16 1.573396984297286306e-17
5.923254838931160339e+04 -4.354040954016280069e-16 1.795236121661944107e-17
5.925746051023729524e+04 -4.592414259360649963e-16 7.630093626000865130e-18
5.928435719174622500e+04 -5.082655193215166030e-16 2.722604406644015180e-17
5.931108557963268686e+04 -5.596051676166403996e-16 2.504829019293968464e-17
5.933800739753842208e+04 -5.882699928942661658e-16 2.425904847886554306e-17
5.936892767244583229e+04 -5.899365292595214241e-16 6.715730795744353495e-17
5.939984291289206885e+04 -6.202138311689958917e-16 7.026819073533149021e-17
5.942878425485642947e+04 -7.800744043079071517e-16 5.094374371719979651e-16
