5.879280193813802907e+04 -6.075179549866550300e-15 2.827677085368002696e-18
5.898215432247300487e+04 -5.948783820676301206e-15 4.206143487591941195e-19
5.900501539013137517e+04 -5.942033789076599013e-15 4.447240668985424527e-19
5.903394126786662673e+04 -5.939409235746340660e-15 3.815664118993045815e-19
5.909079713554018235e+04 -5.949490624054634073e-15 1.462544121691632581e-19
5.911772590239024430e+04 -5.957995844976914912e-15 1.301056886430734404e-19
5.914663969830982387e+04 -5.966974676030744545e-15 1.750296229475757609e-19
5.917360584341616777e+04 -5.973419325233784516e-15 1.867012817859321481e-19
5.922545880132591265e+04 -5.976334999328269667e-15 1.297181407563842442e-19
5.923249416795394791e+04 -5.975623947838935210e-15 1.274663891806316582e-19
5.925740881802799413e+04 -5.971108528484624607e-15 1.516617752279250252e-19
5.928430523746264953e+04 -5.963376317850059939e-15 1.933751395628117143e-19
5.931106823534774594e+04 -5.954040219391295176e-15 1.996778256913169461e-19
5.933799009320712503e+04 -5.944722958920884380e-15 1.785608731052418501e-19
5.936891005682974355e+04 -5.936558445697741017e-15 3.181748898752701146e-19
5.939982514551655913e+04 -5.933643105534594616e-15 7.024906242302890698e-19
5.942876605563001795e+04 -5.937423202440799899e-15 1.201971127856153989e-18
