-6.076599980640500011e-15 -5.948515981017900167e-15 -5.941794614871600085e-15 -5.939256892511099631e-15 -5.949559314843200199e-15 -5.958141325897800207e-15 -5.967157205661999673e-15 -5.973588296512200222e-15 -5.976371831284399845e-15 -5.975636831266300022e-15 -5.971037562648500045e-15 -5.963234048819000016e-15 -5.953870265785799930e-15 -5.944588961698900327e-15 -5.936560963710400361e-15 -5.933886285952400200e-15 -5.937971388557400078e-15
-6.073564884766999614e-15 -5.949173348911999669e-15 -5.942360572412900371e-15 -5.939595462030600295e-15 -5.949352673139499796e-15 -5.957749092397500140e-15 -5.966675948915500154e-15 -5.973139781545899858e-15 -5.976242884728999981e-15 -5.975566281164200202e-15 -5.971173735336500130e-15 -5.963552711771099965e-15 -5.954274279523799811e-15 -5.944934868309800092e-15 -5.936623619413500017e-15 -5.933427290692599712e-15 -5.936839895577199730e-15
-6.074512831341100278e-15 -5.948931441784400163e-15 -5.942305797684200287e-15 -5.939770391494099998e-15 -5.949789612547500137e-15 -5.958177651536800188e-15 -5.967001577291599753e-15 -5.973304679863599834e-15 -5.976060066821399672e-15 -5.975345515208199696e-15 -5.970860927535799679e-15 -5.963240048879999972e-15 -5.954089401357500039e-15 -5.945016724156999879e-15 -5.937169605382299613e-15 -5.934560721016700310e-15 -5.938568137724200303e-15
-6.075938255382099964e-15 -5.948655500516599697e-15 -5.941947513851599861e-15 -5.939389392512700040e-15 -5.949572809317699655e-15 -5.958089181793699993e-15 -5.967047961164399887e-15 -5.973449227905000209e-15 -5.976258676576700282e-15 -5.975535655455399993e-15 -5.970992192625000158e-15 -5.963265645624000376e-15 -5.953983986658799987e-15 -5.944777002884200191e-15 -5.936806152355100282e-15 -5.934141550383299961e-15 -5.938183474057700079e-15
-6.082143111244200190e-15 -5.947759649949599972e-15 -5.940971037606400167e-15 -5.938541262902199772e-15 -5.949361449806699730e-15 -5.958175128704599877e-15 -5.967346165778299759e-15 -5.973809293048900131e-15 -5.976390382294300180e-15 -5.975612886617999824e-15 -5.970867861820300011e-15 -5.962964125764500302e-15 -5.953625999279499810e-15 -5.944554997314299990e-15 -5.937043968379700217e-15 -5.935186803323299707e-15 -5.940264560053599923e-15
-6.076671223356099830e-15 -5.948565017264899781e-15 -5.941740858668099901e-15 -5.939095830211599879e-15 -5.949315476753499970e-15 -5.957925681685399895e-15 -5.967011674677099902e-15 -5.973531249439599948e-15 -5.976481566811100148e-15 -5.975763236570300312e-15 -5.971202093883700382e-15 -5.963394647844899855e-15 -5.953973678661400192e-15 -5.944581395428900318e-15 -5.936370398947700365e-15 -5.933476351648299810e-15 -5.937352347664400291e-15
-6.078449448020000243e-15 -5.948388572665100175e-15 -5.941604725376999869e-15 -5.939046201180999749e-15 -5.949421411438700153e-15 -5.958052524006100134e-15 -5.967110364607499869e-15 -5.973563675299099876e-15 -5.976351667151599846e-15 -5.975616042584899756e-15 -5.971019933402999765e-15 -5.963240399564200271e-15 -5.953936568581499997e-15 -5.944764248805999866e-15 -5.936929911060400271e-15 -5.934518972096600031e-15 -5.938898419668300372e-15
-6.073001171011799764e-15 -5.949109978567999881e-15 -5.942298617647399641e-15 -5.939536508914200125e-15 -5.949332917401699892e-15 -5.957769043161700028e-15 -5.966750095344199890e-15 -5.973267800351199822e-15 -5.976445825435400217e-15 -5.975773128647199690e-15 -5.971376549339999763e-15 -5.963714485244099606e-15 -5.954353020600500306e-15 -5.944887838067400281e-15 -5.936387447454099612e-15 -5.932971061403499959e-15 -5.936171803920799676e-15
-6.075175273904999835e-15 -5.948777871817600202e-15 -5.941994035146800118e-15 -5.939336340414700093e-15 -5.949402501865500184e-15 -5.957925527841100081e-15 -5.966937313643099659e-15 -5.973419713416300197e-15 -5.976400543255900073e-15 -5.975695383428300053e-15 -5.971191568444500024e-15 -5.963452594643299805e-15 -5.954087653367599983e-15 -5.944719720689100116e-15 -5.936475115491300077e-15 -5.933466118365999731e-15 -5.937158374214299980e-15
-6.077653524779300206e-15 -5.948402153226900012e-15 -5.941629179302899812e-15 -5.939066330762799659e-15 -5.949414787536799670e-15 -5.958041093785000257e-15 -5.967105646153799832e-15 -5.973575697855799850e-15 -5.976405920559899907e-15 -5.975674685427200005e-15 -5.971086271298400012e-15 -5.963294881404499614e-15 -5.953950958279900105e-15 -5.944704961234099952e-15 -5.936743986731400177e-15 -5.934168281987499808e-15 -5.938372443265600010e-15
-6.069576941594399977e-15 -5.949556786228900310e-15 -5.942907391523500090e-15 -5.940199408427500326e-15 -5.949742364196699675e-15 -5.957978799611800022e-15 -5.966752892176600207e-15 -5.973119935326199831e-15 -5.976188534924099801e-15 -5.975519708056199960e-15 -5.971164901622999751e-15 -5.963578345171799772e-15 -5.954291270992699934e-15 -5.944863526789300108e-15 -5.936315585641299935e-15 -5.932718742148899825e-15 -5.935616991197399888e-15
-6.075521365259699633e-15 -5.948754547224800201e-15 -5.942109925638200154e-15 -5.939591927915900083e-15 -5.949721242724000353e-15 -5.958165179092299982e-15 -5.967032521792899983e-15 -5.973352674121599670e-15 -5.976074029084199701e-15 -5.975349570996200013e-15 -5.970825258700799830e-15 -5.963162476953199878e-15 -5.953984640934200362e-15 -5.944912575260799909e-15 -5.937114393473300084e-15 -5.934613876185600060e-15 -5.938774882711400099e-15
-6.073271066555000234e-15 -5.948999317996299963e-15 -5.942263966447900274e-15 -5.939598596453700229e-15 -5.949518405971000191e-15 -5.957959820691799772e-15 -5.966903947310000156e-15 -5.973352878442200278e-15 -5.976349709545199823e-15 -5.975652243465400060e-15 -5.971177482764999864e-15 -5.963459282499700041e-15 -5.954084560271700139e-15 -5.944658063817100113e-15 -5.936269799828700193e-15 -5.933030469102500332e-15 -5.936438737041299977e-15
-6.074118926798099944e-15 -5.948935826366000171e-15 -5.942110018661299720e-15 -5.939376818036700005e-15 -5.949313850630700337e-15 -5.957817884758699905e-15 -5.966849424461999645e-15 -5.973383392146100261e-15 -5.976503661389499714e-15 -5.975815773183299990e-15 -5.971357771078699911e-15 -5.963627031442299615e-15 -5.954211334071199833e-15 -5.944722576454899737e-15 -5.936251340991900220e-15 -5.932935962019100197e-15 -5.936296825960799867e-15
-6.072909635199500137e-15 -5.949136893824999607e-15 -5.942435130618599941e-15 -5.939786529147299797e-15 -5.949662140994300141e-15 -5.958057003498700049e-15 -5.966943461190500020e-15 -5.973339506065599858e-15 -5.976261818497400105e-15 -5.975558457326899754e-15 -5.971072324159299682e-15 -5.963358357674999950e-15 -5.954002752049499693e-15 -5.944606150023299872e-15 -5.936257666935999924e-15 -5.933054147940399825e-15 -5.936483710726800331e-15
-6.075442284667500211e-15 -5.948817244768500090e-15 -5.942030442325199821e-15 -5.939369454994500270e-15 -5.949418527143599956e-15 -5.957925903620100158e-15 -5.966916615254900043e-15 -5.973378187724400139e-15 -5.976330503295100137e-15 -5.975623975624799859e-15 -5.971122476334700028e-15 -5.963400750541799622e-15 -5.954070012148499882e-15 -5.944753630907400223e-15 -5.936586476484399898e-15 -5.933667657100900344e-15 -5.937446851879300226e-15
-6.070129005542000367e-15 -5.949517500932200231e-15 -5.942779313546299772e-15 -5.939997817066099959e-15 -5.949537003292299732e-15 -5.957827842391500085e-15 -5.966684287663899829e-15 -5.973135152198399890e-15 -5.976328660450500388e-15 -5.975669239418299953e-15 -5.971328174528599872e-15 -5.963719583318999611e-15 -5.954373372268499639e-15 -5.944855015429599685e-15 -5.936179322887500188e-15 -5.932451501925799699e-15 -5.935246837313300027e-15
-6.078916363994500185e-15 -5.948151731288299702e-15 -5.941354165914999997e-15 -5.938828010854500315e-15 -5.949384640667999924e-15 -5.958120232409800291e-15 -5.967272593189800050e-15 -5.973777604721899956e-15 -5.976517623757399681e-15 -5.975758839142499626e-15 -5.971050245557599843e-15 -5.963103775381700126e-15 -5.953603372554699746e-15 -5.944225297786800257e-15 -5.936178525603999657e-15 -5.933618702976599983e-15 -5.937946657678300305e-15
-6.075691821541699654e-15 -5.948623540080800033e-15 -5.941834273268499790e-15 -5.939203705574300279e-15 -5.949393843950400374e-15 -5.957982376268699946e-15 -5.967050055556100188e-15 -5.973560348243500139e-15 -5.976508884788899997e-15 -5.975790507495300289e-15 -5.971225529121399675e-15 -5.963401803178200188e-15 -5.953944630471800179e-15 -5.944489776238100354e-15 -5.936170941467100050e-15 -5.933133097753700100e-15 -5.936851052027099611e-15
-6.074303881731500195e-15 -5.948903509092199627e-15 -5.942204201018600308e-15 -5.939597833521300066e-15 -5.949597506870900327e-15 -5.958035606385200385e-15 -5.966943768780700293e-15 -5.973337410448199826e-15 -5.976227195913400147e-15 -5.975520995699799629e-15 -5.971037709487700031e-15 -5.963361361278900200e-15 -5.954092629966800002e-15 -5.944841847120699744e-15 -5.936733691714700267e-15 -5.933834516668199818e-15 -5.937580657576800358e-15
