58849.291355700707214 -0.017357164270537525878 256.04118919722839109
58908.474135114185525 -0.014851917582136061386 185.03714270910487016
59140.540890119956064 -0.0035676348484645802329 198.06113138283839703
59240.669904804828249 0.0045683169923331202047 196.57572280630893147
59299.416047340137965 0.011161596891994805514 189.27464651198025081
59400.233284046608397 0.018090477777926974079 201.94377264765498126
59438.078314386277839 0.019237572504803708382 194.69981820156849039
59481.59015309855728 0.019804827298244004036 205.03735211358912238
59521.824400785967512 0.01993315866895126385 214.10349688145200275
59572.324409679130884 0.01908342650122384627 225.03139026206849849
59617.623321189042933 0.017883492930550066046 213.45934294264210962
59709.064216007364681 0.014931194908155591431 185.29291663386419486
