59004.964586746262587 -0.010745284456749338971 63.83379090034379999
59117.648584147634629 -0.0050615283342007632037 63.57070990775163466
59202.402999726600093 0.0012051570216704405858 63.62090404610549399
58774.655394957725484 -0.018334811034097161804 63.32118617004893224
58937.272913227761222 -0.013888419093267307006 63.548502824558028124
59173.528798224096878 -0.00099176120512301131542 63.612000999380384769
59257.331964922129671 0.0064277373043695398079 63.656041006596289833
58775.558793722650094 -0.018287536100544919509 63.352267871699623925
58982.103775010833559 -0.01183737663192891849 63.707165520173937523
59090.723251746123932 -0.0066585980189319013629 63.546001904580471376
59183.593653574424184 -0.00038442855147381805557 63.282004996903850724
59284.228724177183256 0.0093989910866667437531 63.816046871432234866
58903.249240216698336 -0.015303224109772711651 63.632075111788161337
59033.863636147317518 -0.0092680422413159501229 63.566062119016237375
59146.562786603112926 -0.0031582328331301299692 63.659437694908397987
59232.419683423260285 0.0039540876187096562168 63.656289092543595132
58881.476411801720484 -0.015984078193925661247 63.253691051830244874
