4.495322959937599628e-15 -1.103412227037400044e-15 -8.427891601620100281e-16 -7.961865354130700120e-16 -8.211209031003000296e-16 -8.467242971616699786e-16 -9.258414575552699681e-16 -9.341619895257800282e-16 -8.856316131286599809e-16 -8.166709274538299891e-16 -8.070721805462900418e-16 -8.591873783876700164e-16 -8.842215261957300381e-16 -8.390776071638800312e-16 -7.352345122492099695e-16 -7.990398010713500230e-16 -9.869558077189299376e-16 -6.879896718939599989e-16 8.668748040157399699e-16
5.689678314908399936e-15 -1.306126714663399940e-15 -8.828012081627900335e-16 -7.260412649880800448e-16 -7.831088286806900227e-16 -8.722575354352500087e-16 -9.374654272973399189e-16 -8.981912630417899424e-16 -8.424324400181599909e-16 -8.151215411764099654e-16 -8.418315364649800128e-16 -8.928791576018600664e-16 -8.827597950779399586e-16 -8.111748795892700384e-16 -7.144991057652199642e-16 -8.102120533788899820e-16 -1.011869133594099954e-15 -6.752555337013300106e-16 9.403296712737899717e-16
3.010882734463199903e-15 -1.106906414334099957e-15 -8.786342797252600198e-16 -7.585208307877900226e-16 -7.766786937412899592e-16 -8.388779249670200079e-16 -9.519489709243400793e-16 -9.230324029994399617e-16 -8.539525273692200168e-16 -8.066815198012700105e-16 -8.264847589572800093e-16 -8.841138696078000284e-16 -8.883075132106799444e-16 -8.292528677896700118e-16 -7.307484775678400360e-16 -7.895729184798699621e-16 -9.470109185894699729e-16 -7.326926696732600178e-16 3.811833936370600106e-16
5.248855291626000018e-15 -1.229329552429300000e-15 -8.671535465090500411e-16 -7.487001092902400489e-16 -7.918232335503699973e-16 -8.574390426846900482e-16 -9.378728580238699756e-16 -9.197682686278500862e-16 -8.664970933187400077e-16 -8.200509688541800345e-16 -8.289256563520100046e-16 -8.754875796085399981e-16 -8.751890362920199620e-16 -8.128105633196500334e-16 -7.188936170844500370e-16 -8.103206787151999900e-16 -1.009391074004000021e-15 -6.683177389912099931e-16 9.656306455855000153e-16
3.304222835246099911e-15 -1.108093799306900036e-15 -8.582268115758800441e-16 -7.586012272302200393e-16 -7.879424342476899745e-16 -8.499830380326000358e-16 -9.444810801282399096e-16 -9.175883818924900148e-16 -8.547175312432200004e-16 -8.095570608216000344e-16 -8.255528325712199964e-16 -8.775151363004799948e-16 -8.806236324987700045e-16 -8.246569043955899980e-16 -7.361793884001200479e-16 -8.038851391006900094e-16 -9.632622426388700758e-16 -7.150051472077499535e-16 4.973947984429599590e-16
5.431809486745500197e-15 -1.306745565932300069e-15 -9.199347556142000732e-16 -7.325394318735800219e-16 -7.651385529568999620e-16 -8.467006035978699714e-16 -9.526845368141299175e-16 -9.171773734902300026e-16 -8.476432213148700201e-16 -8.044561032738000440e-16 -8.299039094957699917e-16 -8.923765067127999971e-16 -8.915175895833899137e-16 -8.196044595063599660e-16 -7.111272070681399615e-16 -8.007127013758799699e-16 -1.006328236184499939e-15 -6.831449545443999797e-16 9.092251687388000163e-16
4.404981567392999848e-15 -1.213416191435800014e-15 -9.222072364618100953e-16 -7.570517764471800441e-16 -7.702042556495300193e-16 -8.361633798586100399e-16 -9.594310256909899946e-16 -9.251344537057499261e-16 -8.465989151272899932e-16 -7.971509052881800403e-16 -8.263875518725399875e-16 -8.958145942577700601e-16 -8.937470285485800666e-16 -8.159433026396299567e-16 -7.047349037194400411e-16 -8.029132163320599518e-16 -1.018412592335200097e-15 -7.052485114503799819e-16 8.295602759157099991e-16
4.281119314171900129e-15 -1.123966662494300094e-15 -8.213249205157400075e-16 -7.599844597141999946e-16 -8.080119032538399595e-16 -8.648902444045899692e-16 -9.285416939390199357e-16 -9.109401452899100713e-16 -8.602879505368700342e-16 -8.172319131645300366e-16 -8.295694549736499630e-16 -8.811558264475499661e-16 -8.858329593246199890e-16 -8.259823439858500197e-16 -7.253939212804699730e-16 -8.005274441203100251e-16 -9.863803567077700681e-16 -6.909650490150000406e-16 7.837555647629099742e-16
2.705866282754999885e-15 -1.011667024505200085e-15 -8.377910015919699885e-16 -7.712755936206699881e-16 -7.850118853095999657e-16 -8.336979441249799962e-16 -9.618973128642900512e-16 -9.381573193731799334e-16 -8.585496369236300052e-16 -7.983396080825100221e-16 -8.190357205206100109e-16 -8.847173254799999655e-16 -8.851081758807099849e-16 -8.140187035355599946e-16 -7.193121969954500339e-16 -8.208249535359900134e-16 -1.008833705031100042e-15 -6.523811552052399647e-16 8.463903588301599707e-16
4.550492882481300236e-15 -1.220313685937700055e-15 -9.034181394095099381e-16 -7.529334742218000124e-16 -7.732801129790600364e-16 -8.336297535090299569e-16 -9.471327080035200306e-16 -9.319307277617399130e-16 -8.706682742445599962e-16 -8.142269238924599779e-16 -8.196392260727599979e-16 -8.697896377367500213e-16 -8.778833698904999563e-16 -8.225952165426799869e-16 -7.258911013106800158e-16 -7.977954483743300380e-16 -9.838165247009200669e-16 -7.244774615186700046e-16 6.568381711449300125e-16
5.048346969108800006e-15 -1.222120845385700004e-15 -8.425997527557100219e-16 -7.415393892226999766e-16 -8.005513926003899535e-16 -8.707829280778800432e-16 -9.197299513799899465e-16 -9.045873320541899121e-16 -8.710287854198299962e-16 -8.398450707229800050e-16 -8.414855094413200418e-16 -8.653209230758799575e-16 -8.562194149388700288e-16 -8.050062688006300009e-16 -7.378010518615299890e-16 -8.223905751140299750e-16 -9.902091028745800847e-16 -6.785780744552899925e-16 7.800397549628400117e-16
6.417003503317500209e-15 -1.323274875252899945e-15 -8.802632774174900119e-16 -7.407984516838399814e-16 -7.895979776222400330e-16 -8.539576129879000295e-16 -9.317812315177700600e-16 -9.284170259726200878e-16 -8.815751790420299959e-16 -8.186192224135399769e-16 -8.078083201617300071e-16 -8.554907450764699944e-16 -8.827298692475000329e-16 -8.425934741033300270e-16 -7.355817055342000411e-16 -7.885380967045699912e-16 -9.830258338382899849e-16 -7.166896103362499763e-16 8.677914603161600479e-16
5.864137335008299957e-15 -1.211508008678699992e-15 -8.646170747334400248e-16 -7.782462071824399672e-16 -8.078726407763800102e-16 -8.441595685301800369e-16 -9.289231114987199030e-16 -9.314801910277700602e-16 -8.778682253060600140e-16 -8.123337823049599961e-16 -8.137999631352299849e-16 -8.751692251000499677e-16 -8.898239710831300893e-16 -8.224671759286199870e-16 -7.006182381153700348e-16 -8.015775709306799963e-16 -1.055233772590799963e-15 -6.870240884012699584e-16 1.241993462335299905e-15
-1.087353176259400094e-15 -7.905878869633399769e-16 -8.468868509485599943e-16 -8.008821545362900236e-16 -7.801877595151799633e-16 -8.167375932189899906e-16 -9.640369140804099979e-16 -9.300958652599200263e-16 -8.495065767308699830e-16 -8.071823721819599780e-16 -8.356999256900899634e-16 -8.806410915109700266e-16 -8.590279445442699797e-16 -7.972696416683099640e-16 -7.562156175799100219e-16 -8.474748936895199570e-16 -9.433540783130299179e-16 -6.809427590396299593e-16 7.716453121310799845e-17
4.334282934584100067e-15 -1.162530329665999960e-15 -8.714266229861799642e-16 -7.541609206142199629e-16 -7.778135958235199577e-16 -8.370032316341899561e-16 -9.565891103179699042e-16 -9.368101148596000256e-16 -8.642488245823000305e-16 -8.019765684333800203e-16 -8.145836626581900274e-16 -8.778835352494400201e-16 -8.865890394235999961e-16 -8.208862229869599940e-16 -7.132962273551099798e-16 -8.027303405133200425e-16 -1.014934544253699991e-15 -7.090054402396399589e-16 8.420101828953600424e-16
2.979877806845999814e-15 -9.756004561195500494e-16 -8.407009052707899839e-16 -8.127518914299700345e-16 -8.086307656638400079e-16 -8.191312515153800383e-16 -9.425337227826000260e-16 -9.490993394281599565e-16 -8.807676973746500341e-16 -8.022630136671600341e-16 -8.046554564019400076e-16 -8.735007600767000144e-16 -8.943129919466499531e-16 -8.337624482059499640e-16 -7.217518127658100471e-16 -8.050869057517199513e-16 -1.004537372948899947e-15 -6.655032301288800290e-16 9.160240592597900219e-16
3.579593801770699630e-15 -1.147507397054599922e-15 -9.272795891606699704e-16 -7.677842172186300331e-16 -7.598474633695099763e-16 -8.132982355736099959e-16 -9.643534641170900610e-16 -9.333831903214200057e-16 -8.478632436297700481e-16 -7.959860215443400466e-16 -8.319859029779200241e-16 -9.063100833574700253e-16 -8.945780147678100299e-16 -8.031794311910400146e-16 -6.907943849367699672e-16 -8.115215800229199911e-16 -1.040076431691699967e-15 -6.772795942680700096e-16 9.393950441124000819e-16
4.943907938177600240e-15 -1.145487183160699917e-15 -8.603439007634200240e-16 -7.831791741754599894e-16 -7.972644588124000294e-16 -8.238305671965299568e-16 -9.380295157714800001e-16 -9.490848829385200269e-16 -8.887118770348300787e-16 -8.080384563370500055e-16 -8.019309307532100396e-16 -8.682987138155100303e-16 -8.963046458405799493e-16 -8.383613806494100455e-16 -7.093389334895900138e-16 -7.833755673010799767e-16 -1.011321102540299977e-15 -6.949337295526699674e-16 1.038299163075399959e-15
4.222056381991599735e-15 -1.136254614683699940e-15 -8.853778044528700405e-16 -7.769402038544599965e-16 -7.864781694923000140e-16 -8.294293484384700218e-16 -9.527376359457000687e-16 -9.401990097661999235e-16 -8.675469367039699519e-16 -8.007235246702900422e-16 -8.128108301290799655e-16 -8.810445413948899694e-16 -8.932064665386600004e-16 -8.257160015099500455e-16 -7.110773803673199540e-16 -8.007414440995700112e-16 -1.017760804438900049e-15 -6.983091298320099602e-16 9.037255009883200622e-16
2.962396950943700135e-16 -1.004645382870500070e-15 -9.251219080466900585e-16 -7.555176403049200120e-16 -7.424916063566899547e-16 -8.187194841472100176e-16 -9.726504156999099971e-16 -9.145535077907299537e-16 -8.314448990461400234e-16 -8.120250560874200134e-16 -8.592131593415600244e-16 -9.034133409327799110e-16 -8.643635167053200282e-16 -7.875645426476599631e-16 -7.362873077708100035e-16 -8.286756573173700038e-16 -9.350433962960500356e-16 -7.042295983001400191e-16 1.465014170337800117e-17
