5.878860365442289185e+04 3.986066242968377475e-15 1.770224125231966369e-15
5.890319919514415960e+04 -1.142474740895604375e-15 1.242517369355261225e-16
5.893722247345615324e+04 -8.739449373132019344e-16 3.121354584229128243e-17
5.897702033982730791e+04 -7.636817476904880152e-16 2.202134527895197015e-17
5.899997364790525899e+04 -7.856528316750859223e-16 1.832498471012870965e-17
5.902596485279824265e+04 -8.403706792548324853e-16 1.722187455791969005e-17
5.908473808243307576e+04 -9.459331072176323690e-16 1.441551562577637967e-17
5.911165821468005015e+04 -9.266896392563644337e-16 1.326430887815385249e-17
5.913972599372149125e+04 -8.623770724047836580e-16 1.535811825360629988e-17
5.916959720859121444e+04 -8.099240280085925482e-16 9.944463369288544295e-18
5.919546325738883024e+04 -8.239188244258688079e-16 1.403597179355447833e-17
5.922533143690171710e+04 -8.800054985865689227e-16 1.311235984303457938e-17
5.925241460067308799e+04 -8.831173250769665249e-16 1.132413050597829400e-17
5.927517751191285060e+04 -8.195961718079998197e-16 1.386633753175428083e-17
5.931104190681519685e+04 -7.217388545608720756e-16 1.510437419978567246e-17
5.933796362068619055e+04 -8.063958492964674240e-16 1.435196335952043316e-17
5.936888320432087494e+04 -9.958878515645554159e-16 3.023182971766362250e-17
5.939979806364836259e+04 -6.923986573877526022e-16 2.032410108011099954e-17
5.942873847774788737e+04 7.649138076604806794e-16 2.976147279884337855e-16
