5.844059393735507183e+04
5.875554937308890658e+04
5.883345029684668407e+04
5.890314720728265820e+04
5.891430714322424319e+04
5.893717625949366629e+04
5.897704512639013410e+04
5.899999728998128558e+04
5.902591802188692236e+04
5.908469273203917692e+04
5.911161264182200830e+04
5.911278873185838165e+04
5.913968024141385831e+04
5.916258185447540745e+04
5.916955003687807039e+04
5.919534142898976279e+04
5.922528682091634255e+04
5.922944123405472783e+04
5.925236988236968318e+04
5.927513379010857170e+04
5.931104461944142531e+04
5.932815519224385207e+04
5.933796948959078873e+04
5.936888325559840450e+04
5.939980180530281359e+04
5.940092973536744103e+04
5.942874919853528263e+04
5.943691065217983851e+04
5.947377218731861649e+04
