5.844059393735507183e+04 1.551119986111426614e-14 3.087793324192550516e-14
5.875554937308890658e+04 -5.975589402694639838e-15 3.982100248922247695e-15
5.883345029684668407e+04 -2.522619234902275218e-15 3.940750690339119631e-16
5.890314720728265820e+04 -2.861726063059294867e-15 5.996367016334593643e-17
5.891430714322424319e+04 -2.883635856223079541e-15 8.731387541601522797e-17
5.893717625949366629e+04 -2.875921637193485039e-15 7.590080584461508075e-17
5.897704512639013410e+04 -2.806235181322110070e-15 2.270447141805130384e-17
5.899999728998128558e+04 -2.791294453507759975e-15 3.881730909023049981e-17
5.902591802188692236e+04 -2.803728711082755512e-15 1.957227572966928198e-17
5.908469273203917692e+04 -2.833473273871865079e-15 3.182668717873809987e-17
5.911161264182200830e+04 -2.825167567416525261e-15 1.752850402157480799e-17
5.911278873185838165e+04 -2.824736006937109636e-15 1.726380230269236150e-17
5.913968024141385831e+04 -2.818768502975549534e-15 2.722208053540545220e-17
5.916258185447540745e+04 -2.822264112305875413e-15 3.093921873885526501e-17
5.916955003687807039e+04 -2.824452529027160078e-15 2.933797527404692628e-17
5.919534142898976279e+04 -2.831277118492865319e-15 2.172483512307672258e-17
5.922528682091634255e+04 -2.824916987033824925e-15 2.824218796191561542e-17
5.922944123405472783e+04 -2.822525965895449494e-15 2.903679251175080813e-17
5.925236988236968318e+04 -2.806322215819884644e-15 2.837227770119247408e-17
5.927513379010857170e+04 -2.795370345583899695e-15 2.556410376364398443e-17
5.931104461944142531e+04 -2.813939460354359696e-15 3.418984531322428293e-17
5.932815519224385207e+04 -2.833434991048314755e-15 3.810120606881201520e-17
5.933796948959078873e+04 -2.842420368623560073e-15 3.865736588917475270e-17
5.936888325559840450e+04 -2.829385087129360121e-15 3.922396690788833222e-17
5.939980180530281359e+04 -2.742441671850689913e-15 9.052871103397290544e-17
5.940092973536744103e+04 -2.739072378477095463e-15 9.230366179415653346e-17
5.942874919853528263e+04 -2.730540698185215493e-15 7.701507434576455999e-17
5.943691065217983851e+04 -2.782779195110055539e-15 9.645391804569907119e-17
5.947377218731861649e+04 -3.702986064352605289e-15 1.124929104448619836e-15
