5.877469993882600829e+04
5.880157635507227678e+04
5.881136879259852140e+04
5.883357564195301529e+04
5.884473649863294850e+04
5.886250951551424805e+04
5.890324152767625492e+04
5.890849458998219052e+04
5.893726491562508454e+04
5.898204265758340625e+04
5.900490534351016686e+04
5.902598631923009088e+04
5.908475988161443820e+04
5.911168024003571918e+04
5.913947546397640690e+04
5.913974820068754343e+04
5.916388496963685611e+04
5.916961973165406380e+04
5.919550426309832983e+04
5.922535384207895549e+04
5.923968433685273340e+04
5.925243679219477053e+04
5.927519938747998094e+04
5.929951991921923764e+04
5.931106313027375290e+04
5.933798786391557951e+04
5.935798791736111889e+04
5.936890178671466128e+04
5.939982103234977694e+04
5.940784902615941974e+04
5.942876913887289265e+04
5.945698696416501480e+04
5.949595854892884381e+04
