5.877469993882600829e+04 -8.701311698573340981e-15 2.654609601721942181e-15
5.880157635507227678e+04 -7.576837227008289961e-15 3.303010555683187862e-16
5.881136879259852140e+04 -7.431435664875420629e-15 1.123019419001551877e-16
5.883357564195301529e+04 -7.449522314522784102e-15 2.367227445652434489e-16
5.884473649863294850e+04 -7.534550896762200845e-15 1.621905892616776373e-16
5.886250951551424805e+04 -7.634297551147949474e-15 5.718766802276588153e-17
5.890324152767625492e+04 -7.520012492526293956e-15 3.315299716823335704e-17
5.890849458998219052e+04 -7.495169272980480586e-15 3.043545195322174074e-17
5.893726491562508454e+04 -7.456516712909994010e-15 3.847481168951804021e-17
5.898204265758340625e+04 -7.595471916961574420e-15 3.042643924878526498e-17
5.900490534351016686e+04 -7.578926914990938391e-15 1.940471087519562166e-17
5.902598631923009088e+04 -7.513584888911399575e-15 1.920993447726368890e-17
5.908475988161443820e+04 -7.520862897430949792e-15 1.931977931570027043e-17
5.911168024003571918e+04 -7.574778162862349384e-15 1.932125337860940844e-17
5.913947546397640690e+04 -7.567063715606539828e-15 1.886492563802359479e-17
5.913974820068754343e+04 -7.566746185174440060e-15 1.891172695076225896e-17
5.916388496963685611e+04 -7.538116425065938674e-15 1.864948275869848992e-17
5.916961973165406380e+04 -7.533641860697934768e-15 1.731106114711500538e-17
5.919550426309832983e+04 -7.529757695327360637e-15 1.609181300835925160e-17
5.922535384207895549e+04 -7.525482730121460583e-15 1.715614729179869138e-17
5.923968433685273340e+04 -7.512092640503373400e-15 1.573304048804335895e-17
5.925243679219477053e+04 -7.497751710592698504e-15 1.597328258599279786e-17
5.927519938747998094e+04 -7.488575402422019851e-15 1.954158699195341180e-17
5.929951991921923764e+04 -7.525675263490718688e-15 2.094174129303974441e-17
5.931106313027375290e+04 -7.555154174800120541e-15 2.104661723052399937e-17
5.933798786391557951e+04 -7.603501464247829340e-15 2.639284685751748139e-17
5.935798791736111889e+04 -7.586493037104905117e-15 2.557718921453843049e-17
5.936890178671466128e+04 -7.558106220167244776e-15 2.844319306492253924e-17
5.939982103234977694e+04 -7.463261996908886551e-15 3.272013724560467621e-17
5.940784902615941974e+04 -7.447083017169829526e-15 4.614246209983224507e-17
5.942876913887289265e+04 -7.430543297587009820e-15 1.534176243774691296e-16
5.945698696416501480e+04 -7.450487739587299247e-15 1.148242996615070579e-16
5.949595854892884381e+04 -7.751153700485696003e-15 2.336582184064550000e-15
