5.875554937308912486e+04
5.883345029684675683e+04
5.890314720728230895e+04
5.893717625949382636e+04
5.897704512639016320e+04
5.899999728998128558e+04
5.902591802188687871e+04
5.908469273203902412e+04
5.911161264182225568e+04
5.913968024141360365e+04
5.916955003687863064e+04
5.919534142898985738e+04
5.922528682091644441e+04
5.925236988236962497e+04
5.927513379010868084e+04
5.931104461944157083e+04
5.933796948959065048e+04
5.936888325559785881e+04
5.939980180530250072e+04
5.942874919853538449e+04
