-3.016446090508899940e-15 -2.809576698217000009e-15 -2.815064066192799982e-15 -2.831455867929599861e-15 -2.826629031403700001e-15 -2.816191309827300080e-15 -2.806396191316699867e-15 -2.816020068043699838e-15 -2.829369257137100119e-15 -2.838001688725499813e-15 -2.835268113457399819e-15 -2.824614792484499953e-15 -2.811035838812300071e-15 -2.805806052729799965e-15 -2.808969346800700135e-15 -2.821195152230799890e-15 -2.824600597707100124e-15 -2.811351643913099869e-15 -2.782289011013499969e-15 -2.758800078271499820e-15
-3.146933856016299893e-15 -2.794219124382799994e-15 -2.814042680759599864e-15 -2.836910499953299919e-15 -2.827532700801200192e-15 -2.813450678627099877e-15 -2.802703680289600002e-15 -2.821395500627299899e-15 -2.836602396390900168e-15 -2.841786964174599974e-15 -2.831501704512900132e-15 -2.815667825593700123e-15 -2.802625068532499853e-15 -2.804488121478499955e-15 -2.815425707099799879e-15 -2.833151175417699958e-15 -2.829690717001999905e-15 -2.800152564285399980e-15 -2.761205012797099873e-15 -2.753199966204199974e-15
-3.443135513020300107e-15 -2.760100896242600149e-15 -2.819014617574100056e-15 -2.849705462086800123e-15 -2.827770490591999983e-15 -2.806817006392000157e-15 -2.794845799674200064e-15 -2.826375130038300061e-15 -2.842684772408400040e-15 -2.843113123663699992e-15 -2.826628732780299805e-15 -2.809907860947400183e-15 -2.802359753491100080e-15 -2.809769344476799856e-15 -2.819881781737300143e-15 -2.822091508351999947e-15 -2.807390287011499853e-15 -2.798124306295299954e-15 -2.853916492204999822e-15 -3.018850102944600151e-15
-2.977471852876600130e-15 -2.813865007513600178e-15 -2.817126037921099876e-15 -2.827441604148700119e-15 -2.821676647327700099e-15 -2.813816596023699924e-15 -2.807845187667399971e-15 -2.820293475243700124e-15 -2.831056767424700157e-15 -2.836254288625199942e-15 -2.831311810293899912e-15 -2.820952070453499803e-15 -2.809795784442700133e-15 -2.807153022481999887e-15 -2.811624081993400010e-15 -2.823352656376000148e-15 -2.825082846831600153e-15 -2.810471051909199880e-15 -2.781989053561700127e-15 -2.760115654947799856e-15
-2.963595380013500092e-15 -2.814320441831099855e-15 -2.822262819191199961e-15 -2.828186766013999936e-15 -2.818664636727200190e-15 -2.810666779662099874e-15 -2.805988570325900061e-15 -2.821525193489599968e-15 -2.832095634346799906e-15 -2.836376383488000176e-15 -2.830659354510799987e-15 -2.820261227299699908e-15 -2.809457774037299895e-15 -2.806692103012200161e-15 -2.810348557077799932e-15 -2.820330529346299880e-15 -2.822580255749700034e-15 -2.813752448311100048e-15 -2.798281198188100062e-15 -2.793201252263700147e-15
-2.068757165357799926e-15 -2.912919135227999899e-15 -2.817684810680299826e-15 -2.787894827412499889e-15 -2.810840113125999896e-15 -2.826532225457100120e-15 -2.830227271152900037e-15 -2.804857732949300066e-15 -2.807688494944800196e-15 -2.826764658274000102e-15 -2.848469778349200046e-15 -2.850698908808899861e-15 -2.826445331829000100e-15 -2.793656355631999844e-15 -2.777695004963999805e-15 -2.802981313586499902e-15 -2.850017804711600059e-15 -2.863385956030900105e-15 -2.727884048325799835e-15 -2.396258168416799891e-15
-2.705354352444199999e-15 -2.840466138448199854e-15 -2.819554192605300178e-15 -2.821027451891899939e-15 -2.821384767167299919e-15 -2.817066166291200174e-15 -2.810556850289699932e-15 -2.813865981296899991e-15 -2.826463957487299988e-15 -2.838594470702500186e-15 -2.840335954805499895e-15 -2.829428268958000162e-15 -2.808914081160300181e-15 -2.795735876450700117e-15 -2.796857637004399994e-15 -2.821980304695900135e-15 -2.841792276959199916e-15 -2.828742987472100105e-15 -2.743243186668200015e-15 -2.592375399529000116e-15
-3.032350312498899936e-15 -2.803641773142600190e-15 -2.823171583985200054e-15 -2.832808310397900143e-15 -2.820614946422599996e-15 -2.810286999694300133e-15 -2.804260575766900033e-15 -2.821503907438899845e-15 -2.832335446409299831e-15 -2.835593941255000070e-15 -2.828618828498000173e-15 -2.818581173156699808e-15 -2.810635540122199944e-15 -2.811329810917400173e-15 -2.816446528019700061e-15 -2.822356660821099859e-15 -2.816785380075100157e-15 -2.800241563378800155e-15 -2.789410039942300044e-15 -2.808839179973500044e-15
-2.900530908775900131e-15 -2.820687406983799953e-15 -2.819798387405700042e-15 -2.824990487545800169e-15 -2.820013694128600154e-15 -2.814235082621799975e-15 -2.809884978678699898e-15 -2.820196341792799827e-15 -2.829498982880900021e-15 -2.834659890755900143e-15 -2.831090747496900055e-15 -2.821719888465299948e-15 -2.809829073504200126e-15 -2.804707851572100156e-15 -2.807020707189400095e-15 -2.819199623282300152e-15 -2.826285401324600071e-15 -2.820948269778999958e-15 -2.797368620185399852e-15 -2.766902664098300006e-15
-2.982389469340700061e-15 -2.812656817979199882e-15 -2.822867765162400096e-15 -2.826765869882600077e-15 -2.817399948043699893e-15 -2.811139306106899929e-15 -2.808611899885100190e-15 -2.823069746688299979e-15 -2.830676788952899822e-15 -2.832916139592299917e-15 -2.828254008541700119e-15 -2.821218676879799883e-15 -2.814268308162799930e-15 -2.811500384395900140e-15 -2.811289442660100183e-15 -2.811203549922700069e-15 -2.810183712141099806e-15 -2.813151770958100012e-15 -2.832881632672600100e-15 -2.878310423805900013e-15
-3.215577639824699834e-15 -2.787597613752499912e-15 -2.812079895269899836e-15 -2.840330460112000167e-15 -2.831090491871600038e-15 -2.814861261793100085e-15 -2.801401947978800081e-15 -2.818496490564299999e-15 -2.835345524225000002e-15 -2.842662452006899890e-15 -2.833846836634200175e-15 -2.817856174142700182e-15 -2.802655788568899858e-15 -2.801141759559700120e-15 -2.809059317091299900e-15 -2.824889636136999919e-15 -2.825828416947600050e-15 -2.811589570045699971e-15 -2.800857555122299833e-15 -2.828561905458200003e-15
-2.358755795599100080e-15 -2.877250250354099858e-15 -2.824464361869800077e-15 -2.804723269762099814e-15 -2.812762162712500176e-15 -2.818936600099399856e-15 -2.819345384835100058e-15 -2.809892304303799849e-15 -2.816095000834800081e-15 -2.830227445489600119e-15 -2.842308930795699962e-15 -2.840261900908500123e-15 -2.821424217145700116e-15 -2.800212965841300095e-15 -2.791967784531300158e-15 -2.811978537767600016e-15 -2.841510547709600144e-15 -2.842594137145399877e-15 -2.742585947394200145e-15 -2.518723750224999843e-15
-3.146808574663000012e-15 -2.795297814277299954e-15 -2.817174036376500004e-15 -2.836388453005699884e-15 -2.826334746623500050e-15 -2.813503214285300181e-15 -2.803929367555400028e-15 -2.819324842351499836e-15 -2.832312095331699922e-15 -2.837835828589799845e-15 -2.831702703833700064e-15 -2.820658758599800087e-15 -2.810020165072999831e-15 -2.807753989759400175e-15 -2.810713060317100107e-15 -2.815675421988000151e-15 -2.813687930399499821e-15 -2.809709907447500194e-15 -2.824512467756499867e-15 -2.880891804800199903e-15
-2.386215997744299850e-15 -2.876106760530299812e-15 -2.819734128113599889e-15 -2.803613822921799899e-15 -2.814974244861399989e-15 -2.821692857281299932e-15 -2.821616930291800088e-15 -2.809825972370299908e-15 -2.815601841887400106e-15 -2.829804802485000081e-15 -2.842039213650999803e-15 -2.839746211369099988e-15 -2.819984566801500043e-15 -2.797621433433300181e-15 -2.788629057959899880e-15 -2.808974566116500017e-15 -2.840655109144199896e-15 -2.846433841044700021e-15 -2.752987642453700001e-15 -2.535916676302600066e-15
-3.014836966705600158e-15 -2.810475468458200048e-15 -2.816823371003500166e-15 -2.830652703374800065e-15 -2.824347067636799887e-15 -2.814443392135400140e-15 -2.806069404078699966e-15 -2.817988125173499903e-15 -2.830834952662500008e-15 -2.838266782780199900e-15 -2.834326519941099980e-15 -2.823137285476100092e-15 -2.809458668390100103e-15 -2.804218437291799810e-15 -2.807266610736300067e-15 -2.819838911501600167e-15 -2.825440473071199913e-15 -2.818800094777599949e-15 -2.801420783621999951e-15 -2.791529332532600017e-15
-3.161223822042200177e-15 -2.796081160920000014e-15 -2.803697018527200167e-15 -2.831989682541199988e-15 -2.832143492377000086e-15 -2.821079853954600056e-15 -2.809791246511900066e-15 -2.817913647815300016e-15 -2.830427555143800045e-15 -2.837182860988000127e-15 -2.832125147184300053e-15 -2.820567381807199945e-15 -2.808210398807999871e-15 -2.805386232953800029e-15 -2.809938554378400015e-15 -2.820395967846600014e-15 -2.820246130910500033e-15 -2.807507030413899817e-15 -2.795419053717599852e-15 -2.811649463748500120e-15
-3.105118982813399886e-15 -2.797826940566199891e-15 -2.813949759731799859e-15 -2.832188192708700161e-15 -2.825830899263699954e-15 -2.815666798747699920e-15 -2.807894514884100095e-15 -2.820555303257100065e-15 -2.830956659791300107e-15 -2.834787417159199991e-15 -2.828779756085500050e-15 -2.819277756760500034e-15 -2.811223964670000185e-15 -2.811120243728499958e-15 -2.815220773571399996e-15 -2.819718513647299841e-15 -2.814474253298000037e-15 -2.801940614571799809e-15 -2.801463912362100068e-15 -2.837612259021199889e-15
-2.818334497020700108e-15 -2.828376924855599979e-15 -2.825119919287799865e-15 -2.821922508982299866e-15 -2.815215379930000095e-15 -2.811672842250000189e-15 -2.810222565173700139e-15 -2.820965635105599841e-15 -2.828506036969400133e-15 -2.832885349194000123e-15 -2.830627701062900167e-15 -2.823401243184399806e-15 -2.813068761505699994e-15 -2.807017786835099917e-15 -2.806914436848600157e-15 -2.815145595047199919e-15 -2.822143052993499928e-15 -2.821039524883799872e-15 -2.802908586225800194e-15 -2.771743784644899845e-15
-2.271291540727399956e-15 -2.892537606158700097e-15 -2.815410241513099986e-15 -2.790625435490599876e-15 -2.808355643390499852e-15 -2.822636213114700081e-15 -2.829452146775500150e-15 -2.816090295612600110e-15 -2.816185598447199998e-15 -2.825756188468000060e-15 -2.836716654270299999e-15 -2.836059576364100108e-15 -2.819453276117699835e-15 -2.799565095145400029e-15 -2.792050814940999841e-15 -2.813993672262400151e-15 -2.845537380964099813e-15 -2.845555005744600037e-15 -2.732855654281400166e-15 -2.479494486046700059e-15
-2.918662602057099867e-15 -2.820698537465999828e-15 -2.807852720328700159e-15 -2.824780577811499888e-15 -2.829118670695699934e-15 -2.822235236660500094e-15 -2.812071524856199807e-15 -2.811992606157199871e-15 -2.824657318367599992e-15 -2.837071638137999807e-15 -2.839876616014500099e-15 -2.831068366432800143e-15 -2.813572184899499992e-15 -2.801205729200399931e-15 -2.799648299812899899e-15 -2.814519960554800190e-15 -2.828524981143800142e-15 -2.826560417422299810e-15 -2.789261387472499948e-15 -2.725120714916500123e-15
