5.876577214532778453e+04
5.878783810410754813e+04
5.886444775239904266e+04
5.889748293882408325e+04
5.890319770752615295e+04
5.893722091262704635e+04
5.897701752186829981e+04
5.899997094668958744e+04
5.902596337251691148e+04
5.908473664145155635e+04
5.911165671596110042e+04
5.912356255626802886e+04
5.913972454549423128e+04
5.916959574324901769e+04
5.919546179728681454e+04
5.922533000721399731e+04
5.923264310668181861e+04
5.925241321787897323e+04
5.927517605806692882e+04
5.929746932744467631e+04
5.931105377105289517e+04
5.933532737276107218e+04
5.933797868621700763e+04
5.936889270140576264e+04
5.939981176880568819e+04
5.940018906222414080e+04
5.941476058184496651e+04
5.942875965270643064e+04
5.945490519881599175e+04
5.945565333938681579e+04
5.948761349103639077e+04
5.949490857362384850e+04
5.951848246310638206e+04
5.956474486535814503e+04
