5.876577214532778453e+04 -8.559831487370275360e-14 3.031683245287297420e-15
5.878783810410754813e+04 -8.766331088777214717e-14 8.917485593561262149e-16
5.886444775239904266e+04 -8.815787321651346306e-14 7.783948095254100724e-17
5.889748293882408325e+04 -8.816842938584805319e-14 1.115966390510000771e-16
5.890319770752615295e+04 -8.818364287532919557e-14 1.023058761058792496e-16
5.893722091262704635e+04 -8.820758673278955832e-14 1.037362877509570327e-17
5.897701752186829981e+04 -8.812434218814089791e-14 1.361798567322739871e-17
5.899997094668958744e+04 -8.813416321016699766e-14 1.517178226252323104e-17
5.902596337251691148e+04 -8.820776115987825310e-14 1.317851459509993954e-17
5.908473664145155635e+04 -8.829155607658850396e-14 1.154210613060965374e-17
5.911165671596110042e+04 -8.825302262936024916e-14 1.016650623754329718e-17
5.912356255626802886e+04 -8.823105718765344853e-14 1.342277473068908288e-17
5.913972454549423128e+04 -8.820016381775876839e-14 1.169391625383196503e-17
5.916959574324901769e+04 -8.814732211629565231e-14 8.498315639343453348e-18
5.919546179728681454e+04 -8.812909452439070317e-14 1.101425684910869307e-17
5.922533000721399731e+04 -8.818064331553786237e-14 7.672871696494347132e-18
5.923264310668181861e+04 -8.820519694092500622e-14 1.000830216863819143e-17
5.925241321787897323e+04 -8.827973400522550389e-14 1.154774226341698978e-17
5.927517605806692882e+04 -8.834085312420494730e-14 6.174972706338605494e-18
5.929746932744467631e+04 -8.833436104717228363e-14 1.267406978925127807e-17
5.931105377105289517e+04 -8.829793765898385449e-14 1.292944307845786899e-17
5.933532737276107218e+04 -8.821050917780884440e-14 6.841704183354513352e-18
5.933797868621700763e+04 -8.820191830596293409e-14 7.379969484265292064e-18
5.936889270140576264e+04 -8.814908686176760273e-14 1.415263267550113041e-17
5.939981176880568819e+04 -8.813966677078026438e-14 1.058485246490109531e-17
5.940018906222414080e+04 -8.813921853120895530e-14 1.077269389956323365e-17
5.941476058184496651e+04 -8.810912456619049700e-14 1.604872696393019858e-17
5.942875965270643064e+04 -8.805875307638400951e-14 1.302429517161546219e-17
5.945490519881599175e+04 -8.797383147739433650e-14 1.902584122780723306e-17
5.945565333938681579e+04 -8.797307233440234585e-14 1.961951987299909090e-17
5.948761349103639077e+04 -8.810159268031654955e-14 1.481883084713999298e-17
5.949490857362384850e+04 -8.816319057585469670e-14 3.249912967320764069e-17
5.951848246310638206e+04 -8.823674648055459143e-14 8.618609288226334773e-17
5.956474486535814503e+04 -8.563339852113750958e-14 1.068858060202011433e-15
