5.878685759445597796e+04
5.879778018909817183e+04
5.897708734672163700e+04
5.900003981205043237e+04
5.903402528102391807e+04
5.909088302806021966e+04
5.911103070120509074e+04
5.911781228908269986e+04
5.914672606539388653e+04
5.915275450888471823e+04
5.917369144845371920e+04
5.922550191082495439e+04
5.923257746403396595e+04
5.925749144857598003e+04
5.928438742839651968e+04
5.931108990643017751e+04
5.933801181437412743e+04
5.936893249459199433e+04
5.939984829401681054e+04
5.940413101873573760e+04
5.942879022663975775e+04
5.944202590531675378e+04
5.948685474479400727e+04
