-2.921275737980699876e-15 -2.907470962034399812e-15 -2.848474008843499922e-15 -2.854559435421699882e-15 -2.859425518808399984e-15 -2.854968321609199955e-15 -2.851247649179099868e-15 -2.849980406024500109e-15 -2.845361890102300081e-15 -2.844666660145900164e-15 -2.843223830511100004e-15 -2.846017583247600017e-15 -2.846879120612300016e-15 -2.850024787269699986e-15 -2.852533083581899919e-15 -2.852996776291899955e-15 -2.851142001496400165e-15 -2.847333652404299927e-15 -2.844732257393099849e-15 -2.844693642246099811e-15 -2.846990861304799982e-15 -2.850419248865900052e-15 -2.875856717938900074e-15
-2.918423525660700153e-15 -2.905238353888000123e-15 -2.848599567394199810e-15 -2.854291725392000136e-15 -2.858773362730400133e-15 -2.854398258006499894e-15 -2.850874369623599870e-15 -2.849682599489600010e-15 -2.845391024139100009e-15 -2.844758269265899865e-15 -2.843496835283100027e-15 -2.846406270378300141e-15 -2.847245687091999815e-15 -2.850259711788000125e-15 -2.852571544936100140e-15 -2.852839378257200112e-15 -2.850826511770300169e-15 -2.846893270084299848e-15 -2.844177694378099949e-15 -2.844118887843699950e-15 -2.846252183131000031e-15 -2.849546332866299867e-15 -2.874203029796599996e-15
-2.936000631265600184e-15 -2.920600574489700142e-15 -2.847054598739899964e-15 -2.853846625413200051e-15 -2.859690944507099943e-15 -2.855584827414200004e-15 -2.851594303070399950e-15 -2.850210284991599982e-15 -2.845063468957900045e-15 -2.844269550300300069e-15 -2.842569600585599882e-15 -2.845538803296500141e-15 -2.846509536364900022e-15 -2.850119507282200182e-15 -2.853101374867900020e-15 -2.853769713039000136e-15 -2.851671724355300009e-15 -2.846984293459599971e-15 -2.843107589682899812e-15 -2.842888949355199813e-15 -2.844295052476399840e-15 -2.847434864400500142e-15 -2.873700747790300023e-15
-2.941030321204400022e-15 -2.923859755304300127e-15 -2.847921194950699862e-15 -2.855028964982899821e-15 -2.860667390664099866e-15 -2.855383799904100124e-15 -2.851100629611499817e-15 -2.849658922978599978e-15 -2.844528349859800088e-15 -2.843789285656599834e-15 -2.842386806599300123e-15 -2.846250475696699830e-15 -2.847290977318500054e-15 -2.850931904662599866e-15 -2.853528368967100184e-15 -2.853472692528900026e-15 -2.850584149439300061e-15 -2.845477982671399961e-15 -2.842392482907400087e-15 -2.842412879273800138e-15 -2.845890055983899835e-15 -2.850633647766300185e-15 -2.884394335187899889e-15
-2.951203917615699859e-15 -2.933551927890999854e-15 -2.846400832870599865e-15 -2.853545841099399898e-15 -2.859615210828399980e-15 -2.855108269702200155e-15 -2.850959179325900049e-15 -2.849543907483899980e-15 -2.844449232630500119e-15 -2.843708200306000076e-15 -2.842298267872100141e-15 -2.846317180123800070e-15 -2.847406384724600095e-15 -2.851251441100300106e-15 -2.854055486895299954e-15 -2.854070212948800137e-15 -2.850991395761300030e-15 -2.845251685135000063e-15 -2.841135612421400124e-15 -2.840993139396300003e-15 -2.843519610511800114e-15 -2.847795248587800057e-15 -2.880768167114999989e-15
-2.939138675828799859e-15 -2.923362100802500166e-15 -2.846586000021800077e-15 -2.853465402299999936e-15 -2.859488424805599957e-15 -2.855636725084000070e-15 -2.851699699761499962e-15 -2.850329115146400035e-15 -2.845216340804399870e-15 -2.844425270500699895e-15 -2.842725546062999891e-15 -2.845642938423999969e-15 -2.846601972510899877e-15 -2.850165169857000035e-15 -2.853094922921500099e-15 -2.853728200898599993e-15 -2.851640689183100022e-15 -2.847070073236999928e-15 -2.843476314240200022e-15 -2.843312484564600051e-15 -2.845112857530400013e-15 -2.848518449301699805e-15 -2.875901095472400135e-15
-2.939302140163499967e-15 -2.922288394611399915e-15 -2.848206824065699934e-15 -2.855426759621699907e-15 -2.861102641087700157e-15 -2.855527462098299939e-15 -2.851073482993599897e-15 -2.849572898153500012e-15 -2.844214459869199870e-15 -2.843437325001800181e-15 -2.841943133165199874e-15 -2.845931245261199983e-15 -2.847028630698200166e-15 -2.850925645315900096e-15 -2.853842774138900082e-15 -2.854057066160799959e-15 -2.851284996960600130e-15 -2.846000292360000111e-15 -2.842331324729299953e-15 -2.842239034199600021e-15 -2.844937489247199993e-15 -2.849190440344400082e-15 -2.881185019589699928e-15
-2.934463082423100062e-15 -2.919036413985999822e-15 -2.847377157224599835e-15 -2.854077518302699968e-15 -2.859710712259499925e-15 -2.855397527170599952e-15 -2.851432147738799909e-15 -2.850067744121900186e-15 -2.845047657015399966e-15 -2.844284866848099995e-15 -2.842689043108200147e-15 -2.845750382964499913e-15 -2.846705407831600150e-15 -2.850206407230699924e-15 -2.853008116058600189e-15 -2.853503614537800146e-15 -2.851329700888799902e-15 -2.846789106234800051e-15 -2.843381050220899864e-15 -2.843252837564100160e-15 -2.845280238851199924e-15 -2.848805916182699894e-15 -2.876380892024100182e-15
-2.933709840134599912e-15 -2.917559278848099935e-15 -2.848460355089699873e-15 -2.855313912429900175e-15 -2.860632640771300092e-15 -2.855199372854699912e-15 -2.850950288933500147e-15 -2.849523589763699821e-15 -2.844452429747100127e-15 -2.843722079462999908e-15 -2.842335252691200183e-15 -2.846180527782199939e-15 -2.847222335563500029e-15 -2.850899474637999950e-15 -2.853606426641999864e-15 -2.853721786914700143e-15 -2.851000401155999835e-15 -2.845919665042600034e-15 -2.842454503948000190e-15 -2.842377285283399805e-15 -2.845037165852799952e-15 -2.849152060193000130e-15 -2.879863923737999951e-15
-2.925942737798399922e-15 -2.911354813299700038e-15 -2.848450906781200004e-15 -2.854531117692600052e-15 -2.859252603391899936e-15 -2.854462386059899911e-15 -2.850720023198800107e-15 -2.849465649893699936e-15 -2.845023793746699936e-15 -2.844388645976300080e-15 -2.843200936476200107e-15 -2.846664444444600095e-15 -2.847586573528800066e-15 -2.850823521288699941e-15 -2.853178823137800120e-15 -2.853246369109100164e-15 -2.850853399440100005e-15 -2.846504981367000001e-15 -2.843790488771599918e-15 -2.843789282735899919e-15 -2.846615867568600184e-15 -2.850566121057800154e-15 -2.878952671474599827e-15
-2.922578041906499916e-15 -2.908379494228999922e-15 -2.848884957810900094e-15 -2.854728305088499992e-15 -2.859114997095700026e-15 -2.854164779339299946e-15 -2.850507186622000140e-15 -2.849293405808299993e-15 -2.845059159367600071e-15 -2.844468635939699887e-15 -2.843419123532200162e-15 -2.846968332145999948e-15 -2.847864983903899844e-15 -2.850944585399200003e-15 -2.853042078696199816e-15 -2.852822804892600105e-15 -2.850178127898999970e-15 -2.845657928719400041e-15 -2.842927663919699814e-15 -2.842935445525599913e-15 -2.845849805070199866e-15 -2.849860304035399887e-15 -2.878373623963600073e-15
-2.937714327000199990e-15 -2.921687600564000039e-15 -2.847483081469399881e-15 -2.854231551184999984e-15 -2.859772668536200192e-15 -2.855093854182600188e-15 -2.851052562666999866e-15 -2.849678592051200118e-15 -2.844725049744800030e-15 -2.843998254067100178e-15 -2.842578339925199851e-15 -2.846210517479800094e-15 -2.847228877191299919e-15 -2.850864223434899936e-15 -2.853605487124300125e-15 -2.853810694152400112e-15 -2.851168664504600071e-15 -2.846049099261699886e-15 -2.842292580881900159e-15 -2.842151286126999832e-15 -2.844332725479900096e-15 -2.848124307261800132e-15 -2.877610147288099937e-15
-2.925611887941700063e-15 -2.911800030419900106e-15 -2.847392577817599973e-15 -2.853619022310100069e-15 -2.858974688813200118e-15 -2.855294806642700106e-15 -2.851678437034899946e-15 -2.850421750251899814e-15 -2.845729812653800099e-15 -2.845000624169100074e-15 -2.843415314143599999e-15 -2.845938196779199827e-15 -2.846792397883200051e-15 -2.849979959958999964e-15 -2.852615913752699819e-15 -2.853195181389299994e-15 -2.851311083862100075e-15 -2.847121747799299829e-15 -2.843667398251300076e-15 -2.843474151813399999e-15 -2.844745648719699973e-15 -2.847560589622700018e-15 -2.871056689557099922e-15
-2.935735943080199893e-15 -2.919472410283399905e-15 -2.848206759624099871e-15 -2.854948085604599885e-15 -2.860185564811700133e-15 -2.854807959946599945e-15 -2.850623604803099830e-15 -2.849222618895000032e-15 -2.844276783205099980e-15 -2.843574656064199913e-15 -2.842287111534100180e-15 -2.846343677525500076e-15 -2.847406106103299843e-15 -2.851133661121200093e-15 -2.853853940992600108e-15 -2.853945120382199806e-15 -2.851177246434200026e-15 -2.846048567017200196e-15 -2.842585618728300121e-15 -2.842515206782499812e-15 -2.845253735142700160e-15 -2.849441281176799997e-15 -2.880557723758099854e-15
-2.927297064348999829e-15 -2.912215488230500031e-15 -2.848836459384500161e-15 -2.855261000146799907e-15 -2.860152411651799894e-15 -2.854777754885499823e-15 -2.850702276644500011e-15 -2.849338340754099920e-15 -2.844507211958900048e-15 -2.843814806301500073e-15 -2.842512133389400168e-15 -2.846258758866399832e-15 -2.847267021286400174e-15 -2.850835555909499832e-15 -2.853501830629299970e-15 -2.853707845207699950e-15 -2.851200967091299929e-15 -2.846401042388399922e-15 -2.843016022469399813e-15 -2.842917401435900131e-15 -2.845231119961599911e-15 -2.848976033859299956e-15 -2.877354130885799832e-15
-2.931619039152000040e-15 -2.915977043971899910e-15 -2.848252131711300117e-15 -2.854785662042599891e-15 -2.859904170847200153e-15 -2.854907889387500058e-15 -2.850939569637100135e-15 -2.849607133110500141e-15 -2.844878822635099931e-15 -2.844200394938299912e-15 -2.842922031205000105e-15 -2.846530412187499905e-15 -2.847495744236499987e-15 -2.850872395889200147e-15 -2.853285460299600195e-15 -2.853249940161400132e-15 -2.850594044067099899e-15 -2.845867909824600146e-15 -2.842948565058699969e-15 -2.842950725243999851e-15 -2.846023282415099878e-15 -2.850295975996600053e-15 -2.880920596563600188e-15
-2.949937128729099812e-15 -2.931930746206499804e-15 -2.846809494993399895e-15 -2.854377378037699946e-15 -2.860719306674699830e-15 -2.855799774631299844e-15 -2.851351739292399814e-15 -2.849831226809299995e-15 -2.844311999560499853e-15 -2.843494154172899876e-15 -2.841868199617100029e-15 -2.845772578070299914e-15 -2.846892276498700020e-15 -2.850912459747500183e-15 -2.853982467828199892e-15 -2.854279590311800016e-15 -2.851450289940000192e-15 -2.845912974981699993e-15 -2.841905308828800028e-15 -2.841771968142399873e-15 -2.844334362986099853e-15 -2.848623650462099990e-15 -2.881662002931900167e-15
-2.927061584474200136e-15 -2.913655876367600081e-15 -2.846785352173299869e-15 -2.852669468464499961e-15 -2.857909612793700014e-15 -2.854782868711400140e-15 -2.851433462398100113e-15 -2.850260837471599962e-15 -2.845855531748800178e-15 -2.845167482155599996e-15 -2.843668883521199890e-15 -2.846093667458200032e-15 -2.846914977594699832e-15 -2.849989254800100010e-15 -2.852550533419200132e-15 -2.853139749334399891e-15 -2.851345329973200156e-15 -2.847291966136699859e-15 -2.843888342628499971e-15 -2.843687673912600100e-15 -2.844820118115199809e-15 -2.847483793347599866e-15 -2.870067381870699812e-15
-2.929834863945199917e-15 -2.915364624408899879e-15 -2.847745470882799847e-15 -2.853659367760899991e-15 -2.858450473643399892e-15 -2.854146576672799930e-15 -2.850560999734899876e-15 -2.849350465095800017e-15 -2.845038354931500130e-15 -2.844419125704100109e-15 -2.843263101803600112e-15 -2.846734628945199852e-15 -2.847658417305700107e-15 -2.850907644188899966e-15 -2.853272250780799837e-15 -2.853302349288600118e-15 -2.850764009444799960e-15 -2.846043547073500131e-15 -2.842706629032099829e-15 -2.842601378114100044e-15 -2.844771946405899939e-15 -2.848351368491200156e-15 -2.875675606525900179e-15
-2.947829610004999889e-15 -2.928929983394399894e-15 -2.848720181492200057e-15 -2.856143360862199813e-15 -2.861609704751799928e-15 -2.855024540700900120e-15 -2.850326305746300071e-15 -2.848779872493200157e-15 -2.843461991171000015e-15 -2.842740118008299861e-15 -2.841537180479000026e-15 -2.846419574341999968e-15 -2.847595774744700094e-15 -2.851583846099000170e-15 -2.854233902076299972e-15 -2.853890840703699980e-15 -2.850527820420100177e-15 -2.845060522721699922e-15 -2.842392322471700011e-15 -2.842564589073100021e-15 -2.847462097852599864e-15 -2.853374688769500052e-15 -2.893008584036900138e-15
