5.878685759445597796e+04 -2.933785505032930123e-15 9.087690845738001495e-18
5.879778018909817183e+04 -2.918186793661560192e-15 7.655762069659413708e-18
5.897708734672163700e+04 -2.847832395667069788e-15 7.754494981566249816e-19
5.900003981205043237e+04 -2.854425525207950180e-15 8.018505027130529287e-19
5.903402528102391807e+04 -2.859757652473690087e-15 8.860412272525544940e-19
5.909088302806021966e+04 -2.855023387750215021e-15 4.651577729671120571e-19
5.911103070120509074e+04 -2.851041395900849989e-15 3.916939656675552978e-19
5.911781228908269986e+04 -2.849690968039414596e-15 4.093618303352253619e-19
5.914672606539388653e+04 -2.844829668192474510e-15 5.551797819126983771e-19
5.915275450888471823e+04 -2.844116420249270589e-15 5.751321408542172072e-19
5.917369144845371920e+04 -2.842717033575269789e-15 5.803518604842442525e-19
5.922550191082495439e+04 -2.846198509770975391e-15 3.640274698376020321e-19
5.923257746403396595e+04 -2.847179660149685087e-15 3.668978577723627313e-19
5.925749144857598003e+04 -2.850681557849079355e-15 4.576815344161300206e-19
5.928438742839651968e+04 -2.853323239387315594e-15 5.087647639021894398e-19
5.931108990643017751e+04 -2.853537496325545734e-15 4.133619983104021867e-19
5.933801181437412743e+04 -2.851052127704379329e-15 3.794729418278854476e-19
5.936893249459199433e+04 -2.846284015396009597e-15 6.675862648313137764e-19
5.939984829401681054e+04 -2.842965488548165155e-15 8.225156790835186854e-19
5.940413101873573760e+04 -2.842882412431665041e-15 8.216669106910176080e-19
5.942879022663975775e+04 -2.845337811230355000e-15 9.597875232217402842e-19
5.944202590531675378e+04 -2.849207716129470162e-15 1.383008653177218004e-18
5.948685474479400727e+04 -2.878374654375460222e-15 4.877383708599987839e-18
