58774.699938825453962 -0.00026423121716544971539 68.729616483632739232
58833.575641954271266 -0.00037450540112207567029 67.626954482394651791
58903.241527677959464 -0.00040485241089271500328 68.083111739207978985
58937.26491562609192 -0.00037208962069364073133 68.284336461112133065
58982.042657583045379 -0.00056675770890570876962 68.258549211572002946
59004.905343509234566 -0.00065117833678882299253 68.753863642682802038
59025.986319228710194 -0.00050464054521236844049 68.095077866035694569
59084.759881612857086 -0.00056222636714177357546 68.724009222418828813
59111.680240034519912 -0.00044070206863207399722 68.371535169271581367
59139.74820068712474 -0.00043435314285946452231 68.94324178116328028
59169.61973165465303 -0.00038890910350179817793 70.178144945851286707
59195.504263099389203 3.9965878631286852191e-05 67.787268045779086378
59225.353842080676309 0.00011961276546657266183 67.947928954066142637
59252.436792196527509 0.00037403144481941746349 67.981672666737821942
59275.199387481425209 0.00033925767944231064525 68.69316871168153682
59311.063130274432957 0.00030762025582980848166 68.784685473972999148
59337.987863915308722 0.00037010413694540719063 70.043326155091364171
59368.901786713715175 0.00047443193641801330729 67.924786505056971464
59399.821032348148595 0.00079545544008256986933 69.029102063585312976
59428.769138871139322 0.00090031052070050766929 68.041803530068619921
