5.878783810410746082e+04 -9.211361734117244314e-14 2.780419153761821357e-15
5.886444775239888986e+04 -8.755807436893804104e-14 4.807471063944739589e-16
5.889748293882395228e+04 -8.740153238047609694e-14 5.335644852876176187e-16
5.912356255626812344e+04 -8.782463621133660319e-14 2.647235283385423752e-16
5.923264310668185499e+04 -8.831118299930575157e-14 6.907734801655525640e-17
5.929746932744477817e+04 -8.830533988543451100e-14 7.784536418729699458e-18
5.933532737276086118e+04 -8.820491663056344758e-14 3.899103514750931468e-17
5.940018906222425721e+04 -8.813762981711568905e-14 3.177174815276370303e-17
5.941476058184518479e+04 -8.811991784762643893e-14 3.833034238939500055e-17
5.945490519881619548e+04 -8.800907822961076242e-14 2.276929862559325918e-17
5.949490857362409588e+04 -8.791721924375804001e-14 9.052499709661271191e-17
5.956474486535861797e+04 -8.910853570530079836e-14 8.725136497585400164e-16
