-9.531263605195199854e-14 -8.700851904011599551e-14 -8.679206583010799566e-14 -8.752095887899700433e-14 -8.839244491054100018e-14 -8.830478244309500138e-14 -8.815744117369399420e-14 -8.817750007588000505e-14 -8.816922595563499779e-14 -8.799187712401299423e-14 -8.781175498110000320e-14 -9.008595515321599846e-14
-9.302002644886899832e-14 -8.741856626679799697e-14 -8.724211618270899571e-14 -8.775359203735100051e-14 -8.832712384303600487e-14 -8.830202219075300586e-14 -8.819811332091199687e-14 -8.815107517718400076e-14 -8.813059767573899499e-14 -8.798810734763900315e-14 -8.788159038832400444e-14 -8.948585580034600125e-14
-9.086905953851200396e-14 -8.778321899758800451e-14 -8.764246911519899547e-14 -8.794116976054900259e-14 -8.828571654034100229e-14 -8.830528844880000283e-14 -8.821733609405199996e-14 -8.811983850741400035e-14 -8.810208633350200565e-14 -8.802674501137099818e-14 -8.796637602843400433e-14 -8.867393749439900263e-14
-9.056687216868800359e-14 -8.781783163556599969e-14 -8.770658745358099940e-14 -8.797185799970500034e-14 -8.827429558742200599e-14 -8.830441400386900337e-14 -8.823030706212000201e-14 -8.811750349199099730e-14 -8.809156800633200517e-14 -8.800421055284899774e-14 -8.796644517610700525e-14 -8.874914172024400138e-14
-8.958311192529000340e-14 -8.798713943884000515e-14 -8.787755131368900473e-14 -8.805226150148100199e-14 -8.825209604340300469e-14 -8.831103274871700597e-14 -8.823893670156299558e-14 -8.810066535020000454e-14 -8.807921325475299730e-14 -8.803350308219999918e-14 -8.801204361270200477e-14 -8.827975248560800344e-14
-9.353961296557600187e-14 -8.729086515781899688e-14 -8.710524176547600009e-14 -8.766811858049699639e-14 -8.835457020135499902e-14 -8.831321056911199412e-14 -8.817681201545499917e-14 -8.814792124942500456e-14 -8.814142358693999723e-14 -8.802068570535299520e-14 -8.787903881204200240e-14 -8.939438152328999632e-14
-9.587674789968099665e-14 -8.689354846270299516e-14 -8.666043352150599631e-14 -8.744773093070599794e-14 -8.840599244099300017e-14 -8.832047124605300523e-14 -8.815103172385300397e-14 -8.816812822881599777e-14 -8.816453509977800265e-14 -8.799463691042199537e-14 -8.781016996097900278e-14 -9.018390313368199547e-14
-9.431018940103300540e-14 -8.719298504806899725e-14 -8.698074189347500434e-14 -8.761527836322599418e-14 -8.837091971674600389e-14 -8.831140549171099732e-14 -8.817158847594400155e-14 -8.815573045631199512e-14 -8.814613690555099957e-14 -8.800016778362200308e-14 -8.785550792974300490e-14 -8.974475180436900279e-14
-9.270881952408900182e-14 -8.741879702201600053e-14 -8.726292452356199963e-14 -8.774705127014699398e-14 -8.832808285861399862e-14 -8.831516528295600277e-14 -8.819771974606399524e-14 -8.813855682493600518e-14 -8.812423975314299500e-14 -8.800851819040399663e-14 -8.790043831444300470e-14 -8.924916154295500454e-14
-9.344784716721499581e-14 -8.732974182539799633e-14 -8.714255238989899853e-14 -8.770098420826699791e-14 -8.834456399822699806e-14 -8.830633738469599862e-14 -8.818492916967299853e-14 -8.814992979908400176e-14 -8.813611748838800428e-14 -8.800072299934099795e-14 -8.787852155997500385e-14 -8.952328805694199454e-14
-9.241545113296799994e-14 -8.749383208953999712e-14 -8.733612256943799578e-14 -8.779022413438999807e-14 -8.832062724920800424e-14 -8.830629436041699447e-14 -8.820076694790900249e-14 -8.814548923320999631e-14 -8.812963851914600549e-14 -8.801186542137100604e-14 -8.790283645519099683e-14 -8.916790442176700626e-14
-9.374852655382100233e-14 -8.726007634629500353e-14 -8.710022487467199543e-14 -8.767882378878099890e-14 -8.834750781808600348e-14 -8.829645173314700570e-14 -8.818746277749699495e-14 -8.816721977625299605e-14 -8.814643281204600100e-14 -8.797679467369200062e-14 -8.784908346555500408e-14 -8.980240380424199786e-14
-9.239222158683099788e-14 -8.749370583314799510e-14 -8.733583661105100276e-14 -8.778872005342799740e-14 -8.831612746319499639e-14 -8.831046244907899701e-14 -8.820219042800899465e-14 -8.813686854334900109e-14 -8.812068911580499853e-14 -8.800883538546199731e-14 -8.791155108845699857e-14 -8.917298428068200431e-14
-9.091115120467000163e-14 -8.778270279712700509e-14 -8.763585647591799896e-14 -8.794331030930400453e-14 -8.827209851519499757e-14 -8.830919971605500459e-14 -8.823009282178700244e-14 -8.812487895787700461e-14 -8.810200086751499906e-14 -8.801393137330000011e-14 -8.795530269080800491e-14 -8.872311493509099793e-14
-9.220509326422399891e-14 -8.757402378889499754e-14 -8.738720792555199503e-14 -8.782122491207000289e-14 -8.831904150865400136e-14 -8.830756653624699499e-14 -8.819781658730499485e-14 -8.813414254103999745e-14 -8.812146613292100089e-14 -8.802285233681099594e-14 -8.792168954338200559e-14 -8.901309750182900086e-14
-8.216677688010900613e-14 -8.927416493561199495e-14 -8.930543184591799881e-14 -8.876826362959500064e-14 -8.806540733154700261e-14 -8.829601597706800054e-14 -8.834165097382200259e-14 -8.802859656543100291e-14 -8.798724083434099955e-14 -8.808463233608000271e-14 -8.823696918526900183e-14 -8.595771407873700400e-14
-9.445328587823499559e-14 -8.717759841695400049e-14 -8.697422096158600612e-14 -8.762379834574399677e-14 -8.836286634380700478e-14 -8.829449687198599979e-14 -8.817426418336700070e-14 -8.817786488550100057e-14 -8.816192675218800529e-14 -8.798267221270299511e-14 -8.782064503780399642e-14 -8.989105748051700189e-14
-9.203938325992499404e-14 -8.758563930760799700e-14 -8.744090678805400019e-14 -8.785167541269400314e-14 -8.830497758115200499e-14 -8.829484913292799722e-14 -8.821141122842800564e-14 -8.814549604697700628e-14 -8.811997481313000198e-14 -8.798658680949199878e-14 -8.790377965882500192e-14 -8.925131195661800380e-14
-9.104649258513500289e-14 -8.775292604681100156e-14 -8.762419490527699544e-14 -8.794664225300199793e-14 -8.828047974776599715e-14 -8.828835778610800243e-14 -8.821803486538800100e-14 -8.813901023314500577e-14 -8.811518523227699810e-14 -8.800939883235900143e-14 -8.794105281556200593e-14 -8.887414429053999836e-14
-9.165904138662600550e-14 -8.762560492185800459e-14 -8.747796066285199833e-14 -8.786103785679799774e-14 -8.829872028682700100e-14 -8.830897333589300385e-14 -8.821042631442700315e-14 -8.812618039828899745e-14 -8.810865781339899635e-14 -8.801482050373100458e-14 -8.793958817045899590e-14 -8.894685264094200173e-14
