5.876577214532777725e+04
5.890319770752610930e+04
5.893722091262709728e+04
5.897701752186829981e+04
5.899997094668964564e+04
5.902596337251687510e+04
5.908473664145154180e+04
5.911165671596110042e+04
5.913972454549424583e+04
5.916959574324898131e+04
5.919546179728677816e+04
5.922533000721400458e+04
5.925241321787899506e+04
5.927517605806693609e+04
5.931105377105290245e+04
5.933797868621700036e+04
5.936889270140579902e+04
5.939981176880568091e+04
5.942875965270643064e+04
5.945565333938684489e+04
5.948761349103634711e+04
5.951848246310635295e+04
