5.876577214532777725e+04 -8.655901225510799935e-14 6.505721557243828367e-17
5.890319770752610930e+04 -8.832348053039420239e-14 6.466378091099552910e-18
5.893722091262709728e+04 -8.819171914413314262e-14 2.876636198926014774e-18
5.897701752186829981e+04 -8.812454789007085326e-14 1.123395777707075758e-18
5.899997094668964564e+04 -8.815075251570856395e-14 1.414724155647856149e-18
5.902596337251687510e+04 -8.821228990512664126e-14 9.035416987856174567e-19
5.908473664145154180e+04 -8.828985993961684561e-14 1.013962509054598980e-18
5.911165671596110042e+04 -8.825528214014515181e-14 6.718053807310025765e-19
5.913972454549424583e+04 -8.819477972536879027e-14 4.226529248377148621e-19
5.916959574324898131e+04 -8.814631070536919579e-14 9.226420164669609417e-19
5.919546179728677816e+04 -8.814490689383489477e-14 8.423495324528179543e-19
5.922533000721400458e+04 -8.819365116753201220e-14 2.931327305467435231e-19
5.925241321787899506e+04 -8.826006841754264575e-14 7.754513463811218583e-19
5.927517605806693609e+04 -8.830487321378709846e-14 1.048121548346825981e-18
5.931105377105290245e+04 -8.830991046230094790e-14 5.224802025538240426e-19
5.933797868621700036e+04 -8.825314769853870216e-14 6.496102909606478183e-19
5.936889270140579902e+04 -8.815491871926377794e-14 1.221638020989508731e-18
5.939981176880568091e+04 -8.807536915224529157e-14 6.862281292569643246e-19
5.942875965270643064e+04 -8.805225857122074310e-14 1.235948142798879198e-18
5.945565333938684489e+04 -8.806495498359576056e-14 1.777028118829228208e-18
5.948761349103634711e+04 -8.805023574348270051e-14 2.799486390635340930e-18
5.951848246310635295e+04 -8.789429024506936118e-14 1.438640284114250586e-17
