-8.655474940866600098e-14 -8.832451652342900517e-14 -8.819316926128900011e-14 -8.812523986684099645e-14 -8.815082045211500315e-14 -8.821182963277499566e-14 -8.828950410131299849e-14 -8.825535015528700279e-14 -8.819520994509800415e-14 -8.814683978071500421e-14 -8.814526811836700287e-14 -8.819367326907699861e-14 -8.825983964462599838e-14 -8.830457710233799378e-14 -8.830978820964600016e-14 -8.825324091641299870e-14 -8.815511573073700490e-14 -8.807538695477599833e-14 -8.805195493538799652e-14 -8.806449212220599404e-14 -8.805019134027099702e-14 -8.789555837181599513e-14
-8.648929350665500439e-14 -8.832963866893500420e-14 -8.819355809234200419e-14 -8.812316695085800326e-14 -8.814944800032900567e-14 -8.821216979966499703e-14 -8.829148238237300390e-14 -8.825607968271300606e-14 -8.819420684187499691e-14 -8.814476611637999681e-14 -8.814349226354600196e-14 -8.819338528457999741e-14 -8.826103461494699951e-14 -8.830638354899100346e-14 -8.831074204033899893e-14 -8.825263793603999814e-14 -8.815331378364700017e-14 -8.807438128918499520e-14 -8.805325399428399793e-14 -8.806724257076000117e-14 -8.804937959555500135e-14 -8.788126062374800161e-14
-8.651263644486199649e-14 -8.832793735226900514e-14 -8.819334805479599896e-14 -8.812378324967300113e-14 -8.814981868491699814e-14 -8.821193554227899923e-14 -8.829070047442899666e-14 -8.825579678359200266e-14 -8.819460947828800544e-14 -8.814559154407299961e-14 -8.814418686934700223e-14 -8.819344821511800026e-14 -8.826045713531800063e-14 -8.830553901582400046e-14 -8.831031845679900508e-14 -8.825302895217699895e-14 -8.815448076887900468e-14 -8.807537462631899513e-14 -8.805298870143399379e-14 -8.806539357977400392e-14 -8.804672747497099602e-14 -8.788098551912200355e-14
-8.661388235055599506e-14 -8.831848366158700618e-14 -8.819034702698300137e-14 -8.812574823622199463e-14 -8.815186878401900314e-14 -8.821246631176299969e-14 -8.828879659353100357e-14 -8.825492749175799603e-14 -8.819549328629600250e-14 -8.814767454316599621e-14 -8.814600859589300176e-14 -8.819366425408100055e-14 -8.825901181948399548e-14 -8.830338168411300405e-14 -8.830906880939500055e-14 -8.825348667981299544e-14 -8.815621624352300194e-14 -8.807619021759500593e-14 -8.805149935860199569e-14 -8.806324491378799988e-14 -8.805134286783899500e-14 -8.790567096689799960e-14
-8.657878645695499958e-14 -8.832124882469500527e-14 -8.818965823306299629e-14 -8.812359805017000423e-14 -8.815040423274699669e-14 -8.821241757855600016e-14 -8.829033068294700028e-14 -8.825570150043099736e-14 -8.819505212134300101e-14 -8.814633436944899396e-14 -8.814467722654499992e-14 -8.819318844208100354e-14 -8.825956417406499590e-14 -8.830451092683300140e-14 -8.831003812327800488e-14 -8.825365615447200425e-14 -8.815555526601100207e-14 -8.807559314948399826e-14 -8.805172854962399788e-14 -8.806385418100899985e-14 -8.804952727671799555e-14 -8.789601822547600448e-14
-8.671953581180600099e-14 -8.830806293335500464e-14 -8.818508013699999979e-14 -8.812631227831200213e-14 -8.815360493289799848e-14 -8.821377752083900592e-14 -8.828775296442500085e-14 -8.825397475172599781e-14 -8.819529825262599636e-14 -8.814819195365300100e-14 -8.814654728328299791e-14 -8.819357886639299526e-14 -8.825832390142700170e-14 -8.830262954109200099e-14 -8.830931911840099863e-14 -8.825477918410600568e-14 -8.815771162721699673e-14 -8.807604523935699704e-14 -8.804914145003600609e-14 -8.806094978609599691e-14 -8.805686914564700514e-14 -8.793154834579000503e-14
-8.652208290048599575e-14 -8.832690899256300626e-14 -8.819333220077599977e-14 -8.812427361604700363e-14 -8.815024971918700095e-14 -8.821216453731499712e-14 -8.829070842047400164e-14 -8.825587386843700206e-14 -8.819474055393400606e-14 -8.814565698287799608e-14 -8.814410007959100149e-14 -8.819319311921399818e-14 -8.826018483156699396e-14 -8.830539287646200383e-14 -8.831051217088500622e-14 -8.825336696904100458e-14 -8.815462393989799629e-14 -8.807496134677299903e-14 -8.805214312546499491e-14 -8.806486021740500550e-14 -8.804834287116899515e-14 -8.788702446568400236e-14
-8.668033408690099877e-14 -8.831199149626600187e-14 -8.818732443833399813e-14 -8.812641346105500159e-14 -8.815315308882099423e-14 -8.821328629972199474e-14 -8.828783317172499794e-14 -8.825408018581499989e-14 -8.819530798914299385e-14 -8.814818150122000596e-14 -8.814668212739100151e-14 -8.819396538380800519e-14 -8.825878677349100290e-14 -8.830290574583500585e-14 -8.830888328646599972e-14 -8.825383361464500105e-14 -8.815679914043900306e-14 -8.807611432451100417e-14 -8.805050843312000102e-14 -8.806269434267699946e-14 -8.805594188443000073e-14 -8.792291974641500477e-14
-8.653095993702499632e-14 -8.832585324214299696e-14 -8.819211655434999993e-14 -8.812360929694400128e-14 -8.814995710654100116e-14 -8.821217577601399938e-14 -8.829084071608599583e-14 -8.825593736978800328e-14 -8.819475866462099495e-14 -8.814568277195099941e-14 -8.814415227334800369e-14 -8.819324107486999760e-14 -8.826016172465999394e-14 -8.830526506022399406e-14 -8.831021296968899549e-14 -8.825302348620999609e-14 -8.815440735603500552e-14 -8.807509322206899771e-14 -8.805277370809399385e-14 -8.806605429567900267e-14 -8.805028064873800489e-14 -8.788974347408400426e-14
-8.654665531936300165e-14 -8.832566078496100369e-14 -8.819390127702199857e-14 -8.812529038895500205e-14 -8.815070378052600427e-14 -8.821175446440000113e-14 -8.828968996390899582e-14 -8.825541337311700229e-14 -8.819499683731499883e-14 -8.814637438602000088e-14 -8.814479974615999480e-14 -8.819352774023900588e-14 -8.826016967521199477e-14 -8.830525458372700537e-14 -8.831052163463399655e-14 -8.825348661681600243e-14 -8.815446740657699737e-14 -8.807410492391399629e-14 -8.805098983191099447e-14 -8.806496027489499932e-14 -8.805362011855799933e-14 -8.790219750273799900e-14
-8.652179511157000398e-14 -8.832609483053800175e-14 -8.819139044260699892e-14 -8.812313574822500575e-14 -8.815001557743000059e-14 -8.821273321437099836e-14 -8.829097654365500025e-14 -8.825542133015500487e-14 -8.819379287396599618e-14 -8.814483811440000608e-14 -8.814390594479100243e-14 -8.819389146912900521e-14 -8.826134589011300579e-14 -8.830643521563599555e-14 -8.831047846355899674e-14 -8.825231837192099637e-14 -8.815304273025799682e-14 -8.807411995610900379e-14 -8.805300791162199640e-14 -8.806738815402100288e-14 -8.805137914163400423e-14 -8.788756606094800050e-14
-8.654317718744200213e-14 -8.832441145492299884e-14 -8.819107091445600284e-14 -8.812353042265400529e-14 -8.815023708059900114e-14 -8.821255698140799753e-14 -8.829076799948199832e-14 -8.825572466204399918e-14 -8.819458006759900226e-14 -8.814567411006600522e-14 -8.814428231996400522e-14 -8.819340431037399747e-14 -8.826022160187700179e-14 -8.830519455945500306e-14 -8.831002987141900358e-14 -8.825292153726799525e-14 -8.815453086836399887e-14 -8.807538238989300063e-14 -8.805295170174200330e-14 -8.806583886658000107e-14 -8.804945127095899646e-14 -8.788871052321800045e-14
-8.658872556553099647e-14 -8.832052944162699913e-14 -8.819082065752099655e-14 -8.812535534345699587e-14 -8.815163456125599688e-14 -8.821266262355000093e-14 -8.828915180694799949e-14 -8.825478512438600290e-14 -8.819481321593499547e-14 -8.814679830341100377e-14 -8.814540771088600152e-14 -8.819371782182899970e-14 -8.825961361952699680e-14 -8.830417088784200310e-14 -8.830951751746799920e-14 -8.825342734691300355e-14 -8.815584285244299711e-14 -8.807611274527800129e-14 -8.805191660114199589e-14 -8.806338789243100401e-14 -8.804858122619600464e-14 -8.789602252250100413e-14
-8.668478575320500399e-14 -8.830961255218400242e-14 -8.818553309739500503e-14 -8.812659556170300542e-14 -8.815432229279800584e-14 -8.821497275738599703e-14 -8.828830116620799916e-14 -8.825362801680699658e-14 -8.819426359165100226e-14 -8.814713524655299818e-14 -8.814605965065500349e-14 -8.819398461796999558e-14 -8.825921648057600402e-14 -8.830344071359600080e-14 -8.830924573572899796e-14 -8.825404828957199987e-14 -8.815706076132199739e-14 -8.807654398906200106e-14 -8.805070783553899761e-14 -8.806175036432100093e-14 -8.805191698544699595e-14 -8.791426069499700067e-14
-8.650439215139799749e-14 -8.832925998022299982e-14 -8.819538202027299695e-14 -8.812517906213600114e-14 -8.815047948749299596e-14 -8.821177930969599857e-14 -8.828980696556099464e-14 -8.825515878689099499e-14 -8.819442912076900545e-14 -8.814585510629700348e-14 -8.814463679939800628e-14 -8.819382212953499392e-14 -8.826056012027100306e-14 -8.830537088567300016e-14 -8.830987518655999535e-14 -8.825262481292300280e-14 -8.815438726395800306e-14 -8.807573049136199576e-14 -8.805367578551800494e-14 -8.806613096046700537e-14 -8.804705382249900217e-14 -8.788040825419100423e-14
-8.650314002566100164e-14 -8.832925867188799986e-14 -8.819439883459400338e-14 -8.812395668483700012e-14 -8.814954102168800378e-14 -8.821133392173899973e-14 -8.829009762092199527e-14 -8.825540702690300409e-14 -8.819450216953900511e-14 -8.814580483110899464e-14 -8.814464964277299704e-14 -8.819408956700499942e-14 -8.826107937594000325e-14 -8.830597434681200350e-14 -8.831018303494299437e-14 -8.825240067389200101e-14 -8.815351901417599385e-14 -8.807463259218000553e-14 -8.805307055047399686e-14 -8.806662593687999412e-14 -8.804927062543899688e-14 -8.788394482218199547e-14
-8.652092723267900205e-14 -8.832847754663300158e-14 -8.819497145391100233e-14 -8.812467859481200052e-14 -8.814980282447599935e-14 -8.821104679885800518e-14 -8.828991258693900519e-14 -8.825574981929500372e-14 -8.819521483658399476e-14 -8.814637885569999550e-14 -8.814468021226399797e-14 -8.819337972279799949e-14 -8.826004647196799372e-14 -8.830513831702399631e-14 -8.831039509261499926e-14 -8.825344834038999730e-14 -8.815477055789700528e-14 -8.807489380355100349e-14 -8.805182806702399540e-14 -8.806468689746499644e-14 -8.804940686016100065e-14 -8.789072164566400332e-14
-8.649879319475200517e-14 -8.832960842361600455e-14 -8.819388328124499511e-14 -8.812316780146399817e-14 -8.814889250162200138e-14 -8.821096813493400116e-14 -8.829035925715000028e-14 -8.825585763746100576e-14 -8.819506293741599584e-14 -8.814634422566600340e-14 -8.814501156498199485e-14 -8.819405539907700396e-14 -8.826059325393400486e-14 -8.830516846168599790e-14 -8.830930417281699891e-14 -8.825197869091599824e-14 -8.815405449957899511e-14 -8.807604012249199431e-14 -8.805440338868500533e-14 -8.806641891447300535e-14 -8.804491243810700072e-14 -8.787352795462900369e-14
-8.651646918977700481e-14 -8.832754719641099903e-14 -8.819386842904599595e-14 -8.812450679257299808e-14 -8.815023505501200142e-14 -8.821183169056100036e-14 -8.828991316889000010e-14 -8.825520421875699784e-14 -8.819446509548200586e-14 -8.814595600792699598e-14 -8.814482601126299559e-14 -8.819409561953500621e-14 -8.826085430340200529e-14 -8.830562864286199622e-14 -8.830998267699399938e-14 -8.825257113055399375e-14 -8.815415625818799413e-14 -8.807544047797199870e-14 -8.805360203117599369e-14 -8.806667407120800297e-14 -8.804907594108600280e-14 -8.788473896595399917e-14
-8.654912346687000452e-14 -8.832450802963800151e-14 -8.819122847565999709e-14 -8.812341639447899399e-14 -8.814986112969700164e-14 -8.821193520670200040e-14 -8.829027220537000023e-14 -8.825557101754000341e-14 -8.819479662789600411e-14 -8.814613535675000373e-14 -8.814476343625099645e-14 -8.819371704392700066e-14 -8.826030293844799496e-14 -8.830510215971699724e-14 -8.830979267438300496e-14 -8.825267426669199933e-14 -8.815431831612800616e-14 -8.807524118302400395e-14 -8.805302546353500144e-14 -8.806645132978000604e-14 -8.805144333423000296e-14 -8.789297621533200287e-14
