58937.222473456305114 0.00029606396590209648168 117.03853855050989807
58788.603654422872669 0.00077154420908955336536 115.63040441133227887
58999.97364790540724 -0.00010964327207149150074 119.01859118517005243
59111.658214680086036 -0.0010887414115015212151 120.7653476480401622
59337.963620686151199 0.0002697661582643089504 117.12333579199014366
58903.199195144176379 0.00057798867509698950555 117.58170131896360999
59025.964852798234634 -0.0003826432276699309763 117.41453179728996759
59139.725993721561487 -0.0007362665034697014564 116.62141620799478403
59368.883204320877315 0.00011813237180355067676 116.85795579916945997
58977.020339827558207 0.00022789764548566070052 118.49037666337952146
59084.738082432988783 -0.00084932359307365389963 117.22304672396739988
59195.463257388903671 -0.00043209124634462800631 120.97293644847167116
59311.041906815210567 0.00025958844179726977494 118.65236866086544865
59428.738477747928712 0.00013023034729443222044 116.91095928582680585
59169.597208591108046 -0.00069905377302031860425 119.13380058130626082
59275.17751191303222 -9.9274197563919753056e-05 117.75314458335405732
59399.798063648338363 0.00040225778289716646894 116.73074328204936023
59225.331436901385079 -0.00040426747147327478302 121.15894983884744818
59252.414600673144445 -9.3588793472794795938e-05 117.66801347486845941
