5.876577214532774087e+04
5.890319770752613840e+04
5.893722091262709728e+04
5.897701752186829981e+04
5.899997094668960199e+04
5.902596337251692603e+04
5.908473664145154180e+04
5.911165671596109314e+04
5.913972454549418762e+04
5.916959574324901769e+04
5.919546179728675634e+04
5.922533000721400458e+04
5.925241321787899506e+04
5.927517605806696520e+04
5.931105377105289517e+04
5.933797868621700763e+04
5.936889270140572626e+04
5.939981176880566636e+04
5.942875965270645975e+04
5.945565333938681579e+04
5.948761349103636894e+04
5.951848246310638206e+04
