-5.660607523000400057e-14 -9.295282962114599664e-14 -8.785857085205600578e-14 -8.806049961967100152e-14 -8.854113676552400586e-14 -8.828789048610599450e-14 -8.826961666710000233e-14 -8.848560179737800310e-14 -8.823161734597200110e-14 -8.796976855374799994e-14 -8.811898044607799802e-14 -8.834565409193799951e-14 -8.826634478943399779e-14 -8.817483791698400609e-14 -8.835973018687999963e-14 -8.838116664813699550e-14 -8.801791005811100083e-14 -8.801828864615800494e-14 -8.837583869660500080e-14 -8.785992878817100314e-14 -8.751167195984700475e-14 -9.573920904618399551e-14
-4.829267813779100248e-14 -9.324095101728299703e-14 -8.783389791211099498e-14 -8.806220351728399608e-14 -8.855393855264400112e-14 -8.828582275593100142e-14 -8.827322275369500019e-14 -8.848872297530900054e-14 -8.822756271267700119e-14 -8.796878752784300049e-14 -8.812442128884299828e-14 -8.834773567525099516e-14 -8.826158323991400129e-14 -8.817129495585600490e-14 -8.836355359277300468e-14 -8.838180173297299610e-14 -8.801539180917599519e-14 -8.802164600987100421e-14 -8.837380870303400206e-14 -8.785213840724200109e-14 -8.753259817566399409e-14 -9.559970232442999763e-14
-1.340395725433599989e-13 -8.738848346592599784e-14 -8.831753152260399722e-14 -8.807427247021200125e-14 -8.812610798593399721e-14 -8.825046392583699754e-14 -8.825250169909399984e-14 -8.826995945628599551e-14 -8.823646273370100319e-14 -8.812625092022799855e-14 -8.809651076068700482e-14 -8.820509302746700424e-14 -8.831133500579899608e-14 -8.832392721982699882e-14 -8.826869310044199956e-14 -8.823859816512499387e-14 -8.816872454294599535e-14 -8.809013426623200540e-14 -8.809330993886900112e-14 -8.799984448113799825e-14 -8.790596491786799473e-14 -9.049587711639499727e-14
-7.320367773620299509e-14 -9.114076340544399704e-14 -8.800303959166300157e-14 -8.807552265109100582e-14 -8.839348853801799882e-14 -8.826597546019100630e-14 -8.826957701719400540e-14 -8.840469150451300237e-14 -8.822864836706199988e-14 -8.803106950396899721e-14 -8.811521584931899454e-14 -8.829000570310499821e-14 -8.828021123618299571e-14 -8.823419823130799745e-14 -8.832557442306700207e-14 -8.831846526249600444e-14 -8.807703442002500622e-14 -8.805662442569300508e-14 -8.825487176574900011e-14 -8.791143139060399974e-14 -8.770993935694700498e-14 -9.313941560787699617e-14
-5.592339287278900157e-14 -9.348481470326200034e-14 -8.781716064578100463e-14 -8.805352178226200613e-14 -8.859138671114400201e-14 -8.829634810586300146e-14 -8.826701162888800492e-14 -8.851671539053099570e-14 -8.823616523760499369e-14 -8.794688094904200258e-14 -8.811874670669800588e-14 -8.836781766538199869e-14 -8.826285399909000608e-14 -8.815098968387900608e-14 -8.837010248191599830e-14 -8.840704488810599471e-14 -8.799759775607500121e-14 -8.800236283056700435e-14 -8.842431017765200333e-14 -8.783515504161400557e-14 -8.742162293827100253e-14 -9.699477218651400409e-14
-8.190622683178300304e-14 -9.199714557698999592e-14 -8.794748919838999577e-14 -8.804821189246000223e-14 -8.848572564932499523e-14 -8.829309400909100347e-14 -8.825854844002400371e-14 -8.846429895651299971e-14 -8.824063690718800610e-14 -8.798394877112699985e-14 -8.811109775267800204e-14 -8.833546345587599773e-14 -8.827465003024700454e-14 -8.818373788692000010e-14 -8.834728055113100174e-14 -8.837779717889600513e-14 -8.803226411921399875e-14 -8.801336184135100563e-14 -8.836804076374299901e-14 -8.787373418602200184e-14 -8.748029108066600175e-14 -9.606905569606500160e-14
-1.014760905161399999e-13 -8.812338324090500410e-14 -8.827455794211400403e-14 -8.809087835025999716e-14 -8.813242081176299396e-14 -8.822490667051499708e-14 -8.827015061632899504e-14 -8.827152978822100158e-14 -8.823044574252500348e-14 -8.813675380209100002e-14 -8.810242474745400375e-14 -8.818703136318099531e-14 -8.830237140481199679e-14 -8.833974737661999949e-14 -8.827056609379699858e-14 -8.820956587207899683e-14 -8.817733113919400542e-14 -8.812862159517299912e-14 -8.805036805753200227e-14 -8.798520123155499645e-14 -8.804621994959799799e-14 -8.881720506318200176e-14
-1.391393772807900089e-13 -8.681705452327399648e-14 -8.836851611338600278e-14 -8.807498879941500128e-14 -8.807627693585500297e-14 -8.824516542466999874e-14 -8.825098667892499884e-14 -8.824210523842899702e-14 -8.823663861085099378e-14 -8.814806915284199837e-14 -8.809481493183300597e-14 -8.818470894897900151e-14 -8.831525808822499631e-14 -8.834457158680800159e-14 -8.825806667180299861e-14 -8.821675136333799837e-14 -8.818703323429300013e-14 -8.810302998362700432e-14 -8.805431030275199922e-14 -8.801925889549100140e-14 -8.797201260971500523e-14 -8.960117061605500006e-14
-7.069465985723599870e-14 -9.183148736150399377e-14 -8.795195275738400034e-14 -8.806304421726600068e-14 -8.845485199968099890e-14 -8.828087097248799445e-14 -8.826460980013899487e-14 -8.843776179367100568e-14 -8.823290353789999960e-14 -8.800609790132699732e-14 -8.811583369969900540e-14 -8.831364988311199675e-14 -8.827426772134600552e-14 -8.820769811095700491e-14 -8.834133831278100545e-14 -8.834851320946299848e-14 -8.804928798033400347e-14 -8.803582942618100235e-14 -8.831296065070899651e-14 -8.788832438228400502e-14 -8.760731388117599849e-14 -9.451874385602899384e-14
-1.337064001461899961e-13 -8.698889608027600059e-14 -8.835318823477600273e-14 -8.807202275278499530e-14 -8.808320421011900205e-14 -8.824763034779199895e-14 -8.825144631703099989e-14 -8.824302928228199966e-14 -8.823627063545999881e-14 -8.814742089691099968e-14 -8.809385186515999986e-14 -8.818359188933900209e-14 -8.831676240909599394e-14 -8.834837638230400627e-14 -8.825729264850300147e-14 -8.821131215529700141e-14 -8.818784252481300248e-14 -8.810930330012699907e-14 -8.804862468215100524e-14 -8.801470825152099783e-14 -8.799349921507600307e-14 -8.939839379239200620e-14
-8.724313920261399991e-14 -9.037919785970499581e-14 -8.807331486396800511e-14 -8.806136609102699997e-14 -8.833914751778400234e-14 -8.827475220682699960e-14 -8.825861756908099798e-14 -8.837443197907799853e-14 -8.823515155056799419e-14 -8.805118933825299949e-14 -8.810548949203199751e-14 -8.827014639494699669e-14 -8.829195981093900390e-14 -8.825825969533100541e-14 -8.831074478509799749e-14 -8.829863361838200502e-14 -8.809781766320800369e-14 -8.806349089163499957e-14 -8.821993146525099727e-14 -8.793490309731800048e-14 -8.774698101713399500e-14 -9.255643707529399959e-14
-9.052372966782999618e-14 -8.983082919132599757e-14 -8.811662071619300491e-14 -8.807042847149699674e-14 -8.829203390771300068e-14 -8.826283371223600122e-14 -8.826029706058200361e-14 -8.835103670881699403e-14 -8.823585031728299950e-14 -8.807215829136600261e-14 -8.810469079685299968e-14 -8.825053558526299998e-14 -8.829385902338700064e-14 -8.827561153049699816e-14 -8.830014956454200054e-14 -8.828064223769900149e-14 -8.812023064874099890e-14 -8.807393996584500602e-14 -8.817288992717800481e-14 -8.795437125366499767e-14 -8.782619317177600239e-14 -9.157416191912199452e-14
-1.373657126725099942e-13 -8.704108575247799756e-14 -8.835454834243400375e-14 -8.806796231648700491e-14 -8.809308276266699392e-14 -8.825166535227800408e-14 -8.824907586854500620e-14 -8.825020566939800319e-14 -8.823741481682899975e-14 -8.814068424957999656e-14 -8.809443988904400212e-14 -8.819254343259000595e-14 -8.831637523999199664e-14 -8.833833751739500624e-14 -8.825828612917199754e-14 -8.822260799980299854e-14 -8.818377968445000597e-14 -8.810006618467800404e-14 -8.806614280703800001e-14 -8.801540357919799755e-14 -8.794747264200699543e-14 -8.983991854154800160e-14
-7.435066671543499434e-14 -9.195852878860500521e-14 -8.794130012549000624e-14 -8.806043875044499704e-14 -8.847517437181099895e-14 -8.828578553431899611e-14 -8.826155653030799952e-14 -8.845234517463500289e-14 -8.823756706311200332e-14 -8.799541220176200267e-14 -8.811304968253000583e-14 -8.832275394631699833e-14 -8.827356500355399594e-14 -8.819722334653400590e-14 -8.834642859202700451e-14 -8.836220512064499383e-14 -8.803936894900500463e-14 -8.802558064274900230e-14 -8.833817720204599492e-14 -8.787764427354199481e-14 -8.755677424047199900e-14 -9.526603310696199906e-14
-1.256449754020499927e-13 -8.735027290010999837e-14 -8.832483464308499823e-14 -8.807272271023499946e-14 -8.810578653046699546e-14 -8.824888690820800097e-14 -8.825072588646399382e-14 -8.825168898594799690e-14 -8.823696916201400081e-14 -8.814341125481999693e-14 -8.809615307292299922e-14 -8.818789745380100238e-14 -8.831387781947299399e-14 -8.834332649643199748e-14 -8.826132272070899910e-14 -8.821533136617199386e-14 -8.818187675356700265e-14 -8.810501433942399373e-14 -8.805424315217100421e-14 -8.802111314027999989e-14 -8.799253771589300378e-14 -8.927042391649000488e-14
-4.728442610127200013e-14 -9.298921441672299863e-14 -8.785296790200500494e-14 -8.806449536677799776e-14 -8.852986689504799624e-14 -8.828479523201799457e-14 -8.826983237630200387e-14 -8.847077387275399722e-14 -8.823037592382600230e-14 -8.798569880768999646e-14 -8.812203698037499627e-14 -8.832948171932099843e-14 -8.826306221416100473e-14 -8.818925947408999459e-14 -8.835899413404899398e-14 -8.836263652389399441e-14 -8.802539182923100222e-14 -8.803578217789099782e-14 -8.834609311731500150e-14 -8.786018202544400424e-14 -8.759000850173500552e-14 -9.485635584932299695e-14
-7.710666902463800599e-14 -9.209004977786000579e-14 -8.793705302318800071e-14 -8.805269019130999916e-14 -8.848976460491299573e-14 -8.829178767839200024e-14 -8.825997453367900495e-14 -8.846396324570400283e-14 -8.823934519391799843e-14 -8.798371821029100026e-14 -8.811032443000600433e-14 -8.833464832253399484e-14 -8.827767580616799525e-14 -8.818882291004999463e-14 -8.834440441716199831e-14 -8.837034121404099987e-14 -8.803419609344599538e-14 -8.801851803205200101e-14 -8.835848150955599646e-14 -8.787532002551699680e-14 -8.751011746961599850e-14 -9.576817183552100513e-14
-7.894351860460800160e-14 -9.174771943287900381e-14 -8.796608126445999704e-14 -8.805238823144300498e-14 -8.846030566840099739e-14 -8.829047241206100034e-14 -8.825607935490300547e-14 -8.844634009519499516e-14 -8.824202814732000027e-14 -8.799782700796399624e-14 -8.810730516073100464e-14 -8.832215667031400533e-14 -8.828276480849899604e-14 -8.820164607498100116e-14 -8.833242960663899537e-14 -8.835872535128800081e-14 -8.805706754398899837e-14 -8.802348665384399481e-14 -8.831751988821100175e-14 -8.789871516928699505e-14 -8.756787154348099791e-14 -9.489423885603299889e-14
-4.594186257149200277e-14 -9.306427506043400619e-14 -8.784647099189800447e-14 -8.806579761674800589e-14 -8.853511410094399505e-14 -8.828303345061099968e-14 -8.827296495158200378e-14 -8.847612195805900115e-14 -8.822788534366800010e-14 -8.797854044797699805e-14 -8.812160531357100037e-14 -8.833726450399399881e-14 -8.826678266286599558e-14 -8.818496237268699657e-14 -8.835398505690800199e-14 -8.836637476575499524e-14 -8.803069512642899482e-14 -8.803155996475099507e-14 -8.834163323234500257e-14 -8.786691196201299891e-14 -8.759168284774099949e-14 -9.479032196174000434e-14
-1.248790145875599927e-13 -8.716859848336300471e-14 -8.833299404734000176e-14 -8.808368471739800333e-14 -8.808869015176699555e-14 -8.823943207186599780e-14 -8.825645867117100032e-14 -8.824065524577500462e-14 -8.823066027480700535e-14 -8.815173407834299963e-14 -8.810068018864600268e-14 -8.817991814399600494e-14 -8.831050034461000165e-14 -8.835052228671099527e-14 -8.826347612065400330e-14 -8.820574083749300048e-14 -8.818308340874000111e-14 -8.811747218844100580e-14 -8.804418174640599633e-14 -8.800758525208400603e-14 -8.802407661334700088e-14 -8.906715575013199406e-14
