5.876577214532774087e+04 -8.921359328511473666e-14 3.174709112406051036e-14
5.890319770752613840e+04 -9.037927903297465030e-14 2.451765137338374320e-15
5.893722091262709728e+04 -8.807360453451630122e-14 2.036332456869558536e-16
5.897701752186829981e+04 -8.806635702580370651e-14 1.052767621174114385e-17
5.899997094668960199e+04 -8.834237523357609784e-14 1.899348701586952199e-16
5.902596337251692603e+04 -8.826958063586500447e-14 2.095602710576174567e-17
5.908473664145154180e+04 -8.826116272105181006e-14 7.812279571517488348e-18
5.911165671596109314e+04 -8.838009895592480050e-14 1.005304663882278252e-16
5.913972454549418762e+04 -8.823452998121430466e-14 4.144529519649224784e-18
5.916959574324901769e+04 -8.804827109335869978e-14 7.410512894370700128e-17
5.919546179728675634e+04 -8.810838365275799840e-14 9.928484013736161547e-18
5.922533000721400458e+04 -8.827440489383534659e-14 6.795385003367987084e-17
5.925241321787899506e+04 -8.828780303288976281e-14 1.999082736126047306e-17
5.927517605806696520e+04 -8.825036755280856052e-14 7.222990136018832326e-17
5.931105377105289517e+04 -8.831462095950263181e-14 4.155237968472324802e-17
5.933797868621700763e+04 -8.830671277555408706e-14 7.153421094610792140e-17
5.936889270140572626e+04 -8.809319626424933064e-14 7.014199765046644368e-17
5.939981176880566636e+04 -8.805870566831450741e-14 3.996541274285074882e-17
5.942875965270645975e+04 -8.823078688931564290e-14 1.375510950063877881e-16
5.945565333938681579e+04 -8.792759374169947611e-14 6.556103367454137266e-17
5.948761349103636894e+04 -8.772674249240148829e-14 2.090336843713066704e-16
5.951848246310638206e+04 -9.291283820586439713e-14 2.781484551515646698e-15
