5.876891778708297352e+04
5.877888944581129181e+04
5.877988680669535097e+04
5.878088400507613551e+04
5.879280193813715596e+04
5.884772729879384860e+04
5.885438987277998967e+04
5.891352106733580877e+04
5.898215432247378340e+04
5.899825247928172030e+04
5.899924975423111027e+04
5.900024721081124153e+04
5.900124443795988191e+04
5.900423644443418743e+04
5.900501539013176080e+04
5.900523376717965584e+04
5.900623109948644560e+04
5.900922303905803710e+04
5.901022035225613217e+04
5.901121764632830309e+04
5.901520692774782947e+04
5.901720151589248417e+04
5.901819877173918940e+04
5.902019339812685212e+04
5.902119071131959936e+04
5.902222268723235175e+04
5.902322000042787840e+04
5.902521459814248374e+04
5.902621184442519734e+04
5.902720920541677333e+04
5.903119829568895511e+04
5.903219557066704147e+04
5.903319279782414378e+04
5.903394126786654670e+04
5.903718204106170742e+04
5.903817909615898679e+04
5.903917660055099986e+04
5.904017372256478120e+04
5.904117099752741342e+04
5.904216832985177462e+04
5.904316562393334607e+04
5.904416289890181361e+04
5.904516016430718446e+04
5.904914918770138320e+04
5.905214110819598136e+04
5.905313820154473797e+04
5.905413568682334153e+04
5.905513271324829839e+04
5.905613003601449600e+04
5.905712717715087638e+04
5.905812443300968880e+04
5.905912175577459857e+04
5.906011899251157593e+04
5.906111613364891673e+04
5.907308310833193536e+04
5.907507748622260988e+04
5.908106075372124178e+04
5.908405487294789782e+04
5.909079713553927286e+04
5.910100469524961954e+04
5.911772590238918929e+04
5.913092007729569741e+04
5.913490881405465916e+04
5.914484622267261147e+04
5.914663969830887072e+04
5.915584950527051842e+04
5.917360584341546200e+04
5.917878497614766093e+04
5.917978224161580147e+04
5.918077942104645626e+04
5.918177658135257661e+04
5.918277352179584705e+04
5.918377144686724205e+04
5.918775983000900305e+04
5.918875700944233540e+04
5.918975416975450935e+04
5.919075144478479342e+04
5.919174176050245296e+04
5.919473414960288210e+04
5.919573053560012340e+04
5.920071674824538786e+04
5.920171389900080248e+04
5.920271146081506595e+04
5.920370818141017662e+04
5.920470548511274683e+04
5.922545880132615275e+04
5.923249416795432626e+04
5.925257485931641713e+04
5.925656325214276148e+04
5.925740881802876538e+04
5.926055357598517730e+04
5.926554077339435753e+04
5.927052760755464260e+04
5.927152450024076825e+04
5.927551364829255908e+04
5.928048096198499843e+04
5.928430523746366089e+04
5.929147122518642573e+04
5.931106823534877185e+04
5.933304603763954947e+04
5.933799009320801269e+04
5.936891005683018739e+04
5.939982514551647182e+04
5.940914260293430561e+04
5.941502508553835651e+04
5.941814578245279699e+04
5.942876605562949408e+04
5.945499770021370205e+04
