5.876891778708297352e+04 -1.118924603223350115e-14 1.089708838999913426e-15
5.877888944581129181e+04 -9.921455604847249017e-15 8.219875335545065826e-16
5.877988680669535097e+04 -9.800271163750361478e-15 7.964830765875681904e-16
5.878088400507613551e+04 -9.680362957899569926e-15 7.712614721622699747e-16
5.879280193813715596e+04 -8.361553149158624411e-15 4.947861571464729725e-16
5.884772729879384860e+04 -5.662952452809985457e-15 7.054068485420668003e-17
5.885438987277998967e+04 -5.651446903012754978e-15 7.315029493885923601e-17
5.891352106733580877e+04 -6.141183549370905795e-15 2.755246609830971954e-17
5.898215432247378340e+04 -5.895757770796440070e-15 1.052511355364325174e-17
5.899825247928172030e+04 -5.863906811418375898e-15 1.386490386191315149e-17
5.899924975423111027e+04 -5.863454965793415932e-15 1.382141076202976214e-17
5.900024721081124153e+04 -5.863173634115325146e-15 1.375011517045692354e-17
5.900124443795988191e+04 -5.863060464927299541e-15 1.365158910882852934e-17
5.900423644443418743e+04 -5.863701387911639013e-15 1.319863888166556660e-17
5.900501539013176080e+04 -5.864102114243070988e-15 1.304360322538253005e-17
5.900523376717965584e+04 -5.864231296845679717e-15 1.299749506290595462e-17
5.900623109948644560e+04 -5.864913519717729237e-15 1.277252025624125809e-17
5.900922303905803710e+04 -5.867834935331535002e-15 1.196296501084459447e-17
5.901022035225613217e+04 -5.869086383403750945e-15 1.165119652973591253e-17
5.901121764632830309e+04 -5.870469213689898719e-15 1.132004837329521373e-17
5.901520692774782947e+04 -5.877218881213343687e-15 9.821970928613635631e-18
5.901720151589248417e+04 -5.881253661600030006e-15 8.984146585267432371e-18
5.901819877173918940e+04 -5.883417453217115312e-15 8.547130252528683636e-18
5.902019339812685212e+04 -5.888010743542875168e-15 7.643156889413910418e-18
5.902119071131959936e+04 -5.890428890270250288e-15 7.178961052878123650e-18
5.902222268723235175e+04 -5.893008299055489930e-15 6.692161410873290863e-18
5.902322000042787840e+04 -5.895569775014865799e-15 6.217150302868129318e-18
5.902521459814248374e+04 -5.900871883077385473e-15 5.261342190004134936e-18
5.902621184442519734e+04 -5.903600773930490569e-15 4.785154048338021934e-18
5.902720920541677333e+04 -5.906374200388815933e-15 4.313953829964116105e-18
5.903119829568895511e+04 -5.917792927355168421e-15 2.587832555639397082e-18
5.903219557066704147e+04 -5.920700305780280554e-15 2.248294541838592227e-18
5.903319279782414378e+04 -5.923617241162410512e-15 1.985741544538975310e-18
5.903394126786654670e+04 -5.925809550349679977e-15 1.857872067225411457e-18
5.903718204106170742e+04 -5.935272202676960337e-15 2.134159095445455895e-18
5.903817909615898679e+04 -5.938154784343664956e-15 2.424494702629719953e-18
5.903917660055099986e+04 -5.941016026602860021e-15 2.760751637990093853e-18
5.904017372256478120e+04 -5.943848495048444749e-15 3.123192952802187436e-18
5.904117099752741342e+04 -5.946648790576254928e-15 3.499266494178648443e-18
5.904216832985177462e+04 -5.949411829511910694e-15 3.880591775139539278e-18
5.904316562393334607e+04 -5.952132672481349610e-15 4.261501052219195650e-18
5.904416289890181361e+04 -5.954806840270589545e-15 4.638051895914283587e-18
5.904516016430718446e+04 -5.957429970045885139e-15 5.007361057809005758e-18
5.904914918770138320e+04 -5.967329846409934946e-15 6.374527593891768683e-18
5.905214110819598136e+04 -5.974027839952229898e-15 7.250323617954609369e-18
5.905313820154473797e+04 -5.976103595504850038e-15 7.509226847984173175e-18
5.905413568682334153e+04 -5.978096991285549426e-15 7.750741804128545291e-18
5.905513271324829839e+04 -5.980003663134008964e-15 7.974178046682332674e-18
5.905613003601449600e+04 -5.981822595065810886e-15 8.179287534192132865e-18
5.905712717715087638e+04 -5.983550613731760017e-15 8.365606712272643022e-18
5.905812443300968880e+04 -5.985186151248086458e-15 8.532886330253666833e-18
5.905912175577459857e+04 -5.986727210858410694e-15 8.680859235179961400e-18
5.906011899251157593e+04 -5.988171865231251513e-15 8.809299741971797544e-18
5.906111613364891673e+04 -5.989518633544383403e-15 8.918056863155509665e-18
5.907308310833193536e+04 -5.997785629063939997e-15 8.693134035954049787e-18
5.907507748622260988e+04 -5.997749348700260352e-15 8.393554042796040649e-18
5.908106075372124178e+04 -5.995380900626663850e-15 7.106960253846580299e-18
5.908405487294789782e+04 -5.993022950450024604e-15 6.274704057233141909e-18
5.909079713553927286e+04 -5.985308303329039302e-15 4.084795740761278788e-18
5.910100469524961954e+04 -5.969238153857658687e-15 1.547640252950394431e-18
5.911772590238918929e+04 -5.941234586588969852e-15 6.436007335961047522e-18
5.913092007729569741e+04 -5.927235423156430176e-15 8.831563075336109772e-18
5.913490881405465916e+04 -5.925450220821304421e-15 9.000962889498470267e-18
5.914484622267261147e+04 -5.926692928554350402e-15 8.231522674869021953e-18
5.914663969830887072e+04 -5.927785096336633419e-15 7.919604998662127041e-18
5.915584950527051842e+04 -5.937241759943385714e-15 5.615909845242459412e-18
5.917360584341546200e+04 -5.968447080223469223e-15 1.869775239866491189e-18
5.917878497614766093e+04 -5.978785041624040937e-15 3.545868619652029821e-18
5.917978224161580147e+04 -5.980751009554469328e-15 3.892468771447495724e-18
5.918077942104645626e+04 -5.982700013973680884e-15 4.237545537693467443e-18
5.918177658135257661e+04 -5.984628542093485231e-15 4.579183413585532361e-18
5.918277352179584705e+04 -5.986532599006769884e-15 4.915740763761485616e-18
5.918377144686724205e+04 -5.988410874808808965e-15 5.246291405544076157e-18
5.918775983000900305e+04 -5.995571489768931839e-15 6.482870102368994781e-18
5.918875700944233540e+04 -5.997258268523300770e-15 6.766475073733316614e-18
5.918975416975450935e+04 -5.998897053650769633e-15 7.038316149655126299e-18
5.919075144478479342e+04 -6.000484918523980439e-15 7.297754208744000789e-18
5.919174176050245296e+04 -6.002008110721684888e-15 7.542454169043816085e-18
5.919473414960288210e+04 -6.006257153670369836e-15 8.197878604694053112e-18
5.919573053560012340e+04 -6.007544915529268569e-15 8.386397847599078613e-18
5.920071674824538786e+04 -6.012924399018355581e-15 9.087491123204525891e-18
5.920171389900080248e+04 -6.013772094898410015e-15 9.176849382335843211e-18
5.920271146081506595e+04 -6.014539645760574891e-15 9.248654942525068510e-18
5.920370818141017662e+04 -6.015224529778399431e-15 9.302629818609874358e-18
5.920470548511274683e+04 -6.015826293422949167e-15 9.338694732336855930e-18
5.922545880132615275e+04 -6.008485656906594699e-15 6.121246042913566498e-18
5.923249416795432626e+04 -5.998043743022350217e-15 3.675745292483815428e-18
5.925257485931641713e+04 -5.956863712047389525e-15 5.425883101923850712e-18
5.925656325214276148e+04 -5.948571333799879182e-15 6.871850197420811770e-18
5.925740881802876538e+04 -5.946877947632921568e-15 7.157197144601383118e-18
5.926055357598517730e+04 -5.940844809313775061e-15 8.136671448965873304e-18
5.926554077339435753e+04 -5.932359818000248704e-15 9.375602710186904463e-18
5.927052760755464260e+04 -5.925573083765464239e-15 1.015466272095506559e-17
5.927152450024076825e+04 -5.924452390700364735e-15 1.024935322942629539e-17
5.927551364829255908e+04 -5.920834925256744555e-15 1.041196290936631393e-17
5.928048096198499843e+04 -5.918401577573358739e-15 1.011466508134308327e-17
5.928430523746366089e+04 -5.918174052942620528e-15 9.504746901481016738e-18
5.929147122518642573e+04 -5.921622491630319619e-15 7.516918117695598157e-18
5.931106823534877185e+04 -5.951908551898755441e-15 3.015698667209246269e-18
5.933304603763954947e+04 -5.990347312046140015e-15 1.262387865919655415e-17
5.933799009320801269e+04 -5.993801331174276500e-15 1.339689370702416089e-17
5.936891005683018739e+04 -5.933026493253559707e-15 2.895502308692767613e-18
5.939982514551647182e+04 -5.840131205632605980e-15 2.219124690194634862e-17
5.940914260293430561e+04 -5.875824361791705950e-15 1.314152693360536751e-17
5.941502508553835651e+04 -5.931180809454428652e-15 4.967955861387033189e-18
5.941814578245279699e+04 -5.973371606745679743e-15 1.252653597260471860e-17
5.942876605562949408e+04 -6.197464263865170292e-15 6.481536642140958407e-17
5.945499770021370205e+04 -7.442662992571613566e-15 3.499304869473249466e-16
