-1.423849011206800038e-15 -3.039345150277899979e-15 -2.790130854584099992e-15 -2.774751763366200092e-15 -2.793863070875000022e-15 -2.839996914237099879e-15 -2.812690062194199987e-15 -2.762333831129800043e-15 -2.681392663491499832e-15
-2.192527212450700001e-15 -2.913895455214499866e-15 -2.805937860566200167e-15 -2.800770397841199971e-15 -2.810154295695300162e-15 -2.827140019435600019e-15 -2.808608920777800182e-15 -2.782321503559599884e-15 -2.742229326525300143e-15
-1.808017807614900098e-15 -2.977142882006399841e-15 -2.798442569838700133e-15 -2.787764806014399872e-15 -2.801347743118700122e-15 -2.832008748997599842e-15 -2.808775898819699811e-15 -2.770465844855099850e-15 -2.710087795843399817e-15
-2.454445435530400007e-15 -2.879003047412200063e-15 -2.812281599162100072e-15 -2.806998336501599849e-15 -2.809821162345799937e-15 -2.818464934627699805e-15 -2.809589864431600069e-15 -2.796080261774299855e-15 -2.775023235264399834e-15
-2.478228427343200018e-15 -2.880744666387999871e-15 -2.812939405196599933e-15 -2.806076777780499829e-15 -2.808129966810700187e-15 -2.821386223690199974e-15 -2.821078621466600035e-15 -2.813043084341799988e-15 -2.798001890634000176e-15
-2.563484017752000099e-15 -2.859887932677199844e-15 -2.815919558257700004e-15 -2.812827252103799832e-15 -2.814944275772299917e-15 -2.819401430369000101e-15 -2.810856146722000119e-15 -2.800083088917399804e-15 -2.784023500091100010e-15
-1.482033713518599946e-15 -3.019884846670700104e-15 -2.788145666040099838e-15 -2.777683886973400138e-15 -2.799501577868000008e-15 -2.840161700743299924e-15 -2.804176889663999991e-15 -2.749526056910400085e-15 -2.665024212362999804e-15
-1.461338421918499945e-15 -3.019977676128199918e-15 -2.788664569999700039e-15 -2.779290837835800035e-15 -2.801982907171299898e-15 -2.840640046078299827e-15 -2.799751317659599918e-15 -2.741701973169299963e-15 -2.653269427334100111e-15
-1.844770314125100146e-15 -2.976874986435100179e-15 -2.801103049313900003e-15 -2.788106616066000044e-15 -2.798035794225099933e-15 -2.826197846289700062e-15 -2.806259361471599986e-15 -2.771557864631200038e-15 -2.716140546530799866e-15
-2.008643652116100021e-15 -2.929785041384500124e-15 -2.799647655086899806e-15 -2.798046255690200105e-15 -2.814690716603799834e-15 -2.834023744356399908e-15 -2.800174405450700194e-15 -2.759464393627199871e-15 -2.700151104936699931e-15
-1.560013554785199912e-15 -3.001843796934499922e-15 -2.790441566491000116e-15 -2.783368462271700090e-15 -2.805931406289800166e-15 -2.841296022762099990e-15 -2.800625901271300094e-15 -2.744857748872000107e-15 -2.660659337372299837e-15
-2.480079992309799978e-15 -2.872907453668699838e-15 -2.813003978423299989e-15 -2.808674994554399917e-15 -2.811439925548699893e-15 -2.817877099568600051e-15 -2.807269009024800031e-15 -2.793383321334700032e-15 -2.772488251019299928e-15
-1.880433881817400000e-15 -2.955586225781200139e-15 -2.796123696593900056e-15 -2.790932377089500193e-15 -2.808098449986599913e-15 -2.835138791767500028e-15 -2.805204660713999835e-15 -2.763749198688800111e-15 -2.701053634218900023e-15
-1.833947310094000116e-15 -2.957928828015099882e-15 -2.796834081908799816e-15 -2.792802617978699990e-15 -2.810952277408199897e-15 -2.834772833163499858e-15 -2.796967096926899947e-15 -2.749896489181600017e-15 -2.680553324209099825e-15
-1.881835873915499843e-15 -2.965830033292600017e-15 -2.799989462216500020e-15 -2.790223597450900065e-15 -2.803170265400599840e-15 -2.832387548803499864e-15 -2.811440519202100021e-15 -2.776146478650400000e-15 -2.720315323527900008e-15
-1.935901496222800163e-15 -2.948837974209200054e-15 -2.799643037744900010e-15 -2.793749565348100028e-15 -2.808096474767100116e-15 -2.830928622789500005e-15 -2.801724921101200124e-15 -2.762651938488400196e-15 -2.703932391517899829e-15
-1.949176614045700044e-15 -2.952059981552399863e-15 -2.804516824688499973e-15 -2.795949767600100184e-15 -2.806585857019000022e-15 -2.827188701952700069e-15 -2.800816950199400153e-15 -2.764637309327199846e-15 -2.709715962081000197e-15
-1.555362587059099943e-15 -2.993507865012600074e-15 -2.787753161666599822e-15 -2.784552081401399838e-15 -2.810845927042400182e-15 -2.844950693384100166e-15 -2.797171851579599806e-15 -2.736363114224599810e-15 -2.646433686986399899e-15
-1.561809960602300072e-15 -3.009364122391399986e-15 -2.792040500994299823e-15 -2.781467742138899932e-15 -2.800741002018800021e-15 -2.837354387999800029e-15 -2.803046577396500153e-15 -2.751742131159900086e-15 -2.672592719748899865e-15
-2.545438523577199892e-15 -2.866359060826499894e-15 -2.816482967395200048e-15 -2.811449626656000111e-15 -2.812198230128500062e-15 -2.817988126724999977e-15 -2.812374529684399979e-15 -2.803219222982199870e-15 -2.788652943021700071e-15
