5.877471204151494749e+04
5.888155252966452099e+04
5.898219124091443518e+04
5.900505010875842709e+04
5.903399326554698928e+04
5.909085363662287273e+04
5.911777920596407785e+04
5.912291862489618507e+04
5.914669323282800906e+04
5.917365890904940898e+04
5.918366100564306544e+04
5.920758272813619988e+04
5.923254838931187987e+04
5.925746051023695327e+04
5.928052719766522932e+04
5.928435719174642873e+04
5.931108557963203930e+04
5.933435396294658131e+04
5.933800739753814560e+04
5.936892767244852439e+04
5.939984291289118119e+04
5.940716810420643014e+04
5.941505280618242978e+04
5.942878425485733896e+04
5.944600979941774858e+04
