5.877471204151494749e+04 -4.093434504879849300e-15 2.063086959839577166e-15
5.888155252966452099e+04 -3.232783799958188967e-17 2.479287313098552149e-16
5.898219124091443518e+04 -6.451528506573210323e-16 5.077860251969090640e-17
5.900505010875842709e+04 -6.301029784566924232e-16 4.967973711281033385e-17
5.903399326554698928e+04 -5.461475585847928598e-16 2.385904943644262205e-17
5.909085363662287273e+04 -4.458720441029604413e-16 1.426531727165246186e-17
5.911777920596407785e+04 -4.558120090380989430e-16 8.404705084199592871e-18
5.912291862489618507e+04 -4.587465482808214660e-16 9.326849580388007768e-18
5.914669323282800906e+04 -4.663993386044449733e-16 1.376049768462982315e-17
5.917365890904940898e+04 -4.547773059127449612e-16 8.728512931709477025e-18
5.918366100564306544e+04 -4.461168321885899769e-16 5.601095924294322994e-18
5.920758272813619988e+04 -4.266358402717029006e-16 1.016585692898886924e-17
5.923254838931187987e+04 -4.265810730857619359e-16 1.356783536727161966e-17
5.925746051023695327e+04 -4.597321665073635849e-16 8.582935917666667574e-18
5.928052719766522932e+04 -5.113224879072320280e-16 1.467670272177529297e-17
5.928435719174642873e+04 -5.202474357099149514e-16 1.624185588914146918e-17
5.931108557963203930e+04 -5.691729095995060725e-16 1.964275840229582461e-17
5.933435396294658131e+04 -5.775651198884114111e-16 1.906177875027245795e-17
5.933800739753814560e+04 -5.758934221737859501e-16 2.115531107419512244e-17
5.936892767244852439e+04 -5.580221694560369665e-16 4.328907606104945052e-17
5.939984291289118119e+04 -6.597355897399204017e-16 6.017867089313160688e-17
5.940716810420643014e+04 -7.268617945480855629e-16 1.020097077857739185e-16
5.941505280618242978e+04 -8.252577376921050212e-16 1.675936533620542656e-16
5.942878425485733896e+04 -1.071336091537084907e-15 3.322280423581682663e-16
5.944600979941774858e+04 -1.530212459811189713e-15 6.325907129229639068e-16
