58787.842748501190535 0.00047535703564641872815 213.32607613181983197
58848.681232992971015 0.00055560561020395350579 195.34882415340521788
58897.477988738450492 0.00085055957800447843446 179.99308742936736394
59123.567286542621883 -0.00094010127568536536555 181.02609370829506474
59232.633428500814311 -0.00038459034470325684753 190.56774255879560087
59297.47416851540077 0.0004168067016212794455 195.89532991462078826
59335.331657521647642 0.00012886633867071014831 180.02553479798723401
59400.179482488113546 0.00026020411585999456465 183.32617349115861316
59414.765296333260292 0.00010142845454611392651 194.23772256069591435
59454.900494543665435 0.00037728767786588030468 175.93853085703997863
