5.851644130201439839e+04
5.851743886135221692e+04
5.851843578792745393e+04
5.852441971139543602e+04
5.852541724230683030e+04
5.853040416103092866e+04
5.853140204032559268e+04
5.853239847635892511e+04
5.853543221270983486e+04
5.853642971875458170e+04
5.853742707194009563e+04
5.853842458509757125e+04
5.853942186008216959e+04
5.854341117688005033e+04
5.854740055768963794e+04
5.855017746489900310e+04
5.856934370427338581e+04
5.857034018658018613e+04
5.857234860403429775e+04
5.858032744780260691e+04
5.858132475129107479e+04
5.858631168822733162e+04
5.858730906993009557e+04
5.858830649429390905e+04
5.859030119727810234e+04
5.859329318955748022e+04
5.859728290838479006e+04
5.860027468740774930e+04
5.860226946152655728e+04
5.860326686458312906e+04
5.860426421432087955e+04
5.860725618177916476e+04
5.860825360261827154e+04
5.860925224276678637e+04
5.861024863270924106e+04
5.861124566607825545e+04
5.861324021627563343e+04
5.861922415840278700e+04
5.862022170367896615e+04
5.862221632855544158e+04
5.862321388805768220e+04
5.863218955257136986e+04
5.863318681703820039e+04
5.863617885928389296e+04
5.864714925913324987e+04
5.864814651295894146e+04
5.864914372768305475e+04
5.865014099217143666e+04
5.865113822467216232e+04
5.865213570601378160e+04
5.865413000039230974e+04
5.865810547895756463e+04
5.865910289276837284e+04
5.866010005773990270e+04
5.866109732580287528e+04
5.866209462230846839e+04
5.866309190104076697e+04
5.866408970944581233e+04
5.866508640163399832e+04
5.867406157616530254e+04
5.867805092579630582e+04
5.867904820810806996e+04
5.869101537912422646e+04
5.869201204646933911e+04
5.869600160239318211e+04
5.870098719649738632e+04
5.870198419090216339e+04
5.870298130261849292e+04
5.870397880536843877e+04
5.871395077580066572e+04
5.871494815059423854e+04
5.872192821717463812e+04
5.872292547822522465e+04
5.872392254020717519e+04
5.872890850778424647e+04
5.872990571907702542e+04
5.873688601688657945e+04
5.874486339100314945e+04
5.875184344013633381e+04
5.875284064435538312e+04
5.875383784502385242e+04
5.875782674724268873e+04
5.875882398346562695e+04
5.876779825638425245e+04
5.876879900479452772e+04
5.877876722944587527e+04
5.877976417420414509e+04
5.878076125049486291e+04
5.878380046601494541e+04
5.880074682095708704e+04
5.883764338807022432e+04
5.885354161001091416e+04
5.885856705853618041e+04
5.889738960738565947e+04
5.891638206861267099e+04
5.899815970517076494e+04
5.899915720482530014e+04
5.900015439165572025e+04
5.900115159270708682e+04
5.900406033276939706e+04
5.900804983020023064e+04
5.901503093442355748e+04
5.902201197829168814e+04
5.902300964505912270e+04
5.902500376284921367e+04
5.902599852887872839e+04
5.902699832855335990e+04
5.903098745997636433e+04
5.903196394352232892e+04
5.903296132236313861e+04
5.903395830306783319e+04
5.903695034007058712e+04
5.903794834101716697e+04
5.903894492358524440e+04
5.903994195762021991e+04
5.904093922271984775e+04
5.904193652692482283e+04
5.904293376714517217e+04
5.904393093626697373e+04
5.904492785655689659e+04
5.904891719071918487e+04
5.905190880832183029e+04
5.905290630450332537e+04
5.905490063922939589e+04
5.905589784036461788e+04
5.905689513748451282e+04
5.905789229241036810e+04
5.905888961441628635e+04
5.905988742343462945e+04
5.906088394560408778e+04
5.908082795103198441e+04
5.909379164820657024e+04
5.909478887073309306e+04
5.909578573777702695e+04
5.910077149495529011e+04
5.910176895566331223e+04
5.911090550075017381e+04
5.913068692752926290e+04
5.913168399014366878e+04
5.913467601338729582e+04
5.913883090370823629e+04
5.920350385617014399e+04
5.920450117129307182e+04
5.921363952014630195e+04
5.922949053612961143e+04
5.925237129297215870e+04
5.926134760616348649e+04
5.926533697011395270e+04
5.927132042420430662e+04
5.927331551679146651e+04
5.927531038187257946e+04
5.927644104241259629e+04
5.929126797680892923e+04
5.929230688004812691e+04
5.929330537196002115e+04
5.929529876185037574e+04
5.929632409985790582e+04
5.930627050604276883e+04
5.930926208930194844e+04
5.931325118694070261e+04
5.931833034547410352e+04
5.933326618313224753e+04
5.934018028586758010e+04
5.934117076170563087e+04
5.934715472484995553e+04
5.934815218949974224e+04
5.935214166419106914e+04
5.935723315474837000e+04
5.936211434145650128e+04
5.936311172436779452e+04
5.936410910728202725e+04
5.936710060549726768e+04
5.936909638090930093e+04
5.938206102951586945e+04
5.938305909143225290e+04
5.938405520885423903e+04
5.938505175997076003e+04
5.938604882298219309e+04
5.938704721194885497e+04
5.939414684553763072e+04
5.940486805392317183e+04
5.941604634288876696e+04
5.941895940751473245e+04
5.943089941920741694e+04
5.944301494388990250e+04
5.945475040027446812e+04
5.946692164030701679e+04
5.947867449448256230e+04
5.949684019693324808e+04
