5.851644130201439839e+04 -5.735799281832035707e-14 4.496508829976508890e-15
5.851743886135221692e+04 -5.742144143152145141e-14 4.323751521003404864e-15
5.851843578792745393e+04 -5.748370297605504930e-14 4.154280091534407936e-15
5.852441971139543602e+04 -5.783247796803629026e-14 3.205619324581804655e-15
5.852541724230683030e+04 -5.788634493285474889e-14 3.059147063585676681e-15
5.853040416103092866e+04 -5.813680419717246375e-14 2.377847065560503334e-15
5.853140204032559268e+04 -5.818311713651164603e-14 2.251758014663513839e-15
5.853239847635892511e+04 -5.822809102207324135e-14 2.129259277317204701e-15
5.853543221270983486e+04 -5.835719085069065345e-14 1.777204779965308356e-15
5.853642971875458170e+04 -5.839707026991855926e-14 1.668288900884942722e-15
5.853742707194009563e+04 -5.843567747000304051e-14 1.562751850154663344e-15
5.853842458509757125e+04 -5.847302902763695894e-14 1.460543707065369775e-15
5.853942186008216959e+04 -5.850911560201485454e-14 1.361685977722894403e-15
5.854341117688005033e+04 -5.864104963349470930e-14 9.990529212221565625e-16
5.854740055768963794e+04 -5.875355284787228894e-14 6.877247043035381771e-16
5.855017746489900310e+04 -5.882078351645394384e-14 5.004648527693360112e-16
5.856934370427338581e+04 -5.906681934700834376e-14 2.650227668518393002e-16
5.857034018658018613e+04 -5.907072047358094795e-14 2.807903406096513906e-16
5.857234860403429775e+04 -5.907640235567205352e-14 3.075433285617795690e-16
5.858032744780260691e+04 -5.907357049360900737e-14 3.536505586210361177e-16
5.858132475129107479e+04 -5.907074462519199479e-14 3.535039219389948709e-16
5.858631168822733162e+04 -5.904997649155470696e-14 3.369127573123029548e-16
5.858730906993009557e+04 -5.904465231584315926e-14 3.308063051814171724e-16
5.858830649429390905e+04 -5.903898913603090224e-14 3.238959405422667716e-16
5.859030119727810234e+04 -5.902673351714519122e-14 3.078761955598979030e-16
5.859329318955748022e+04 -5.900634139608833697e-14 2.791202530521305924e-16
5.859728290838479006e+04 -5.897625186656263590e-14 2.340441018459873759e-16
5.860027468740774930e+04 -5.895219176028854683e-14 1.968765211315061565e-16
5.860226946152655728e+04 -5.893570973405300344e-14 1.711990140463173628e-16
5.860326686458312906e+04 -5.892738818671274676e-14 1.582359129949423808e-16
5.860426421432087955e+04 -5.891903542785494978e-14 1.452593714459615612e-16
5.860725618177916476e+04 -5.889394478060223711e-14 1.068516836583904147e-16
5.860825360261827154e+04 -5.888561943288304389e-14 9.448048733113234972e-17
5.860925224276678637e+04 -5.887732738599774954e-14 8.249851140725428777e-17
5.861024863270924106e+04 -5.886911099687709060e-14 7.112980310715868551e-17
5.861124566607825545e+04 -5.886095940576109416e-14 6.061995789200534105e-17
5.861324021627563343e+04 -5.884491292533435060e-14 4.421985502741982088e-17
5.861922415840278700e+04 -5.879967353283834655e-14 6.381977838000478271e-17
5.862022170367896615e+04 -5.879266170863141784e-14 7.263371304780333488e-17
5.862221632855544158e+04 -5.877917439672350110e-14 9.054625837113439699e-17
5.862321388805768220e+04 -5.877271081757044677e-14 9.934862066451874289e-17
5.863218955257136986e+04 -5.872408760407272843e-14 1.640347159068163814e-16
5.863318681703820039e+04 -5.871982712802195258e-14 1.692060129541572766e-16
5.863617885928389296e+04 -5.870849165076710261e-14 1.820714701839495194e-16
5.864714925913324987e+04 -5.868567839017889215e-14 1.955648392089944856e-16
5.864814651295894146e+04 -5.868503488398430105e-14 1.943107571774006159e-16
5.864914372768305475e+04 -5.868461949313284624e-14 1.926778748616698088e-16
5.865014099217143666e+04 -5.868442875230614489e-14 1.906763134555841898e-16
5.865113822467216232e+04 -5.868445898015094147e-14 1.883170495362328498e-16
5.865213570601378160e+04 -5.868470629254989396e-14 1.856106508975042381e-16
5.865413000039230974e+04 -5.868583461506165113e-14 1.792082741454621568e-16
5.865810547895756463e+04 -5.869047388611610508e-14 1.628583992730855707e-16
5.865910289276837284e+04 -5.869210752905324498e-14 1.580856469667290083e-16
5.866010005773990270e+04 -5.869391812101385208e-14 1.530737076392891833e-16
5.866109732580287528e+04 -5.869590046923165560e-14 1.478357638832114412e-16
5.866209462230846839e+04 -5.869804851992655036e-14 1.423873873582812956e-16
5.866309190104076697e+04 -5.870035610133668446e-14 1.367443829176033937e-16
5.866408970944581233e+04 -5.870281839833694465e-14 1.309194222189240976e-16
5.866508640163399832e+04 -5.870542490703165053e-14 1.249385464055939194e-16
5.867406157616530254e+04 -5.873443041351499546e-14 6.679538620147673498e-17
5.867805092579630582e+04 -5.874970207184736130e-14 4.172317195444543492e-17
5.867904820810806996e+04 -5.875366905115149969e-14 3.619612420681571453e-17
5.869101537912422646e+04 -5.880301519232556908e-14 5.590555947619875362e-17
5.869201204646933911e+04 -5.880708103956429563e-14 6.103233012311705534e-17
5.869600160239318211e+04 -5.882296330345276395e-14 8.044659883512776925e-17
5.870098719649738632e+04 -5.884155300047446163e-14 1.008759944321175535e-16
5.870198419090216339e+04 -5.884505732792273501e-14 1.043452803567233168e-16
5.870298130261849292e+04 -5.884848147074335333e-14 1.075943172631752055e-16
5.870397880536843877e+04 -5.885182256281393292e-14 1.106191217330811091e-16
5.871395077580066572e+04 -5.887988920410254855e-14 1.278977521396892390e-16
5.871494815059423854e+04 -5.888210656907563335e-14 1.283139217338482232e-16
5.872192821717463812e+04 -5.889433959168090334e-14 1.248145406056691821e-16
5.872292547822522465e+04 -5.889560806969571159e-14 1.234416875649126345e-16
5.872392254020717519e+04 -5.889675531461044296e-14 1.218645353095269746e-16
5.872890850778424647e+04 -5.890068390090809894e-14 1.111091979197999398e-16
5.872990571907702542e+04 -5.890111144958264887e-14 1.084288073604838220e-16
5.873688601688657945e+04 -5.890088422619595529e-14 8.562075517400501421e-17
5.874486339100314945e+04 -5.889426377612680768e-14 5.379240523971047255e-17
5.875184344013633381e+04 -5.888377963481674699e-14 2.651441125806583386e-17
5.875284064435538312e+04 -5.888198238515090546e-14 2.347899675341534639e-17
5.875383784502385242e+04 -5.888011912523363272e-14 2.099056991685950466e-17
5.875782674724268873e+04 -5.887206678154455450e-14 1.988639403122094123e-17
5.875882398346562695e+04 -5.886991932253935079e-14 2.186135720334954511e-17
5.876779825638425245e+04 -5.884882656338309589e-14 5.000978223226062141e-17
5.876879900479452772e+04 -5.884633352393018117e-14 5.313258672593442396e-17
5.877876722944587527e+04 -5.882101556045875955e-14 7.783250883033448006e-17
5.877976417420414509e+04 -5.881849286878619911e-14 7.953699752029220673e-17
5.878076125049486291e+04 -5.881598128886790713e-14 8.108812678492057155e-17
5.878380046601494541e+04 -5.880841881912735084e-14 8.484932035300550514e-17
5.880074682095708704e+04 -5.877088113142904596e-14 7.915152499497976154e-17
5.883764338807022432e+04 -5.872615826098080027e-14 3.268580342356831426e-17
5.885354161001091416e+04 -5.871603223085947114e-14 6.531306115104147814e-17
5.885856705853618041e+04 -5.871271180107905516e-14 7.016988828642100514e-17
5.889738960738565947e+04 -5.867203035387019548e-14 1.923168191753839302e-17
5.891638206861267099e+04 -5.864334825388049966e-14 4.401652462197810234e-17
5.899815970517076494e+04 -5.858327332021551569e-14 6.163005282444901709e-17
5.899915720482530014e+04 -5.858358502775280148e-14 6.326836075577828772e-17
5.900015439165572025e+04 -5.858391973401380085e-14 6.482006924260868986e-17
5.900115159270708682e+04 -5.858427749571294283e-14 6.628177819193609476e-17
5.900406033276939706e+04 -5.858545258231049251e-14 6.999830277208645949e-17
5.900804983020023064e+04 -5.858738381402159590e-14 7.366391180597921521e-17
5.901503093442355748e+04 -5.859167038476769714e-14 7.573571299346296048e-17
5.902201197829168814e+04 -5.859717318007313548e-14 7.204961653629548514e-17
5.902300964505912270e+04 -5.859806510553288948e-14 7.105885642557013914e-17
5.902500376284921367e+04 -5.859993088953483937e-14 6.874399824215414350e-17
5.902599852887872839e+04 -5.860090389468569240e-14 6.742650124597114633e-17
5.902699832855335990e+04 -5.860191078765295814e-14 6.599632001484574299e-17
5.903098745997636433e+04 -5.860622719306533192e-14 5.929034886440526458e-17
5.903196394352232892e+04 -5.860735915568689156e-14 5.742220402456890703e-17
5.903296132236313861e+04 -5.860854700710795735e-14 5.543023585796547429e-17
5.903395830306783319e+04 -5.860976692232494346e-14 5.335925726752132071e-17
5.903695034007058712e+04 -5.861362903762153272e-14 4.672308823549557103e-17
5.903794834101716697e+04 -5.861498626799325363e-14 4.439238729581876861e-17
5.903894492358524440e+04 -5.861637700080270333e-14 4.202070752807054173e-17
5.903994195762021991e+04 -5.861780438774964457e-14 3.961435125173376566e-17
5.904093922271984775e+04 -5.861926874486148737e-14 3.718656644736260356e-17
5.904193652692482283e+04 -5.862077040087339576e-14 3.475329851097594231e-17
5.904293376714517217e+04 -5.862230979272170527e-14 3.233395827973387298e-17
5.904393093626697373e+04 -5.862388749232436228e-14 2.995269223678886825e-17
5.904492785655689659e+04 -5.862550378650089256e-14 2.764077755209898680e-17
5.904891719071918487e+04 -5.863237326008136354e-14 2.006674141407476057e-17
5.905190880832183029e+04 -5.863796183480764579e-14 1.825288598035074756e-17
5.905290630450332537e+04 -5.863991131634289144e-14 1.873651854452875742e-17
5.905490063922939589e+04 -5.864394096996809724e-14 2.120211820068705505e-17
5.905589784036461788e+04 -5.864602274586005113e-14 2.302251704845530806e-17
5.905689513748451282e+04 -5.864814987758408496e-14 2.512217729500971562e-17
5.905789229241036810e+04 -5.865032224484477983e-14 2.742981654516152017e-17
5.905888961441628635e+04 -5.865254088782733483e-14 2.988955223004561456e-17
5.905988742343462945e+04 -5.865480690150215251e-14 3.245810573301539307e-17
5.906088394560408778e+04 -5.865711651006230377e-14 3.509646907977763213e-17
5.908082795103198441e+04 -5.871327762630704690e-14 8.145253080010631243e-17
5.909379164820657024e+04 -5.875927062183264603e-14 9.056714140932889445e-17
5.909478887073309306e+04 -5.876306289517894389e-14 9.035345387547856813e-17
5.909578573777702695e+04 -5.876688441147474954e-14 9.000507802192222607e-17
5.910077149495529011e+04 -5.878640784153994273e-14 8.625090598838428288e-17
5.910176895566331223e+04 -5.879038545992131390e-14 8.510258083394468439e-17
5.911090550075017381e+04 -5.882754260817585000e-14 6.881753309135656395e-17
5.913068692752926290e+04 -5.890690543538313178e-14 1.356418704860298918e-17
5.913168399014366878e+04 -5.891065138013659702e-14 1.275789853842627951e-17
5.913467601338729582e+04 -5.892164683116233748e-14 1.625843740792719569e-17
5.913883090370823629e+04 -5.893622523656264004e-14 2.850431534702212526e-17
5.920350385617014399e+04 -5.900959074099866037e-14 3.883552435993600284e-17
5.920450117129307182e+04 -5.900875732512576149e-14 3.527319693226160293e-17
5.921363952014630195e+04 -5.900032989077548500e-14 1.123794855031033563e-17
5.922949053612961143e+04 -5.898645107860649107e-14 6.165099295083398979e-17
5.925237129297215870e+04 -5.898132323399844713e-14 9.657496071203566820e-17
5.926134760616348649e+04 -5.898587169172076423e-14 8.719418800928366088e-17
5.926533697011395270e+04 -5.898891268776784057e-14 7.884939717933009983e-17
5.927132042420430662e+04 -5.899433906089816019e-14 6.212795330998898870e-17
5.927331551679146651e+04 -5.899631103595526026e-14 5.559170478399257433e-17
5.927531038187257946e+04 -5.899833182463528518e-14 4.866408735966608432e-17
5.927644104241259629e+04 -5.899949097198985705e-14 4.458959002234496649e-17
5.929126797680892923e+04 -5.901355188811155091e-14 2.107999868041541362e-17
5.929230688004812691e+04 -5.901431386029326257e-14 2.500972946419201398e-17
5.929330537196002115e+04 -5.901500061415843272e-14 2.889259895510968410e-17
5.929529876185037574e+04 -5.901622548648629376e-14 3.674768251042691444e-17
5.929632409985790582e+04 -5.901677324793786329e-14 4.077775642350741442e-17
5.930627050604276883e+04 -5.901849076005074993e-14 7.598164704206852803e-17
5.930926208930194844e+04 -5.901748826307729431e-14 8.432184390573373573e-17
5.931325118694070261e+04 -5.901487516759840161e-14 9.324048460301436423e-17
5.931833034547410352e+04 -5.900927469900531625e-14 1.004278532376709116e-16
5.933326618313224753e+04 -5.897706920698586408e-14 9.049971633887990372e-17
5.934018028586758010e+04 -5.895448611588759625e-14 7.003517338294580042e-17
5.934117076170563087e+04 -5.895090115620528804e-14 6.636877919779968313e-17
5.934715472484995553e+04 -5.892765402064595464e-14 4.100575409748011403e-17
5.934815218949974224e+04 -5.892354607878723234e-14 3.635399842203350948e-17
5.935214166419106914e+04 -5.890659397482689892e-14 1.764781542245140190e-17
5.935723315474837000e+04 -5.888409659935121387e-14 1.668424721138686860e-17
5.936211434145650128e+04 -5.886218208727445829e-14 4.207487467840667953e-17
5.936311172436779452e+04 -5.885771970386835131e-14 4.751398983611983256e-17
5.936410910728202725e+04 -5.885327525594206496e-14 5.294093361423407545e-17
5.936710060549726768e+04 -5.884010891800044993e-14 6.894641232074799561e-17
5.936909638090930093e+04 -5.883151909012642254e-14 7.923121778386226385e-17
5.938206102951586945e+04 -5.878283658002109760e-14 1.302074171412777516e-16
5.938305909143225290e+04 -5.877980578773849522e-14 1.325235160974473317e-16
5.938405520885423903e+04 -5.877690879615465435e-14 1.345491353423420855e-16
5.938505175997076003e+04 -5.877414304851309384e-14 1.362798660780104669e-16
5.938604882298219309e+04 -5.877151301154503359e-14 1.377059707091043650e-16
5.938704721194885497e+04 -5.876902125632201606e-14 1.388187655677978281e-16
5.939414684553763072e+04 -5.875573117060884020e-14 1.369662419447681860e-16
5.940486805392317183e+04 -5.875198401979095332e-14 9.911368022133896287e-17
5.941604634288876696e+04 -5.876945596260045334e-14 1.896737512588460938e-17
5.941895940751473245e+04 -5.877716864795850369e-14 1.523128009302070660e-17
5.943089941920741694e+04 -5.881751792245395150e-14 1.317211877279290393e-16
5.944301494388990250e+04 -5.885882677709400145e-14 2.271417535074323308e-16
5.945475040027446812e+04 -5.887445440409365681e-14 2.246285464616263632e-16
5.946692164030701679e+04 -5.883223093383849709e-14 3.612315361801737173e-17
5.947867449448256230e+04 -5.869986717830284500e-14 4.328693902752404552e-16
5.949684019693324808e+04 -5.824296035974309957e-14 1.880158438209016400e-15
