58801.576355072745336 -0.00035488519779020262371 137.65612306083983185
58811.368792599174597 -0.00015000528786465815067 222.86100583414452103
58844.736498634165486 -0.00056395234947984742447 147.12706337872930362
58862.509515516223882 -0.0002753232095228951643 150.17262716296710323
58908.494589983891753 -0.0004282412672060730293 101.66258318739150468
59139.475463976622898 -0.00020062387829382690802 183.19998797074296704
59163.884969637422898 -0.00041809436792693298005 107.69113240200917403
59239.684336854403739 0.00027254414057217850331 120.59759023746497064
59299.519919220168322 0.0002480383298440820408 150.03940795656751561
59357.987917360172244 0.00042413165458057723515 97.048157518192667226
59407.849026157794871 0.00093037437987462417505 125.86515513898943652
59456.986964163465046 0.0010652539666834038101 138.12410226049689754
59495.958548928165193 0.000694438951109567972 104.66117376971374142
