-5.968581548437100259e-15 -5.966000054296099713e-15 -5.965662174256300192e-15 -5.965229603291199655e-15 -5.964367559008300049e-15 -5.963956074217299999e-15 -5.963513604281499854e-15 -5.963101452350600335e-15 -5.962314271555299688e-15 -5.962208326642300143e-15 -5.961835380837400210e-15 -5.961437412457299912e-15 -5.961047180107400075e-15 -5.960661423370299995e-15 -5.960228047955800060e-15 -5.959806459551100231e-15 -5.959423657764000037e-15
-5.968657497176299898e-15 -5.966022454439999686e-15 -5.965677746225699683e-15 -5.965236492159799905e-15 -5.964357341962499993e-15 -5.963937786841299999e-15 -5.963486709565699726e-15 -5.963066608130400346e-15 -5.962264436658199788e-15 -5.962156494429299834e-15 -5.961776558085299928e-15 -5.961371202610300361e-15 -5.960973804180000007e-15 -5.960581044560300098e-15 -5.960139906272299983e-15 -5.959710882988300366e-15 -5.959321441678600266e-15
-5.968518787907900276e-15 -5.965973976728400026e-15 -5.965640876306799644e-15 -5.965214413585400176e-15 -5.964364500419799951e-15 -5.963958784036999830e-15 -5.963522498792399758e-15 -5.963116089358099609e-15 -5.962339820827799672e-15 -5.962235338460300178e-15 -5.961867528421799778e-15 -5.961475017062099860e-15 -5.961090109945499944e-15 -5.960709589683100231e-15 -5.960282060444300182e-15 -5.959866117039499940e-15 -5.959488399743700298e-15
-5.968594367904600274e-15 -5.965994824155800164e-15 -5.965654764053699958e-15 -5.965219456767200310e-15 -5.964352138258799768e-15 -5.963938218887699773e-15 -5.963493191008700282e-15 -5.963078712932599972e-15 -5.962287244984599661e-15 -5.962180739136699859e-15 -5.961805850204699638e-15 -5.961405864086300206e-15 -5.961013711867600116e-15 -5.960626117698800339e-15 -5.960190754747500006e-15 -5.959767317382100298e-15 -5.959382916071200222e-15
-5.968539787861800197e-15 -5.965976553805500303e-15 -5.965641152984699641e-15 -5.965211779375799835e-15 -5.964356178416500224e-15 -5.963947800174400393e-15 -5.963508691454100192e-15 -5.963099688904599838e-15 -5.962318570311800114e-15 -5.962213445859899876e-15 -5.961843396619399738e-15 -5.961448533331600339e-15 -5.961061359704500226e-15 -5.960678640084699902e-15 -5.960248692586899740e-15 -5.959830455023999880e-15 -5.959450709709300127e-15
-5.963858930848599800e-15 -5.964183277605199745e-15 -5.964221647786200127e-15 -5.964269230643699773e-15 -5.964358575779599688e-15 -5.964398470531099742e-15 -5.964439233069799836e-15 -5.964475089200200292e-15 -5.964537407184999713e-15 -5.964545130384600011e-15 -5.964570965943299785e-15 -5.964596076730400165e-15 -5.964618028824200294e-15 -5.964636891134499910e-15 -5.964654365838500375e-15 -5.964667146453900300e-15 -5.964674676041399632e-15
-5.964789672669800040e-15 -5.964535199814899864e-15 -5.964498718784599658e-15 -5.964450807469899799e-15 -5.964351026995700341e-15 -5.964301233396499871e-15 -5.964246007687800332e-15 -5.964192899830899638e-15 -5.964086601686599671e-15 -5.964071770690099835e-15 -5.964018494421900347e-15 -5.963959699507200207e-15 -5.963899934257900156e-15 -5.963838607576600117e-15 -5.963766767138900167e-15 -5.963693537352899761e-15 -5.963623813938399671e-15
-5.964502321112700302e-15 -5.964422847455699814e-15 -5.964409053392099914e-15 -5.964390102324600183e-15 -5.964347730723900172e-15 -5.964325186390599770e-15 -5.964299141497999982e-15 -5.964273095443000241e-15 -5.964218133039900005e-15 -5.964210173341999666e-15 -5.964181008034399651e-15 -5.964147800960099823e-15 -5.964112972812999943e-15 -5.964076133928600257e-15 -5.964031589874200067e-15 -5.963984670372400209e-15 -5.963938600862299803e-15
-5.968505692999900381e-15 -5.965961512475100138e-15 -5.965628608463500237e-15 -5.965202429846700202e-15 -5.964353187487199739e-15 -5.963947838866200004e-15 -5.963511982739199768e-15 -5.963106004280400203e-15 -5.962330643290999780e-15 -5.962226291650500273e-15 -5.961858958356199648e-15 -5.961466984792599757e-15 -5.961082635175100046e-15 -5.960702696674699946e-15 -5.960275859396100004e-15 -5.959860630844300137e-15 -5.959483601224400181e-15
-5.968628020930499776e-15 -5.966018232029699848e-15 -5.965676683735199732e-15 -5.965239430150300071e-15 -5.964368103245399669e-15 -5.963952212385600382e-15 -5.963505024023300125e-15 -5.963088496270099885e-15 -5.962293014529100080e-15 -5.962185958522300125e-15 -5.961809113947299732e-15 -5.961407007952199641e-15 -5.961012743174999980e-15 -5.960623026635299643e-15 -5.960185237213099959e-15 -5.959759394209400193e-15 -5.959372767328800160e-15
-5.968584188252100068e-15 -5.965983730147400320e-15 -5.965643662570799649e-15 -5.965208378070200150e-15 -5.964341208969300354e-15 -5.963927408329700169e-15 -5.963482541778299911e-15 -5.963068245297000217e-15 -5.962277208999299997e-15 -5.962170769888299926e-15 -5.961796132600900309e-15 -5.961396444393900068e-15 -5.961004614844500120e-15 -5.960617370759799952e-15 -5.960182440164199921e-15 -5.959759465900199680e-15 -5.959375524542500347e-15
-5.968508061025500226e-15 -5.965961491890999917e-15 -5.965628292992399661e-15 -5.965201742252499685e-15 -5.964351776089000048e-15 -5.963946090275299955e-15 -5.963509877600199700e-15 -5.963103572740200210e-15 -5.962327604171100096e-15 -5.962223172397500048e-15 -5.961855560249500354e-15 -5.961463294852500208e-15 -5.961078665124500066e-15 -5.960698455984599667e-15 -5.960271322628799957e-15 -5.959855814864400076e-15 -5.959478540019700050e-15
-5.968559950697499875e-15 -5.965986691073099660e-15 -5.965649955346199719e-15 -5.965218867471399980e-15 -5.964359835237499769e-15 -5.963949813183800255e-15 -5.963508933302999995e-15 -5.963098278076000318e-15 -5.962313996770799970e-15 -5.962208446148299646e-15 -5.961836895974899971e-15 -5.961440430038000233e-15 -5.961051684278999861e-15 -5.960667410329599847e-15 -5.960235716891200122e-15 -5.959815781753699964e-15 -5.959434496449599623e-15
-5.968531796607900127e-15 -5.965978762361500273e-15 -5.965644600589999723e-15 -5.965216784408099632e-15 -5.964364192642399830e-15 -5.963957206875700304e-15 -5.963519563712099769e-15 -5.963111896318500177e-15 -5.962333245147399648e-15 -5.962228444239800124e-15 -5.961859517210700149e-15 -5.961465821742200275e-15 -5.961079761995499654e-15 -5.960698111276099611e-15 -5.960269323702200196e-15 -5.959852169391399733e-15 -5.959473365278400026e-15
-5.968568517191899865e-15 -5.965985469623900077e-15 -5.965647536340900113e-15 -5.965214940543599762e-15 -5.964352986083600077e-15 -5.963941607709700273e-15 -5.963499297328899718e-15 -5.963087336030200393e-15 -5.962300633137099998e-15 -5.962194764144200190e-15 -5.961822108046599677e-15 -5.961424488267599650e-15 -5.961034638789199983e-15 -5.960649302348799880e-15 -5.960216451624799741e-15 -5.959795430810000371e-15 -5.959413197456600180e-15
-5.968529188961900192e-15 -5.965974550594700305e-15 -5.965640230700900154e-15 -5.965212227181699897e-15 -5.964359310824499940e-15 -5.963952192445399987e-15 -5.963514422606699884e-15 -5.963106652088599759e-15 -5.962327844404800096e-15 -5.962223026571000248e-15 -5.961854047981000142e-15 -5.961460311637099751e-15 -5.961074226564199628e-15 -5.960692565886299981e-15 -5.960263786109699757e-15 -5.959846660124199652e-15 -5.959467901045599795e-15
-5.963858024201299832e-15 -5.964181301314300227e-15 -5.964219558144500338e-15 -5.964267003679699999e-15 -5.964356100361799676e-15 -5.964395888084600359e-15 -5.964436543799999951e-15 -5.964472308155800230e-15 -5.964534471917700246e-15 -5.964542176516499979e-15 -5.964567950794399676e-15 -5.964593003576600294e-15 -5.964614906512299611e-15 -5.964633728127499970e-15 -5.964651167071299642e-15 -5.964663923789599691e-15 -5.964671441829899822e-15
-5.968586049918499765e-15 -5.966002143439899686e-15 -5.965663945529600261e-15 -5.965230967297199959e-15 -5.964368110852599948e-15 -5.963956238354899873e-15 -5.963513351648799690e-15 -5.963100811732900273e-15 -5.962312890903599854e-15 -5.962206846521200006e-15 -5.961833550882000369e-15 -5.961435209812199994e-15 -5.961044612749799792e-15 -5.960658496339000257e-15 -5.960224718051400346e-15 -5.959802739174699864e-15 -5.959419584328099742e-15
-5.968545569359400309e-15 -5.965980422577299974e-15 -5.965644748681800387e-15 -5.965215019182399745e-15 -5.964358689159699831e-15 -5.963949954055100255e-15 -5.963510455449899663e-15 -5.963101084097999881e-15 -5.962319246185999870e-15 -5.962214023426999886e-15 -5.961843625284299946e-15 -5.961448384751500298e-15 -5.961060836158599738e-15 -5.960677740820200051e-15 -5.960247364991199713e-15 -5.959828704079500189e-15 -5.959448568312299635e-15
-5.968538349190100225e-15 -5.965977211887100114e-15 -5.965642063834200120e-15 -5.965213007341200332e-15 -5.964358017122800352e-15 -5.963949920565499893e-15 -5.963511107634099987e-15 -5.963102373906300138e-15 -5.962321750306100021e-15 -5.962216690572600094e-15 -5.961846865424800223e-15 -5.961452234662299946e-15 -5.961065282101700294e-15 -5.960682773859900305e-15 -5.960253054758800266e-15 -5.959835029384100334e-15 -5.959455467356599717e-15
