5.879280193813802907e+04 -5.967699316162766425e-15 1.733500940718858991e-18
5.898215432247302670e+04 -5.965655035385831176e-15 6.659165316886859400e-19
5.900501539013135334e+04 -5.965386801036005774e-15 5.277061648086401965e-19
5.903394126786664128e+04 -5.965043134152130544e-15 3.513424731912091665e-19
5.909079713554016780e+04 -5.964357328482045681e-15 6.848117495083435915e-21
5.911772590239022247e+04 -5.964029496280371040e-15 1.641320775902975885e-19
5.914663969830980932e+04 -5.963676608949124985e-15 3.415593828311172719e-19
5.917360584341616777e+04 -5.963347534757219979e-15 5.060923407398933880e-19
5.922545880132589809e+04 -5.962717951800658991e-15 8.180855359986212007e-19
5.923249416795396246e+04 -5.962633101477219997e-15 8.598318010168603493e-19
5.925740881802801596e+04 -5.962334175466040121e-15 1.006288496437501862e-18
5.928430523746266408e+04 -5.962014761161199261e-15 1.161665596997201223e-18
5.931106823534773139e+04 -5.961701085458475332e-15 1.313037793242512274e-18
5.933799009320711775e+04 -5.961390506353934919e-15 1.461627509859325001e-18
5.936891005682974355e+04 -5.961040931373060681e-15 1.627189399040131336e-18
5.939982514551653003e+04 -5.960700116524485517e-15 1.786692957659121816e-18
5.942876605563003977e+04 -5.960389933549069257e-15 1.930019730645466905e-18
