-9.655587678631999545e-14 -8.697499620080900263e-14 -8.731508089081200399e-14 -8.816078233767999906e-14 -8.817047483683000450e-14 -8.832882909950700627e-14 -8.825940607169400194e-14 -8.809562673449500031e-14 -8.809564163782599435e-14 -8.803888197906600025e-14 -8.785411553854999776e-14 -9.026136441659800486e-14
-1.143706746827700073e-13 -8.241442307363099386e-14 -8.061931018047500399e-14 -8.461064292958400020e-14 -8.885573198837600003e-14 -8.818834022167099664e-14 -8.818848810695299962e-14 -8.812181579578700529e-14 -8.803009752647300094e-14 -8.799597399302199796e-14 -8.824162970484499882e-14 -8.643896327160899947e-14
-9.890919785974300250e-14 -8.634262843782299759e-14 -8.629846957074600204e-14 -8.760851861308499379e-14 -8.826620219361799655e-14 -8.831454175747600561e-14 -8.826453780218999570e-14 -8.808887038904000348e-14 -8.807044417245600581e-14 -8.803553876889399467e-14 -8.794595036180800323e-14 -8.932398344004199952e-14
-1.032861049846700046e-13 -8.534064038101199552e-14 -8.493438683828400328e-14 -8.692851265895399693e-14 -8.840390223227399593e-14 -8.827721103692600545e-14 -8.823881343975300167e-14 -8.810601093327499696e-14 -8.807436910803699967e-14 -8.802825800318700071e-14 -8.798510671442700359e-14 -8.893989206617899732e-14
-1.034028705894599985e-13 -8.551841056271400364e-14 -8.549207207635199444e-14 -8.732490266752199520e-14 -8.831820401469799735e-14 -8.829725147498300489e-14 -8.824083570995900517e-14 -8.810970958502100004e-14 -8.809591230820900543e-14 -8.802612422895800022e-14 -8.787103028612800353e-14 -9.011810155001099484e-14
-8.861559810511199465e-14 -8.901296084087700603e-14 -9.031083363845200601e-14 -8.969997381291299406e-14 -8.790509192732499750e-14 -8.838923465562199700e-14 -8.825152865051600057e-14 -8.810686247939199611e-14 -8.815798295605899947e-14 -8.805323166106199898e-14 -8.761989838576599816e-14 -9.246266368198899413e-14
-1.166347581894500006e-13 -8.167065549186799831e-14 -7.932781891224699564e-14 -8.390184276832300371e-14 -8.897663183067700561e-14 -8.813468346573900564e-14 -8.820115841529800594e-14 -8.810899631288700570e-14 -8.798754628055499755e-14 -8.801970228650200302e-14 -8.843064975144799500e-14 -8.433773280317999433e-14
-1.136480707042699943e-13 -8.247088291676199716e-14 -8.065678729759599507e-14 -8.466019087024699654e-14 -8.881519461467100263e-14 -8.816352780234199772e-14 -8.823148757861200271e-14 -8.809500827495700234e-14 -8.798998086093000337e-14 -8.802750748660600220e-14 -8.835852021171499766e-14 -8.520350610953600526e-14
-1.044182713177900034e-13 -8.502778801392899813e-14 -8.459108796205899845e-14 -8.680009176023100609e-14 -8.841170343175999589e-14 -8.825483194622099538e-14 -8.825670646196299888e-14 -8.809494981820999440e-14 -8.805095260459200334e-14 -8.802633379304300611e-14 -8.803851998593400206e-14 -8.850420433906799430e-14
-6.238363109318400292e-14 -9.557419100331099405e-14 -9.973443602522300495e-14 -9.461950108706599744e-14 -8.696533442656300543e-14 -8.858042081989600571e-14 -8.835466954708900595e-14 -8.807293306658900426e-14 -8.824472819479600333e-14 -8.811105402819400462e-14 -8.710621458298699719e-14 -9.720038874890200616e-14
-1.142416611940899977e-13 -8.240343578283100499e-14 -8.054403914425600410e-14 -8.460276872817100290e-14 -8.883621812857199855e-14 -8.816466728671500392e-14 -8.821513214634599880e-14 -8.810986538010599621e-14 -8.800664587432499766e-14 -8.801154132656900458e-14 -8.831683927715400176e-14 -8.562796149421300601e-14
-1.042775663096699938e-13 -8.493821903096699446e-14 -8.424168255471599762e-14 -8.649311927050000620e-14 -8.849902027345300477e-14 -8.825360300527999514e-14 -8.821940700602600238e-14 -8.812519802038699844e-14 -8.808064834542300406e-14 -8.801530510330299500e-14 -8.801641858898400037e-14 -8.836435583871500235e-14
-5.832137290759900241e-14 -9.609737837751999553e-14 -9.986011200728399640e-14 -9.441667364753499985e-14 -8.704708243620299827e-14 -8.856968852654299615e-14 -8.833442071961400091e-14 -8.807406555941999533e-14 -8.822747955308300185e-14 -8.809128774751800072e-14 -8.722497201317299960e-14 -9.604922666878099571e-14
-7.579012400823699634e-14 -9.256074677166100198e-14 -9.580255773423600445e-14 -9.271908236022599550e-14 -8.731390265736699391e-14 -8.852508208578799671e-14 -8.830726974091099604e-14 -8.809492477982600256e-14 -8.823401882213700423e-14 -8.808081407678699519e-14 -8.719590376631000614e-14 -9.659847655419900366e-14
-8.606888623042900118e-14 -8.970669302695999603e-14 -9.131187935655899538e-14 -9.026206657757699998e-14 -8.778058237226400573e-14 -8.842617029386900466e-14 -8.828458681153599706e-14 -8.807755790541399947e-14 -8.814297128371299664e-14 -8.807833997059800325e-14 -8.760522191460100491e-14 -9.267145548898700097e-14
-1.047813166927699974e-13 -8.534795424545699855e-14 -8.539971211919899917e-14 -8.737637025273799524e-14 -8.828731189406399496e-14 -8.830627804221499443e-14 -8.825623662752499461e-14 -8.809225395853699561e-14 -8.808337553871700603e-14 -8.804141632482200399e-14 -8.787250216714399963e-14 -9.024215443864599843e-14
-1.024167497684000043e-13 -8.547539454366599902e-14 -8.513754778894100032e-14 -8.701147179666699946e-14 -8.839016701801900073e-14 -8.827602966662700162e-14 -8.823899609452699563e-14 -8.810619511050700550e-14 -8.807611769017999784e-14 -8.803083784457100605e-14 -8.797437940125899995e-14 -8.884257173335599654e-14
-1.153232145970399949e-13 -8.218545490682500589e-14 -8.031064182697899743e-14 -8.452997841763900369e-14 -8.883140092321700517e-14 -8.816479133727999375e-14 -8.823187212549799813e-14 -8.809896902785899602e-14 -8.799175373218900437e-14 -8.801684412078799659e-14 -8.834195906591200411e-14 -8.543388560534399891e-14
-9.347547128190600559e-14 -8.805419338626499458e-14 -8.920605339562899416e-14 -8.927693486239399610e-14 -8.795056673383400031e-14 -8.837406217733200038e-14 -8.826748155354199770e-14 -8.810760887339299738e-14 -8.814747256949399392e-14 -8.804661473254099972e-14 -8.762977101784299696e-14 -9.241803880042800305e-14
-8.776200359041800512e-14 -8.917781343556700010e-14 -9.041270773663099424e-14 -8.973213188454800498e-14 -8.789067870009600043e-14 -8.838790743453599658e-14 -8.827204135694499796e-14 -8.810244298744000292e-14 -8.814418766143500489e-14 -8.804746331880200123e-14 -8.765225230325100222e-14 -9.205618644050599405e-14
