5.878783810410784645e+04 -9.723417104466639572e-14 1.629465705344239191e-14
5.886444775239892624e+04 -8.681474302152275963e-14 4.102274364378895397e-15
5.889748293882406870e+04 -8.707536085283379703e-14 5.932110294635355371e-15
5.912356255626813800e+04 -8.803677786517999430e-14 3.080183369784965268e-15
5.923264310668189137e+04 -8.819577013169405211e-14 5.706607916362152979e-16
5.929746932744477817e+04 -8.831885760682840523e-14 1.291136962326972646e-16
5.933532737276116677e+04 -8.825575379832484608e-14 4.024700393462463435e-17
5.940018906222417718e+04 -8.809949324962710181e-14 1.369823915363298422e-17
5.941476058184514113e+04 -8.809661633603144745e-14 7.733233951698885092e-17
5.945490519881622458e+04 -8.804115353974165769e-14 2.841595346456701590e-17
5.949490857362388488e+04 -8.786409275196195442e-14 3.797649892324034527e-16
5.956474486535859614e+04 -9.005475567451445770e-14 3.680228940810816128e-15
