5.876577214532777725e+04
5.878783810410738079e+04
5.886444775239886076e+04
5.889748293882411963e+04
5.890319770752613113e+04
5.893722091262711911e+04
5.897701752186827071e+04
5.899997094668964564e+04
5.902596337251691148e+04
5.908473664145151997e+04
5.911165671596107859e+04
5.912356255626791244e+04
5.913972454549417307e+04
5.916959574324903951e+04
5.919546179728677089e+04
5.922533000721396093e+04
5.923264310668177495e+04
5.925241321787900233e+04
5.927517605806700885e+04
5.929746932744471997e+04
5.931105377105288062e+04
5.933532737276118860e+04
5.933797868621700763e+04
5.936889270140571898e+04
5.939981176880565181e+04
5.940018906222416263e+04
5.941476058184518479e+04
5.942875965270642337e+04
5.945490519881610817e+04
5.945565333938680124e+04
5.948761349103640532e+04
5.949490857362387760e+04
5.951848246310636023e+04
5.956474486535815231e+04
