5.876577214532777725e+04 -8.004471538588934405e-14 3.940265207133090640e-15
5.878783810410738079e+04 -8.787856221395123888e-14 1.359952993497306941e-15
5.886444775239886076e+04 -8.767658932210161419e-14 5.699737569092768785e-17
5.889748293882411963e+04 -8.813266620144091940e-14 2.360441531712430039e-16
5.890319770752613113e+04 -8.821428546627928739e-14 2.062198990723454719e-16
5.893722091262711911e+04 -8.824646033981220628e-14 3.535328016774924255e-17
5.897701752186827071e+04 -8.807467880237506516e-14 8.040596679313630019e-18
5.899997094668964564e+04 -8.816806543348809774e-14 4.164257992389974821e-17
5.902596337251691148e+04 -8.825434829340805653e-14 5.350375137610160030e-18
5.908473664145151997e+04 -8.825627527049403291e-14 9.865471440803915858e-18
5.911165671596107859e+04 -8.829364326839614216e-14 2.527560667521120442e-17
5.912356255626791244e+04 -8.828251662376265989e-14 1.406012655161950293e-17
5.913972454549417307e+04 -8.823058568158948707e-14 1.029183163696763273e-17
5.916959574324903951e+04 -8.810910858040187326e-14 1.670201546371241101e-17
5.919546179728677089e+04 -8.810892960729516456e-14 1.426503675568124310e-17
5.922533000721396093e+04 -8.821854853605515389e-14 1.321828655334267237e-17
5.923264310668177495e+04 -8.824430782671311357e-14 6.088890886027848319e-18
5.925241321787900233e+04 -8.828961540353246385e-14 1.962108576380161761e-17
5.927517605806700885e+04 -8.830652800935009534e-14 1.725901741702799240e-17
5.929746932744471997e+04 -8.831053830447845700e-14 1.459063454484483436e-17
5.931105377105288062e+04 -8.830365523543020262e-14 2.694471843630028215e-17
5.933532737276118860e+04 -8.824749801810685558e-14 1.164056325499437636e-17
5.933797868621700763e+04 -8.823772992704200646e-14 7.965570287675466520e-18
5.936889270140571898e+04 -8.812388051087710406e-14 3.226922589107837918e-17
5.939981176880565181e+04 -8.812668497561024736e-14 1.406105405652228519e-17
5.940018906222416263e+04 -8.812728210374154136e-14 1.479126292541613843e-17
5.941476058184518479e+04 -8.814064419141845042e-14 3.581256125772755591e-17
5.942875965270642337e+04 -8.811034392761334467e-14 2.953198299518760982e-17
5.945490519881610817e+04 -8.793588509150299742e-14 4.140486234268681709e-17
5.945565333938680124e+04 -8.793116140179800622e-14 4.318989080660671369e-17
5.948761349103640532e+04 -8.808639769071529188e-14 1.905998712536213627e-17
5.949490857362387760e+04 -8.824586019448856029e-14 6.994880466278411362e-17
5.951848246310636023e+04 -8.863979764548099929e-14 1.607595107261428765e-16
5.956474486535815231e+04 -8.035205937711753821e-14 1.975180162579702415e-15
