-1.904226472899399907e-15 -1.951333273376999841e-15 -1.951808195773400008e-15 -1.961230139288500017e-15 -1.979450493414000040e-15 -1.986169368787900036e-15 -1.985124505936400158e-15 -1.951550742693200115e-15 -1.935071775613100114e-15 -1.927970748027700133e-15 -1.934301279422600026e-15 -1.946785505585099955e-15 -1.957798203813000118e-15 -1.954041340221599954e-15 -1.936864207545599822e-15
-1.980123521146999886e-15 -1.939379121996099843e-15 -1.942820779386499858e-15 -1.960611362338200165e-15 -1.983879561233000130e-15 -1.989596119881299838e-15 -1.985558033401700183e-15 -1.949349314799700069e-15 -1.935191157793300047e-15 -1.930487996750399818e-15 -1.936644008275299911e-15 -1.946253482088299988e-15 -1.953625951565900035e-15 -1.951034512430200057e-15 -1.941468868038400110e-15
-1.828433707267099995e-15 -1.958887523437899823e-15 -1.955429646034600119e-15 -1.958867751891700115e-15 -1.976881931681200182e-15 -1.986005253788800092e-15 -1.987477643829799920e-15 -1.952424308801399904e-15 -1.933992103278700093e-15 -1.926999637827699940e-15 -1.936115190775799805e-15 -1.950475263806599940e-15 -1.957032083072000076e-15 -1.937997136815899881e-15 -1.898522014818500032e-15
-1.909539253213299863e-15 -1.949848856233799883e-15 -1.950486886983100111e-15 -1.960740869232700071e-15 -1.979760192241399970e-15 -1.986607728025699832e-15 -1.985517573272000197e-15 -1.952166027248200187e-15 -1.936016666835299944e-15 -1.928974736385699853e-15 -1.934510195947800124e-15 -1.945372408373199855e-15 -1.953750273731500024e-15 -1.947717994338800051e-15 -1.929502590378399836e-15
-1.959912220325999851e-15 -1.944561304437600106e-15 -1.948166734293200013e-15 -1.963190186997300186e-15 -1.982493609334199952e-15 -1.987165149807399994e-15 -1.983378485845300129e-15 -1.949939796471899991e-15 -1.936076934881400143e-15 -1.930667567532400014e-15 -1.935808801904299983e-15 -1.945326689883500038e-15 -1.954208888229699947e-15 -1.954129161440399879e-15 -1.946569649413999862e-15
-2.065914798361399823e-15 -1.930558114282399959e-15 -1.938930250675500102e-15 -1.964336241446300120e-15 -1.987501854405099987e-15 -1.989520991763300009e-15 -1.981382914475400133e-15 -1.947258225989100167e-15 -1.937536220439899818e-15 -1.935131953243200053e-15 -1.938763560949200160e-15 -1.943693766503499809e-15 -1.949167853317500175e-15 -1.955205725669199831e-15 -1.963832859900899823e-15
-1.904981654362800110e-15 -1.951405030154800146e-15 -1.953508648134199905e-15 -1.963937672666699862e-15 -1.980467068892599969e-15 -1.985607086731799822e-15 -1.983260944942699938e-15 -1.951168558069200194e-15 -1.936595831908299805e-15 -1.930700980739199958e-15 -1.936274454889999847e-15 -1.946256149334399892e-15 -1.953315084233299828e-15 -1.946702038474499881e-15 -1.928909857752900174e-15
-1.934168721723800178e-15 -1.947513365001599960e-15 -1.951575238119300106e-15 -1.965309329312600119e-15 -1.982385825024699842e-15 -1.986242587380999972e-15 -1.982161048504700010e-15 -1.949840108205199965e-15 -1.936790312584500024e-15 -1.932041072746700015e-15 -1.937218293847900067e-15 -1.945694893960199852e-15 -1.951499293306900170e-15 -1.946589887309099964e-15 -1.933682133677200077e-15
-2.061254885595199916e-15 -1.929403935910699916e-15 -1.933479166467899914e-15 -1.956759850086900026e-15 -1.985149641311999920e-15 -1.991576096808599924e-15 -1.987006633287000113e-15 -1.949772375213399984e-15 -1.935666051940999827e-15 -1.930257406996300090e-15 -1.934495973375500033e-15 -1.942832127891699879e-15 -1.952766429889599931e-15 -1.959859704299300133e-15 -1.965263002123700096e-15
-1.910754881236999814e-15 -1.948728836575299837e-15 -1.948501289886300071e-15 -1.959044838966299838e-15 -1.980067867753299920e-15 -1.987899738902099942e-15 -1.987088248222400193e-15 -1.951309527222899823e-15 -1.934126587670800177e-15 -1.927202040371100153e-15 -1.934353570692500080e-15 -1.947213982629400024e-15 -1.957186208227499804e-15 -1.950726567115300023e-15 -1.930369731185199906e-15
-2.011101588458000168e-15 -1.936491791545100154e-15 -1.941312175904399828e-15 -1.961391489951299904e-15 -1.984578420608499972e-15 -1.989121197948999953e-15 -1.983822047959899977e-15 -1.948537862677800073e-15 -1.935926881146900074e-15 -1.932066166538200033e-15 -1.937532668316899845e-15 -1.945831106220799825e-15 -1.953028085324499960e-15 -1.953857361077900175e-15 -1.950838738160599808e-15
-2.046762668694899905e-15 -1.930835346095699875e-15 -1.935029050261800040e-15 -1.957830141281800047e-15 -1.985309146637799944e-15 -1.991155334894400168e-15 -1.985950345566500139e-15 -1.948412976152700020e-15 -1.935249453549200131e-15 -1.931469202921399982e-15 -1.937357550954399852e-15 -1.945996595191000077e-15 -1.953739375908900080e-15 -1.955971930659700076e-15 -1.955520950786899895e-15
-1.823662638682099837e-15 -1.958581529174999885e-15 -1.955773011155699840e-15 -1.960291114900599922e-15 -1.978473405352400100e-15 -1.986864729079699920e-15 -1.987037299758200064e-15 -1.950438900424000113e-15 -1.933054117789699871e-15 -1.927940954706199950e-15 -1.938528390068900157e-15 -1.952350543162100191e-15 -1.955162348132199809e-15 -1.930073785393800086e-15 -1.884641021942399986e-15
-1.870460758654500192e-15 -1.952834362944100119e-15 -1.952145837708099869e-15 -1.960925362327899879e-15 -1.980464573516499938e-15 -1.987692877417000035e-15 -1.986085612097200025e-15 -1.948963312677099880e-15 -1.932784221454199851e-15 -1.928317414773300127e-15 -1.938150465906099898e-15 -1.950950567024199902e-15 -1.954911230641099984e-15 -1.935937462198999986e-15 -1.900578285294700019e-15
-1.850345414448999806e-15 -1.955902112117699965e-15 -1.954470416287599980e-15 -1.961427017554299809e-15 -1.980020151707900178e-15 -1.987401203321500114e-15 -1.986088659459699837e-15 -1.948222078545299818e-15 -1.931455843444699974e-15 -1.927173253030499810e-15 -1.938567639583699852e-15 -1.953448570294800162e-15 -1.959120383640799860e-15 -1.939272814211099988e-15 -1.900431751584799943e-15
-1.870683357458500045e-15 -1.952828666095600067e-15 -1.950731647107700011e-15 -1.958254218783999954e-15 -1.979179788390599887e-15 -1.988298219164899924e-15 -1.988839014959400060e-15 -1.951893524766400149e-15 -1.933134963991400126e-15 -1.925568650609100110e-15 -1.933637150503599849e-15 -1.947507011968299972e-15 -1.956006922248600057e-15 -1.943061153166000013e-15 -1.912599400993300191e-15
-1.937376712297200169e-15 -1.944424557436499969e-15 -1.945143620450600138e-15 -1.958789046081399913e-15 -1.981763878212700105e-15 -1.989101386606499915e-15 -1.986847396079399961e-15 -1.949493758483699851e-15 -1.933555462461899828e-15 -1.928465305803200044e-15 -1.936765996169799908e-15 -1.949203183910499884e-15 -1.957397545845599986e-15 -1.949591419120999838e-15 -1.929689857194000097e-15
-2.001501172047100033e-15 -1.937199509116299961e-15 -1.941499752462700032e-15 -1.961104744124699849e-15 -1.984678050680099955e-15 -1.989576332520699856e-15 -1.984420642340900059e-15 -1.948226121341400003e-15 -1.935302251603299936e-15 -1.931673392047999928e-15 -1.937841445260799866e-15 -1.946471969901299985e-15 -1.952635904250500159e-15 -1.950475506408600006e-15 -1.943431505280499840e-15
-1.906416023167700005e-15 -1.949602876237300170e-15 -1.950066466308399963e-15 -1.960964770537100037e-15 -1.980666103582699965e-15 -1.987157429457199996e-15 -1.984987481775299909e-15 -1.949917704743899817e-15 -1.934919822762300122e-15 -1.930209399126599999e-15 -1.937852417208299829e-15 -1.948408495733100190e-15 -1.952362705876500140e-15 -1.938543628230900019e-15 -1.912264944978899877e-15
-1.959089858268399900e-15 -1.944665520202000182e-15 -1.947055387634599955e-15 -1.960943233701899876e-15 -1.980972115767799834e-15 -1.986773134841599851e-15 -1.984255148739599962e-15 -1.951135191505700059e-15 -1.936244308979300069e-15 -1.929868527885200197e-15 -1.935047989694800094e-15 -1.945884981645299845e-15 -1.957429132013700085e-15 -1.959827649845099831e-15 -1.953480666239699864e-15
