5.876579575468129769e+04 -1.936835515415519615e-15 7.144288555453721228e-17
5.888216046396408638e+04 -1.945749281618625279e-15 8.864473064565887903e-18
5.890318509375932626e+04 -1.947396710051780289e-15 6.432093040381692085e-18
5.893720806118623295e+04 -1.960797469073610163e-15 2.147803744592364217e-18
5.897696330958325416e+04 -1.981707183987425364e-15 2.650711925234700829e-18
5.899991767092460941e+04 -1.987976598356520157e-15 1.664115595055837811e-18
5.902591716913739219e+04 -1.985314484022674989e-15 1.841005246359775358e-18
5.908467772645821969e+04 -1.950001020801610029e-15 1.439522160728497349e-18
5.911161451347527327e+04 -1.934934548506459939e-15 1.515679862973771931e-18
5.913967794450088695e+04 -1.929659320403104774e-15 2.210941520368190664e-18
5.916954348355058755e+04 -1.936488352187409466e-15 1.591700258932398608e-18
5.919543198786510766e+04 -1.947297864755364667e-15 2.681133691770221899e-18
5.922528765176511661e+04 -1.954607195163464735e-15 2.444603546992634311e-18
5.925236673061882902e+04 -1.948030838921370043e-15 8.032185737215988191e-18
5.927513402374244470e+04 -1.930923101864530397e-15 2.243031743556214954e-17
