5.876579575468132680e+04 -1.977351747762025036e-15 9.813072727443543557e-18
5.888216046396411548e+04 -1.947767069697270121e-15 1.342575323089934089e-18
5.890318509375926806e+04 -1.954912430361330248e-15 1.728468511056069954e-18
5.893720806118613109e+04 -1.968502168251374967e-15 1.498202475802233286e-18
5.897696330958327599e+04 -1.980101993615114849e-15 6.646501907224725006e-19
5.899991767092468217e+04 -1.981843458707979986e-15 6.561655014949938868e-19
5.902591716913743585e+04 -1.978467535702839598e-15 9.311171438596760266e-19
5.908467772645833611e+04 -1.954636827922779673e-15 5.810259961288923177e-19
5.911161451347525144e+04 -1.941857442413505771e-15 5.409972150552896493e-19
5.913967794450094516e+04 -1.932317322515260415e-15 9.586664602930281246e-19
5.916954348355055845e+04 -1.930139011023009439e-15 1.057290510848679566e-18
5.919543198786507128e+04 -1.936803619696154815e-15 7.291692962070605121e-19
5.922528765176518209e+04 -1.954531048085235434e-15 1.710135881343639093e-18
5.925236673061869806e+04 -1.978045453132720381e-15 4.014864533700559754e-18
5.927513402374244470e+04 -2.000748622633095302e-15 6.436907079210307403e-18
