-1.978388389130000098e-15 -1.948255356305899943e-15 -1.954833609201500000e-15 -1.967681782992000055e-15 -1.978999991814100050e-15 -1.980922546903299878e-15 -1.978007850474299821e-15 -1.955562690164599849e-15 -1.943178710376100075e-15 -1.933651640972900059e-15 -1.930944753517100165e-15 -1.936717453384700117e-15 -1.953060424818700191e-15 -1.975208357708999924e-15 -1.996871395021599987e-15
-1.998508260159000166e-15 -1.945019612197599905e-15 -1.951257109943599804e-15 -1.965478150108800168e-15 -1.979542493670700114e-15 -1.982687670015800000e-15 -1.980313027360300104e-15 -1.955530531221399996e-15 -1.941317754447100179e-15 -1.930478898020200090e-15 -1.928032361046600166e-15 -1.936014996623300187e-15 -1.957424054506099930e-15 -1.986164107703599836e-15 -2.014239153684999955e-15
-1.982684466718199882e-15 -1.946871357937199900e-15 -1.953767291007600091e-15 -1.967556236852399879e-15 -1.979933709752200184e-15 -1.982149599893100025e-15 -1.979156945333000036e-15 -1.955186295324400116e-15 -1.941937809305100077e-15 -1.931843271308599993e-15 -1.929251382183599812e-15 -1.935902228641199865e-15 -1.954171900682300010e-15 -1.978731531505200082e-15 -2.002660433198399865e-15
-1.988935139553699989e-15 -1.946165376099500005e-15 -1.952826379160000085e-15 -1.966835626642999879e-15 -1.979928216079699854e-15 -1.982521184909499807e-15 -1.979758065653600055e-15 -1.955312910876299908e-15 -1.941565123552399813e-15 -1.931039444293999879e-15 -1.928366976441199932e-15 -1.935451886380699835e-15 -1.954909775429100189e-15 -1.981138102277400047e-15 -2.006771035279699980e-15
-1.981256413284500110e-15 -1.947207817861799951e-15 -1.954432402816599907e-15 -1.968428639901099885e-15 -1.980492658830099829e-15 -1.982320088514799956e-15 -1.978818308364100078e-15 -1.954106499502500092e-15 -1.940982607696600073e-15 -1.931412345225900115e-15 -1.929767013060900164e-15 -1.937439461002599889e-15 -1.956902185553900172e-15 -1.982334548730299952e-15 -2.006693434090600011e-15
-1.960190723756000150e-15 -1.949628241557999904e-15 -1.957809747643200148e-15 -1.971361710219600177e-15 -1.981278640366899966e-15 -1.981880537642099953e-15 -1.977525731982799902e-15 -1.953711792945599936e-15 -1.941783918357600129e-15 -1.933149147738600074e-15 -1.931316885079600170e-15 -1.937286611161700027e-15 -1.952720249709400071e-15 -1.972767992003800055e-15 -1.991769411471699820e-15
-1.982151130833199885e-15 -1.946877893445199903e-15 -1.954006201746900001e-15 -1.968018288660099923e-15 -1.980331991529000195e-15 -1.982368542325799959e-15 -1.979106634607199868e-15 -1.954698864812700162e-15 -1.941526086067599908e-15 -1.931772549401100120e-15 -1.929822047007099882e-15 -1.937191472459499841e-15 -1.956336964094300027e-15 -1.981578196133100157e-15 -2.005884442213300096e-15
-1.987301751162699967e-15 -1.946189720835000027e-15 -1.953182441769399896e-15 -1.967425272872000145e-15 -1.980282246728099894e-15 -1.982560185907399859e-15 -1.979397028398499871e-15 -1.954529675714100054e-15 -1.941057344966899904e-15 -1.931188699862600119e-15 -1.929551899033600051e-15 -1.937674615865799836e-15 -1.958260863966099803e-15 -1.985223936790900055e-15 -2.011118299454799827e-15
-1.982620240843300014e-15 -1.946946027424000094e-15 -1.953750351308200167e-15 -1.967342782371799875e-15 -1.979498779990800050e-15 -1.981637052620200047e-15 -1.978632821821599986e-15 -1.954996351854999992e-15 -1.942044931927700147e-15 -1.932304292341100022e-15 -1.930074324801499950e-15 -1.936970520010799804e-15 -1.955386921368099943e-15 -1.979919742087199819e-15 -2.003700894173600000e-15
-1.965358729274000149e-15 -1.949371035168300094e-15 -1.956828351187799885e-15 -1.969787007278000097e-15 -1.979894263719899961e-15 -1.980924634807899950e-15 -1.977185256851999827e-15 -1.954511657181399965e-15 -1.942729033846100113e-15 -1.933943023555900057e-15 -1.931692269039099993e-15 -1.937213921444800189e-15 -1.952222993352799908e-15 -1.972134042968299804e-15 -1.991287319565000156e-15
-1.982907450155100088e-15 -1.946836956073700093e-15 -1.953825474235899925e-15 -1.967716900590400186e-15 -1.980062985589499906e-15 -1.982180817595699918e-15 -1.979031291563700102e-15 -1.954765382392800166e-15 -1.941535853747899803e-15 -1.931627580009700065e-15 -1.929429410434200071e-15 -1.936555558450999892e-15 -1.955451528944399954e-15 -1.980555448004600018e-15 -2.004848205988100107e-15
-1.969335019621500078e-15 -1.948131850544200061e-15 -1.956036284018300082e-15 -1.970024426330200139e-15 -1.981071138256799878e-15 -1.982238853116000034e-15 -1.978215832669000026e-15 -1.953741320460999890e-15 -1.941183228447300000e-15 -1.932108458532499841e-15 -1.930455588810500130e-15 -1.937372857190899884e-15 -1.954916148006100149e-15 -1.977690534016200026e-15 -1.999340603854200196e-15
-1.971109106267999990e-15 -1.949949470735300168e-15 -1.956909123685199851e-15 -1.969399170023699911e-15 -1.979317743578299885e-15 -1.980321126483600051e-15 -1.976567549855399959e-15 -1.953903640752799897e-15 -1.942245175959600024e-15 -1.933784744785500015e-15 -1.932191099315800175e-15 -1.938577841832999992e-15 -1.954894198537199972e-15 -1.976172395939100141e-15 -1.996485152112199835e-15
-1.970851143738300067e-15 -1.948998623121200125e-15 -1.956201420866300083e-15 -1.969254610364799811e-15 -1.979886022515500169e-15 -1.981210168732399992e-15 -1.977655938276599852e-15 -1.954608131162900058e-15 -1.942416214763600088e-15 -1.933265260166799926e-15 -1.930923846672600010e-15 -1.936774536780799935e-15 -1.952730205531200044e-15 -1.973997731704299812e-15 -1.994554826869700094e-15
-1.983666363250799955e-15 -1.946581497333799921e-15 -1.953460745169500037e-15 -1.967343841765500125e-15 -1.979922858595599916e-15 -1.982246930015000166e-15 -1.979334984242099961e-15 -1.955327947390000188e-15 -1.941990466120100190e-15 -1.931806026868800099e-15 -1.929175176265700110e-15 -1.935877241777899916e-15 -1.954327994334200127e-15 -1.979160596570199913e-15 -2.003377169438200027e-15
-1.962426036814100179e-15 -1.949016163370800051e-15 -1.957197344574899836e-15 -1.971040078152399962e-15 -1.981493220630299854e-15 -1.982357399668200178e-15 -1.978161424543899874e-15 -1.953996738482700197e-15 -1.941653417938499854e-15 -1.932559979379799917e-15 -1.930371767244300130e-15 -1.936266067153799836e-15 -1.951978222627700155e-15 -1.972636782041199908e-15 -1.992377215985700192e-15
-1.972334251774200110e-15 -1.948056063564299840e-15 -1.955640741566799861e-15 -1.969465859908100060e-15 -1.980789171997100126e-15 -1.982241704198300117e-15 -1.978541486421600053e-15 -1.954337487115200139e-15 -1.941575609579099999e-15 -1.932093547515699867e-15 -1.929894453376599864e-15 -1.936366600845999844e-15 -1.953584067214899892e-15 -1.976352912603400068e-15 -1.998260789772300140e-15
-1.977357298368699882e-15 -1.948612622145299981e-15 -1.955353529087800167e-15 -1.968257587269000030e-15 -1.979312855954799857e-15 -1.980962781794500038e-15 -1.977693036806100042e-15 -1.954609927781499923e-15 -1.942150533441500084e-15 -1.932739307390400056e-15 -1.930359956967799804e-15 -1.936540977177000044e-15 -1.953412210516200127e-15 -1.976001727070099843e-15 -1.997946469424200070e-15
-1.985650726188800071e-15 -1.947097232939700154e-15 -1.953661614496100092e-15 -1.967145010613500022e-15 -1.979483686520099957e-15 -1.981782715029099830e-15 -1.978926869344100184e-15 -1.955243011413600134e-15 -1.942078188590500140e-15 -1.932056501820800149e-15 -1.929568636562100160e-15 -1.936371339438899905e-15 -1.954922861440600135e-15 -1.979845803555400027e-15 -2.004144630808299835e-15
-1.964002314346399889e-15 -1.949528475284599939e-15 -1.957268443740999921e-15 -1.970480382111099811e-15 -1.980517196182800091e-15 -1.981354633986899953e-15 -1.977320629486899857e-15 -1.954055701905099904e-15 -1.942196839138799822e-15 -1.933521731114299944e-15 -1.931590373600299866e-15 -1.937506206298699830e-15 -1.953007191071399988e-15 -1.973294573241099843e-15 -1.992641570255299928e-15
