5.875554937308879016e+04
5.883345029684662586e+04
5.890314720728258544e+04
5.893717625949381909e+04
5.897704512639014138e+04
5.899999728998124920e+04
5.902591802188694419e+04
5.908469273203906050e+04
5.911161264182198647e+04
5.913968024141403293e+04
5.916955003687927820e+04
5.919534142898993741e+04
5.922528682091649534e+04
5.925236988236921752e+04
5.927513379010825884e+04
5.931104461944119248e+04
5.933796948959051224e+04
5.936888325559817167e+04
5.939980180530199141e+04
5.942874919853542087e+04
