-2.800937085085500141e-15 -2.831693148190999845e-15 -2.825011596616999822e-15 -2.817885165102500054e-15 -2.812854126336699944e-15 -2.812590822667599873e-15 -2.814468858477800158e-15 -2.822654599435899948e-15 -2.825524394318799880e-15 -2.826600424823899959e-15 -2.825404865625300093e-15 -2.822866035227600156e-15 -2.819132936054000193e-15 -2.815927630473299995e-15 -2.813783550417999932e-15 -2.811466742409800167e-15 -2.809970147658500059e-15 -2.807313963771500139e-15 -2.802526497241700162e-15 -2.795745515712199934e-15
-2.748304414406299834e-15 -2.833700722694300133e-15 -2.827577519020899903e-15 -2.815643318629599837e-15 -2.808649994069699879e-15 -2.809692091662399841e-15 -2.814445071164499812e-15 -2.827899509205700047e-15 -2.830105026312899882e-15 -2.828288702979499921e-15 -2.822935615980000005e-15 -2.817555977096299947e-15 -2.813147791367000073e-15 -2.812402509078100116e-15 -2.814098477759399939e-15 -2.818038270900400167e-15 -2.817795766565399929e-15 -2.808716018290900051e-15 -2.786452511159999933e-15 -2.753633031269199874e-15
-2.775144128683700001e-15 -2.832960347728499995e-15 -2.828154253896499988e-15 -2.817871297803600156e-15 -2.810315830205900033e-15 -2.809986537794400093e-15 -2.812964414563099891e-15 -2.825033215174600052e-15 -2.828492545111499840e-15 -2.828679591643800074e-15 -2.825139337680200001e-15 -2.820190034790399828e-15 -2.814476618497500168e-15 -2.811266156929799826e-15 -2.810816601105299843e-15 -2.813926535678800003e-15 -2.817409524337800030e-15 -2.819076932945200167e-15 -2.814543619984400192e-15 -2.802574715211100007e-15
-2.862394582240099833e-15 -2.829370064570899950e-15 -2.818787430832300187e-15 -2.816875355826399817e-15 -2.815515421293899991e-15 -2.815210722730799908e-15 -2.815573232252899897e-15 -2.819956816796799878e-15 -2.823050146008600047e-15 -2.825879765038700059e-15 -2.827222979072399833e-15 -2.826229341448800142e-15 -2.822388353358899917e-15 -2.817171257879999970e-15 -2.812643917462899842e-15 -2.808427403101600153e-15 -2.810257554267199968e-15 -2.819844017030599905e-15 -2.837774118493799878e-15 -2.860237762704900031e-15
-2.825475472816600192e-15 -2.830860081319599816e-15 -2.822586193873200030e-15 -2.816632814641800018e-15 -2.812474011235099987e-15 -2.812484946020800009e-15 -2.814715724726199881e-15 -2.824545131879899915e-15 -2.828199789531899922e-15 -2.829448404916699983e-15 -2.827157613194100180e-15 -2.822489611301500102e-15 -2.815435802415200034e-15 -2.809576635110900043e-15 -2.806597833321800074e-15 -2.807993001797400197e-15 -2.814784051313499966e-15 -2.827835374036500141e-15 -2.843762334799600004e-15 -2.857595385292800095e-15
-2.851565712827200069e-15 -2.826523057677600069e-15 -2.821635616270300185e-15 -2.819576210799399936e-15 -2.816469560538399807e-15 -2.815035790588399963e-15 -2.814488736307799973e-15 -2.819120548978800077e-15 -2.823082441612199832e-15 -2.826747261439799866e-15 -2.828397015380999813e-15 -2.826955744550399836e-15 -2.821844263283499943e-15 -2.815174065567699812e-15 -2.809629348234700063e-15 -2.805098160587099967e-15 -2.808251936622400006e-15 -2.821105996186799949e-15 -2.843587651356999864e-15 -2.870397614919400007e-15
-2.805972405812199826e-15 -2.828933543285199952e-15 -2.823062741092699818e-15 -2.817250809228199816e-15 -2.813442068182299839e-15 -2.813573259268400030e-15 -2.815618586123300107e-15 -2.823398986944900148e-15 -2.825878329659199846e-15 -2.826484653736999848e-15 -2.824770813134699931e-15 -2.821840837045799887e-15 -2.817874425626900036e-15 -2.814870423817399927e-15 -2.813373092448300062e-15 -2.813275323152200107e-15 -2.814524059036000029e-15 -2.816023285001300193e-15 -2.815940659907399995e-15 -2.813251948205099806e-15
-2.788325275170799975e-15 -2.832523982093900123e-15 -2.823873776858000129e-15 -2.815509427527399875e-15 -2.810991143032399996e-15 -2.811912418332999970e-15 -2.815440117715999809e-15 -2.825738976352099928e-15 -2.827991589635800016e-15 -2.827503971086500066e-15 -2.824316449248400109e-15 -2.820518847737700098e-15 -2.816587465265300177e-15 -2.814611665335500069e-15 -2.814321467027100051e-15 -2.815194735297599978e-15 -2.814880881709599965e-15 -2.810661350584999875e-15 -2.800167810509800079e-15 -2.784395351731799847e-15
-2.815049116705800104e-15 -2.830940629914400005e-15 -2.823932026511900191e-15 -2.817632167837200169e-15 -2.813044455239000043e-15 -2.812804592718300130e-15 -2.814679278645900087e-15 -2.823316689862900015e-15 -2.826470294021499991e-15 -2.827537117964700128e-15 -2.825680849955800164e-15 -2.821969296298400077e-15 -2.816493347227900108e-15 -2.812031159325300135e-15 -2.809734202738499903e-15 -2.810265886408400074e-15 -2.814208836801200032e-15 -2.821432117997199888e-15 -2.829350467697599825e-15 -2.834959296323899848e-15
-2.825716751366400061e-15 -2.832051683795199986e-15 -2.821693119673900023e-15 -2.816673707271000184e-15 -2.813951653134799919e-15 -2.814205218017899907e-15 -2.815815223232599880e-15 -2.821567162947099867e-15 -2.823578990489099880e-15 -2.824505453821500034e-15 -2.824043524647500058e-15 -2.822641482108800109e-15 -2.820327864523099866e-15 -2.818084429334299828e-15 -2.816363880698399825e-15 -2.814212848043699807e-15 -2.813009938869800105e-15 -2.811818666026400184e-15 -2.810580058848100175e-15 -2.809342882356599962e-15
