5.875554937308879016e+04 -2.809888494511460280e-15 3.251800300326899868e-17
5.883345029684662586e+04 -2.830955726127060303e-15 2.049861620491859283e-18
5.890314720728258544e+04 -2.823631427464669909e-15 2.658986228761598419e-18
5.893717625949381909e+04 -2.817155027466709986e-15 1.127872525258674764e-18
5.897704512639014138e+04 -2.812770826326820259e-15 2.222696601554400272e-18
5.899999728998124920e+04 -2.812749639980200248e-15 1.785022414149108478e-18
5.902591802188694419e+04 -2.814820924321009752e-15 8.017222788335209579e-19
5.908469273203906050e+04 -2.823323163757869593e-15 2.524423520292100863e-18
5.911161264182198647e+04 -2.826237354670150071e-15 2.341866915545672152e-18
5.913968024141403293e+04 -2.827167534745209954e-15 1.367665150103074652e-18
5.916955003687927820e+04 -2.825506906391940137e-15 1.578299268381378618e-18
5.919534142898993741e+04 -2.822325720760569821e-15 2.608302700120838440e-18
5.922528682091649534e+04 -2.817770886761930170e-15 2.950048388365955138e-18
5.925236988236921752e+04 -2.814111593285229775e-15 2.575057978787626138e-18
5.927513379010825884e+04 -2.812136237121440111e-15 2.747169392877312237e-18
5.931104461944119248e+04 -2.811789890737700022e-15 3.690618640250890521e-18
5.933796948959051224e+04 -2.813509269718140364e-15 2.993318246639622449e-18
5.936888325559817167e+04 -2.816382772187139852e-15 6.268356306520571028e-18
5.939980180530199141e+04 -2.818468572999940287e-15 1.860102782578088574e-17
5.942874919853542087e+04 -2.818213350372699980e-15 3.533775027406749455e-17
