-9.231842044416300292e-16 -3.324907151034699886e-15 -2.754038637964500163e-15 -2.776460889766899880e-15 -2.824481832974800155e-15 -2.818732445697100116e-15 -2.790016122692100087e-15 -2.793106972887700181e-15 -2.812510708751300133e-15
-1.338478132694900067e-15 -3.342405397871300117e-15 -2.747592810878199827e-15 -2.758916105094500195e-15 -2.812033118378899804e-15 -2.828873655165900098e-15 -2.795119268723100121e-15 -2.786996052618499971e-15 -2.793406035428899819e-15
-3.194850608924699880e-15 -3.591731400314000003e-15 -2.699253113323400058e-15 -2.743210360031700171e-15 -2.837974265030300015e-15 -2.803287890074899805e-15 -2.782468183635399969e-15 -2.880613590137099911e-15 -3.099381976977400087e-15
-2.067962807657199930e-15 -3.371120285316899810e-15 -2.738603149209199871e-15 -2.775138250226399812e-15 -2.838290523747100070e-15 -2.807504289909499886e-15 -2.783122440835500043e-15 -2.832394388126999919e-15 -2.945995165823500014e-15
-4.132237724164799715e-15 -2.749548185458299995e-15 -2.817324308788899922e-15 -2.814483084691200170e-15 -2.818879882834799851e-15 -2.815514206263000134e-15 -2.800738642942999905e-15 -2.804104552939199805e-15 -2.828299154766699891e-15
-5.249400303417499673e-15 -3.261708655329400062e-15 -2.731139389381300093e-15 -2.737101879112400039e-15 -2.815640012775699917e-15 -2.832086290070400031e-15 -2.777745028357199858e-15 -2.808884570929200014e-15 -2.932479045248499912e-15
-1.630287330696199922e-15 -3.272662092043999971e-15 -2.759731263031800076e-15 -2.768899142547299947e-15 -2.810833749938399899e-15 -2.819142144022899824e-15 -2.798408786340999908e-15 -2.803256209558299829e-15 -2.826614205319500130e-15
-2.128328754227099961e-15 -2.833084957501400004e-15 -2.814191350136300012e-15 -2.807664620001000184e-15 -2.813054801825100060e-15 -2.836111186735899893e-15 -2.802639482550299955e-15 -2.748730815431599852e-15 -2.662541981091399820e-15
-1.090806778639399983e-15 -4.054537214006599609e-15 -2.636101522534999887e-15 -2.712152350864199956e-15 -2.858334877484300044e-15 -2.810698786094600041e-15 -2.747903406660800027e-15 -2.837387408578599868e-15 -3.058063927163800025e-15
-1.438159074325499917e-15 -3.135678374392000052e-15 -2.781150318352700048e-15 -2.799775733373100096e-15 -2.827720574898799816e-15 -2.813851603066000073e-15 -2.797716689338799898e-15 -2.804781772356599945e-15 -2.823293411026500074e-15
1.298902775432800014e-15 -3.538188113504299958e-15 -2.729702489852100125e-15 -2.765125147435799851e-15 -2.828634003178300120e-15 -2.828009304709100149e-15 -2.783962249951599804e-15 -2.759112498499500103e-15 -2.721988063316700038e-15
-2.345434460975500187e-15 -3.605829575996700253e-15 -2.698137207402000015e-15 -2.744134682691000015e-15 -2.839531562215600191e-15 -2.812551267126700060e-15 -2.784182117489199928e-15 -2.859695820105500155e-15 -3.033939784562800064e-15
-8.460272122373099817e-16 -3.427267158479100130e-15 -2.741974015326499993e-15 -2.779694054789399847e-15 -2.837834797585599820e-15 -2.807526295139199992e-15 -2.784975161769899991e-15 -2.820383980357099939e-15 -2.897785411677999971e-15
-1.035826150617699994e-15 -3.013911370858900167e-15 -2.799435361320800103e-15 -2.801462869000300087e-15 -2.814254072889599845e-15 -2.827623111199600087e-15 -2.802066504844700139e-15 -2.761991086062599921e-15 -2.692036561093999882e-15
-1.220435304376399957e-15 -3.505458966130199992e-15 -2.726588661695200004e-15 -2.750906737236500106e-15 -2.818157999832699946e-15 -2.819997268869099822e-15 -2.804964297890300117e-15 -2.839881138219800178e-15 -2.918958307213799995e-15
-4.278266782197099684e-15 -3.186725812241199961e-15 -2.747099381145499913e-15 -2.763428375325599890e-15 -2.825028159609199896e-15 -2.821982329547399861e-15 -2.790279655608099854e-15 -2.831489865336299894e-15 -2.949736272565200108e-15
-2.430999039664200091e-15 -2.738954794092400135e-15 -2.826977869567200168e-15 -2.796440614327700024e-15 -2.788204900737000136e-15 -2.846702769337599991e-15 -2.820492151489399969e-15 -2.741857499647800036e-15 -2.606779053855100038e-15
5.933763082690399510e-16 -3.799858119017699874e-15 -2.681355258107300146e-15 -2.730792357239200135e-15 -2.838563175504000018e-15 -2.835615060211999878e-15 -2.763108409063200003e-15 -2.757654122476500031e-15 -2.786551830366100046e-15
-3.756735581205800113e-16 -3.706773248320800195e-15 -2.700607407037899866e-15 -2.751656125336000053e-15 -2.841529213329800016e-15 -2.808807412407299823e-15 -2.775280080561799906e-15 -2.826755400888799963e-15 -2.944099038155199894e-15
-3.599028631746200293e-15 -3.697082203601699981e-15 -2.679721302999000127e-15 -2.724036934503399975e-15 -2.836417803784600080e-15 -2.810981430199700052e-15 -2.781771095679899925e-15 -2.885316041994499941e-15 -3.125887138878200073e-15
