5.877471204151484562e+04
5.888155252966461558e+04
5.898219124091488629e+04
5.900505010875887092e+04
5.903399326554707659e+04
5.909085363662125019e+04
5.911777920596388867e+04
5.912291862490152562e+04
5.914669323282763071e+04
5.917365890904979460e+04
5.918366100564306544e+04
5.920758272813563235e+04
5.923254838931176346e+04
5.925746051023704786e+04
5.928052719766607333e+04
5.928435719174645055e+04
5.931108557963334897e+04
5.933435396294920065e+04
5.933800739753814560e+04
5.936892767244623974e+04
5.939984291289162502e+04
5.940716810421869013e+04
5.941505280618260440e+04
5.942878425485568732e+04
5.944600979943260609e+04
