5.877471204151484562e+04 1.123214452258557238e-14 2.565947856195029811e-14
5.888155252966461558e+04 -3.953987567150324217e-15 5.886303666148102196e-15
5.898219124091488629e+04 -2.020124817958280211e-16 6.926040893273077441e-16
5.900505010875887092e+04 -5.069853067290356245e-16 1.219423562830173395e-16
5.903399326554707659e+04 -5.573941495480090428e-16 1.328120104096079546e-16
5.909085363662125019e+04 -4.622077323335574336e-16 8.042674276435315862e-17
5.911777920596388867e+04 -5.114396239101540998e-16 3.638627358792923307e-17
5.912291862490152562e+04 -5.081313708627425462e-16 4.905285234914690683e-17
5.914669323282763071e+04 -4.396084266827790969e-16 4.631915098623772992e-17
5.917365890904979460e+04 -3.774594899669185433e-16 3.123488490203292929e-17
5.918366100564306544e+04 -3.910686060378944491e-16 3.897813496740543576e-17
5.920758272813563235e+04 -4.858964957328325594e-16 1.628598930760760963e-17
5.923254838931176346e+04 -5.355072797083464829e-16 4.474432716174827491e-17
5.925746051023704786e+04 -4.340557758740610564e-16 2.855679015376385624e-17
5.928052719766607333e+04 -3.529524862615713985e-16 7.408210869115761052e-17
5.928435719174645055e+04 -3.577786687517370331e-16 7.047471851429733747e-17
5.931108557963334897e+04 -5.845767740269689793e-16 9.461165800648598265e-17
5.933435396294920065e+04 -8.425953467472195953e-16 2.024109215727443461e-16
5.933800739753814560e+04 -8.564991565567397555e-16 1.912775441851753625e-16
5.936892767244623974e+04 -4.493277274957825143e-16 3.333094539608743394e-16
5.939984291289162502e+04 -1.747332549524466137e-16 2.177186928284351672e-16
5.940716810421869013e+04 -5.385409696361101922e-16 3.841684082618827294e-16
5.941505280618260440e+04 -1.275689082636710182e-15 1.395952248767497056e-15
5.942878425485568732e+04 -3.626099397065026834e-15 4.345524534963512451e-15
5.944600979943260609e+04 -8.715536970553782102e-15 1.028588134148562187e-14
