5.877465539495775010e+04 -1.744726793784204928e-14 4.762632202174845049e-18
5.877555879372265190e+04 -1.744786469403474450e-14 4.709063440610486522e-18
5.888147641180174105e+04 -1.747120344581890443e-14 5.254337192530606712e-19
5.890324924021674087e+04 -1.746390181449575154e-14 8.092237725395206533e-19
5.893727291322775272e+04 -1.744915713426905277e-14 8.413906176265784207e-19
5.898210377501081530e+04 -1.743319753145669932e-14 4.751030608401880509e-19
5.900496458674625319e+04 -1.743021900282524818e-14 3.947742386129453329e-19
5.903386363614734728e+04 -1.743317404752114906e-14 4.553141972372974611e-19
5.909072325174615253e+04 -1.745770485383884682e-14 4.391429238121887890e-19
5.911764858414764603e+04 -1.747276093145224893e-14 4.771386124609704639e-19
5.914656278660313546e+04 -1.748603065087815025e-14 5.466890781466516984e-19
5.917352879822414980e+04 -1.749207345136620023e-14 4.690434084348964676e-19
5.918359365357443312e+04 -1.749219805827764694e-14 4.004957782929912927e-19
5.920240299972660432e+04 -1.748890258622330020e-14 4.018771125652767458e-19
5.923241968342322798e+04 -1.747391457505290096e-14 1.230048842951937763e-18
5.925733196492213756e+04 -1.745337499129579923e-14 2.360149754550986172e-18
5.928422872417721373e+04 -1.742563258404819933e-14 3.806364893523861553e-18
