-1.745331480165799977e-14 -1.745383535701499893e-14 -1.747048178015999866e-14 -1.746287975668699988e-14 -1.744832960551799855e-14 -1.743322189216700107e-14 -1.743063213150600115e-14 -1.743382244727900033e-14 -1.745782799977499980e-14 -1.747239548862100143e-14 -1.748528210124299908e-14 -1.749134199761800096e-14 -1.749160568079199845e-14 -1.748879537750900027e-14 -1.747520924821200057e-14 -1.745634925534300055e-14 -1.743074143847000137e-14
-1.745668795368399980e-14 -1.745716729675900059e-14 -1.747009268362400113e-14 -1.746228161829599885e-14 -1.744776471349000040e-14 -1.743306372459499984e-14 -1.743069069492300157e-14 -1.743405837724600082e-14 -1.745800627439499944e-14 -1.747245184551000155e-14 -1.748528019898100073e-14 -1.749146104725999918e-14 -1.749183047014799977e-14 -1.748931866240299911e-14 -1.747648249484900087e-14 -1.745845749789299882e-14 -1.743386019270000150e-14
-1.744261793684599980e-14 -1.744327834303499957e-14 -1.747186814644100037e-14 -1.746473469928800101e-14 -1.744974374488699917e-14 -1.743306807690600021e-14 -1.742980298074699961e-14 -1.743263093668699962e-14 -1.745771659283700082e-14 -1.747318873180099989e-14 -1.748673991316099863e-14 -1.749269233129600010e-14 -1.749266492707499965e-14 -1.748889112334799893e-14 -1.747261573893599969e-14 -1.745059751712099894e-14 -1.742103319672199896e-14
-1.745189354101399927e-14 -1.745242628483700098e-14 -1.747054286792899909e-14 -1.746308225127599923e-14 -1.744859048503699887e-14 -1.743334079816899946e-14 -1.743064247915499973e-14 -1.743371889959499942e-14 -1.745771201828600155e-14 -1.747237936143200131e-14 -1.748540986234599926e-14 -1.749158979713700047e-14 -1.749188428272899939e-14 -1.748909902458399925e-14 -1.747543869327500108e-14 -1.745639402587699926e-14 -1.743046692455699935e-14
-1.744484353376699999e-14 -1.744545463431700054e-14 -1.747120200118399977e-14 -1.746425463428799988e-14 -1.744979536026700074e-14 -1.743373768107600035e-14 -1.743056644020900101e-14 -1.743323024328199923e-14 -1.745735163582999849e-14 -1.747238418698400033e-14 -1.748575374339000107e-14 -1.749196434795799998e-14 -1.749215746143199977e-14 -1.748898041524699982e-14 -1.747410428316300062e-14 -1.745353524104699994e-14 -1.742560315951499965e-14
-1.744320149176699996e-14 -1.744384394844199966e-14 -1.747166674618099968e-14 -1.746465410932100095e-14 -1.744988897420799886e-14 -1.743337575429899933e-14 -1.743007824715299916e-14 -1.743275160650200105e-14 -1.745736780389500024e-14 -1.747269557293299995e-14 -1.748626046660799848e-14 -1.749243259399399849e-14 -1.749254154197200058e-14 -1.748909684046299974e-14 -1.747350702077200133e-14 -1.745213415096799849e-14 -1.742323503027800050e-14
-1.744560417183700004e-14 -1.744621496063900005e-14 -1.747135947804100127e-14 -1.746423337256799979e-14 -1.744954330313800126e-14 -1.743334482059400133e-14 -1.743018777150499884e-14 -1.743294642863999991e-14 -1.745741133482400076e-14 -1.747261780203100042e-14 -1.748613840668500066e-14 -1.749243478855799861e-14 -1.749264379498800093e-14 -1.748947218233399979e-14 -1.747454362827399866e-14 -1.745388568704099861e-14 -1.742583097036499886e-14
-1.744534575897799849e-14 -1.744595159854199959e-14 -1.747141303706400002e-14 -1.746444681282400036e-14 -1.744993333534200052e-14 -1.743372797387499891e-14 -1.743045392651400152e-14 -1.743298564831699848e-14 -1.745697964389800153e-14 -1.747207770140099974e-14 -1.748563433671700084e-14 -1.749212363115700106e-14 -1.749244201955699972e-14 -1.748952056792100062e-14 -1.747507394719399993e-14 -1.745483217473300143e-14 -1.742716504162700081e-14
-1.744453427213199945e-14 -1.744515121293900037e-14 -1.747137738861800089e-14 -1.746441716915999923e-14 -1.744986266442399845e-14 -1.743361160342899949e-14 -1.743035193011499952e-14 -1.743294776486299992e-14 -1.745714244657099900e-14 -1.747229948195599919e-14 -1.748583589603400033e-14 -1.749219946465600047e-14 -1.749244190113800006e-14 -1.748933749210199953e-14 -1.747450597144200142e-14 -1.745389401783099871e-14 -1.742583295941299959e-14
-1.744288009780399892e-14 -1.744352954887599918e-14 -1.747163824562399959e-14 -1.746457812208599892e-14 -1.744973504239599888e-14 -1.743320061897300018e-14 -1.742995082870200097e-14 -1.743273902098700100e-14 -1.745765230336100063e-14 -1.747307669927400039e-14 -1.748665781814200108e-14 -1.749273827887599849e-14 -1.749278476951500059e-14 -1.748918413535000100e-14 -1.747325773117999932e-14 -1.745155760756600080e-14 -1.742230801304200153e-14
-1.744815440783000155e-14 -1.744873618372599941e-14 -1.747108624417699991e-14 -1.746381690455399896e-14 -1.744921531659799951e-14 -1.743345230053600071e-14 -1.743051369705800028e-14 -1.743342947850500037e-14 -1.745764071654999975e-14 -1.747252048215200080e-14 -1.748567109035400114e-14 -1.749172488994500069e-14 -1.749189181239399879e-14 -1.748873563796500103e-14 -1.747412647735699930e-14 -1.745401803008299914e-14 -1.742679886966400057e-14
-1.744721273799800125e-14 -1.744784550719200122e-14 -1.747175173779899963e-14 -1.746395204916000093e-14 -1.744846663257700103e-14 -1.743208380661600124e-14 -1.742923671770000009e-14 -1.743265712476199916e-14 -1.745844169714199978e-14 -1.747383727323500070e-14 -1.748702154230999894e-14 -1.749246914697099992e-14 -1.749224298938399891e-14 -1.748812538871800132e-14 -1.747149642310600005e-14 -1.744948649054100092e-14 -1.742032090213800127e-14
-1.745113677051199873e-14 -1.745172577702800052e-14 -1.747143344428699927e-14 -1.746337615860800138e-14 -1.744791930346100086e-14 -1.743203080123200040e-14 -1.742945287541600059e-14 -1.743308832590700047e-14 -1.745870053430600137e-14 -1.747382184825700086e-14 -1.748673822471099860e-14 -1.749210365512299971e-14 -1.749191398779499883e-14 -1.748798592312800029e-14 -1.747201653109300001e-14 -1.745087028564399868e-14 -1.742286620417500033e-14
-1.744620026045299876e-14 -1.744679365503899949e-14 -1.747095666409199981e-14 -1.746392769349899904e-14 -1.744949896826900038e-14 -1.743363934445199878e-14 -1.743057087406400095e-14 -1.743331767634499943e-14 -1.745740060837799935e-14 -1.747236012074300103e-14 -1.748567411082699844e-14 -1.749190377609300013e-14 -1.749212984210099981e-14 -1.748905873035299995e-14 -1.747447579565899850e-14 -1.745425190251899895e-14 -1.742675402628400157e-14
-1.743977806386199943e-14 -1.744046125815799871e-14 -1.747194098000699985e-14 -1.746512716179399945e-14 -1.745032956811400060e-14 -1.743346268389600040e-14 -1.743000370631399905e-14 -1.743259545417300096e-14 -1.745750406470199935e-14 -1.747305636612699967e-14 -1.748675785287100067e-14 -1.749283615268500048e-14 -1.749283566596400032e-14 -1.748906361682700066e-14 -1.747261777942699897e-14 -1.745027032823800127e-14 -1.742016962145300062e-14
-1.745164185395799933e-14 -1.745219471696399942e-14 -1.747068665116300000e-14 -1.746298627349399992e-14 -1.744815979520999945e-14 -1.743279341446400135e-14 -1.743022291340000049e-14 -1.743360727209600046e-14 -1.745828457878100019e-14 -1.747307352678300068e-14 -1.748594507511699929e-14 -1.749166494702899977e-14 -1.749171319245299988e-14 -1.748837544984399845e-14 -1.747366580882599962e-14 -1.745372053138500136e-14 -1.742695910534199846e-14
-1.745304601716499937e-14 -1.745357459206099939e-14 -1.747049566438100154e-14 -1.746283563670700071e-14 -1.744820214267999973e-14 -1.743308665414599975e-14 -1.743055439075500063e-14 -1.743386514621699969e-14 -1.745812127560900096e-14 -1.747272716758700066e-14 -1.748554416242900112e-14 -1.749141968700399917e-14 -1.749158582058999999e-14 -1.748855720821900061e-14 -1.747455549039600081e-14 -1.745533507572799896e-14 -1.742938591862799866e-14
-1.743839963250400109e-14 -1.743908916875400139e-14 -1.747191035980900128e-14 -1.746532480947899947e-14 -1.745072732592099980e-14 -1.743381491311999920e-14 -1.743022622257600154e-14 -1.743260355158199848e-14 -1.745714820462699857e-14 -1.747263850762100075e-14 -1.748637648390399907e-14 -1.749257201515600021e-14 -1.749262976945699988e-14 -1.748897717030400112e-14 -1.747271640171900080e-14 -1.745047797299199942e-14 -1.742041320822900058e-14
-1.744658676736799868e-14 -1.744720179194099981e-14 -1.747132469484099958e-14 -1.746389859906499857e-14 -1.744892100690600012e-14 -1.743279496927199943e-14 -1.742985198520300098e-14 -1.743297153580200044e-14 -1.745800493187000107e-14 -1.747322131236200035e-14 -1.748648913371600112e-14 -1.749231504835599920e-14 -1.749230190510300110e-14 -1.748867096577199987e-14 -1.747297776546899969e-14 -1.745176983835699917e-14 -1.742333463940499911e-14
-1.745227868570400147e-14 -1.745281804443100156e-14 -1.747084010095599893e-14 -1.746322845776099962e-14 -1.744851539693800151e-14 -1.743309879731700067e-14 -1.743038924349000008e-14 -1.743351401163600091e-14 -1.745768241113999993e-14 -1.747239515223500049e-14 -1.748540259801700013e-14 -1.749148143045200125e-14 -1.749171933096599912e-14 -1.748880581207499946e-14 -1.747490427070899904e-14 -1.745566219500900064e-14 -1.742957225895699900e-14
