5.875554937308919034e+04
5.883345029684663314e+04
5.890314720728259272e+04
5.893717625949387002e+04
5.897704512639019231e+04
5.899999728998146020e+04
5.902591802188688598e+04
5.908469273203890771e+04
5.911161264182255400e+04
5.913968024141369096e+04
5.916955003687823773e+04
5.919534142898970458e+04
5.922528682091655355e+04
5.925236988236937759e+04
5.927513379010848439e+04
5.931104461944125796e+04
5.933796948959079600e+04
5.936888325559810619e+04
5.939980180530315556e+04
5.942874919853544270e+04
