5.875554937308919034e+04 -2.804935153837602671e-15 3.258142439707899653e-17
5.883345029684663314e+04 -2.832021476176126871e-15 3.131500755148179333e-18
5.890314720728259272e+04 -2.824572206530806735e-15 3.399211486069892921e-18
5.893717625949387002e+04 -2.817118076777013577e-15 1.736357069305083301e-18
5.897704512639019231e+04 -2.811897854245146680e-15 2.576101928011767295e-18
5.899999728998146020e+04 -2.811749628253636740e-15 2.214188251452094642e-18
5.902591802188688598e+04 -2.814002534758716152e-15 1.403653704918907435e-18
5.908469273203890771e+04 -2.823582942258162742e-15 2.426267301760472497e-18
5.911161264182255400e+04 -2.826905331166293447e-15 2.114465081962805150e-18
5.913968024141369096e+04 -2.828005968547077476e-15 1.126853561740365651e-18
5.916955003687823773e+04 -2.826220229224729944e-15 1.687420835422518848e-18
5.919534142898970458e+04 -2.822755773836699670e-15 2.605266789876461902e-18
5.922528682091655355e+04 -2.817832002257333281e-15 2.440684665156358903e-18
5.925236988236937759e+04 -2.813945296144940451e-15 1.354981853721331522e-18
5.927513379010848439e+04 -2.811913638267393344e-15 2.095824485232129838e-18
5.931104461944125796e+04 -2.811680345017500388e-15 4.335186748200382335e-18
5.933796948959079600e+04 -2.813476073660086651e-15 3.801145999661314068e-18
5.936888325559810619e+04 -2.816130191225225856e-15 4.894055613874993093e-18
5.939980180530315556e+04 -2.817375386429729613e-15 1.716159393365063131e-17
5.942874919853544270e+04 -2.815632133522483611e-15 3.448877136258977822e-17
