-2.754202016339599904e-15 -2.834756802175600005e-15 -2.831005868882400028e-15 -2.818488445745799804e-15 -2.809093491409599990e-15 -2.808485935497999950e-15 -2.811734108338700039e-15 -2.824973637059700013e-15 -2.828514357198500013e-15 -2.828406384830200060e-15 -2.824465954282199942e-15 -2.819494213654600111e-15 -2.814489915878100126e-15 -2.812606888512500143e-15 -2.813486533845299842e-15 -2.817895376300000114e-15 -2.820492168693200051e-15 -2.817900077206800006e-15 -2.805063910033700093e-15 -2.782167604955500003e-15
-2.810230153659899939e-15 -2.831537922739800143e-15 -2.825098596937800083e-15 -2.818233754394799874e-15 -2.812812565594900102e-15 -2.812144057782700174e-15 -2.813662270144399840e-15 -2.822275797541199984e-15 -2.825862157733700178e-15 -2.827664325019900092e-15 -2.826805356888799962e-15 -2.823973769493300170e-15 -2.819268738533700046e-15 -2.814985581890599843e-15 -2.812263838428599890e-15 -2.810791737478599927e-15 -2.812126981071999999e-15 -2.815431790529599945e-15 -2.819012859095899834e-15 -2.820935984136900159e-15
-2.833876713353900131e-15 -2.831580665040199988e-15 -2.819557080483799854e-15 -2.814789987831300017e-15 -2.812946499556600142e-15 -2.813960194861300148e-15 -2.816587296729499806e-15 -2.824439334311000130e-15 -2.826748523586600185e-15 -2.827191588867199886e-15 -2.825262307831099969e-15 -2.821997454988199990e-15 -2.817384451512399815e-15 -2.813654968395900030e-15 -2.811682528734000031e-15 -2.811914211523200086e-15 -2.815076754876199891e-15 -2.821323892872599860e-15 -2.828974656261500060e-15 -2.835700047768799916e-15
-2.813514093945200170e-15 -2.828941280703599970e-15 -2.820706103826800093e-15 -2.815439837939400140e-15 -2.812842680991899975e-15 -2.813644245500899978e-15 -2.816255354346499916e-15 -2.824401902840299957e-15 -2.826759474507299864e-15 -2.827192917791900191e-15 -2.825325687487299820e-15 -2.822297062000600032e-15 -2.818200213486899980e-15 -2.814989859888300096e-15 -2.813217089652700158e-15 -2.812521175282100190e-15 -2.813316350007399904e-15 -2.814547274710400137e-15 -2.814775195505799896e-15 -2.813127685887799881e-15
-2.795749211567800174e-15 -2.833385357345799904e-15 -2.825551888808199975e-15 -2.817091883756899816e-15 -2.811463287380399943e-15 -2.811518026987800048e-15 -2.814205262953700031e-15 -2.824300940569100024e-15 -2.827264180179400135e-15 -2.827665716562100034e-15 -2.825100424165899910e-15 -2.821256904757600182e-15 -2.816514238139700041e-15 -2.813385980049099966e-15 -2.812243407007000092e-15 -2.813115606671099914e-15 -2.814732517255899837e-15 -2.815326216152499973e-15 -2.812181789594499804e-15 -2.804534279590999933e-15
-2.761749964842600128e-15 -2.838244390080999987e-15 -2.827101271965999834e-15 -2.814137792250000131e-15 -2.806928920090600117e-15 -2.808222841233600159e-15 -2.813488762008499932e-15 -2.828433931800600036e-15 -2.831177293021099900e-15 -2.829643403195300172e-15 -2.824200509833000046e-15 -2.818439973767800159e-15 -2.813388162350800058e-15 -2.812118406583599928e-15 -2.813637954949600145e-15 -2.818244477034100130e-15 -2.819534314482599835e-15 -2.813394660180100195e-15 -2.795083789705000100e-15 -2.766329975226200079e-15
-2.771404482748600059e-15 -2.835098901592199834e-15 -2.829072721418199878e-15 -2.817810670737899905e-15 -2.809626363844400150e-15 -2.809217768672900017e-15 -2.812270546908100052e-15 -2.824662580288200037e-15 -2.828244527082900008e-15 -2.828607691071299978e-15 -2.825416945035100194e-15 -2.820950732195200004e-15 -2.815938197054800124e-15 -2.813281501375799804e-15 -2.813004435050299887e-15 -2.815298956970399812e-15 -2.816938422336099813e-15 -2.815043319819000084e-15 -2.805703495870799864e-15 -2.788823430031300027e-15
-2.822065546129400065e-15 -2.831671336988599891e-15 -2.822556109663999850e-15 -2.816328127468900040e-15 -2.812056147649899829e-15 -2.811970886005699889e-15 -2.813994044121400111e-15 -2.823296968652200080e-15 -2.827101017803600161e-15 -2.829055539622699936e-15 -2.828161951591499890e-15 -2.825016830504000156e-15 -2.819525046697999816e-15 -2.814179244442000071e-15 -2.810449943197400129e-15 -2.807711175130200119e-15 -2.808902051312899995e-15 -2.813493301681900050e-15 -2.820257493812800089e-15 -2.826781553401899812e-15
-2.822651907806899902e-15 -2.828517819187100192e-15 -2.824528406535399875e-15 -2.819448270625199884e-15 -2.814150060557199844e-15 -2.812615995005299832e-15 -2.812788240982099897e-15 -2.819729591964300181e-15 -2.824009253510700076e-15 -2.827364571721799979e-15 -2.828394389261099818e-15 -2.826681493568399821e-15 -2.822009896555000148e-15 -2.816417025947000165e-15 -2.811879287675400046e-15 -2.807560101959400120e-15 -2.808223090482800170e-15 -2.813895194217800145e-15 -2.824071242712599916e-15 -2.835686403048399921e-15
-2.815420455274300170e-15 -2.834944691824099850e-15 -2.821663039756899916e-15 -2.814637758085300010e-15 -2.811575359749200086e-15 -2.812698995105799967e-15 -2.815861213831299950e-15 -2.824577965659599941e-15 -2.826641903148800001e-15 -2.826598592401399956e-15 -2.824382235290200180e-15 -2.821426461421799924e-15 -2.817924360929700037e-15 -2.815518131383400112e-15 -2.814296701240399956e-15 -2.813388110298800092e-15 -2.812529029170499886e-15 -2.809925271993400182e-15 -2.804550240539500141e-15 -2.796996462472199888e-15
-2.747900275353200136e-15 -2.834103641572399936e-15 -2.831821660823600002e-15 -2.818908141570300035e-15 -2.808808921731200002e-15 -2.807912846822100058e-15 -2.811063637932299822e-15 -2.825048605720399886e-15 -2.829195043632500161e-15 -2.829673595405699953e-15 -2.826107893139399837e-15 -2.821123632235099831e-15 -2.815630385538199850e-15 -2.812863518933799931e-15 -2.812719360659399951e-15 -2.815155983609600023e-15 -2.816157134967099880e-15 -2.811825276610699983e-15 -2.797564971289499978e-15 -2.773809239133200172e-15
-2.816122119342499924e-15 -2.831245491716200060e-15 -2.824565484033600118e-15 -2.817918075721800032e-15 -2.812455457913899914e-15 -2.811666218797800121e-15 -2.813090167644399896e-15 -2.822162949471499827e-15 -2.826267890256099805e-15 -2.828609721440000183e-15 -2.828055920320300002e-15 -2.825086473086599892e-15 -2.819702292584500045e-15 -2.814480642875299998e-15 -2.810978265053099894e-15 -2.808975841289100187e-15 -2.811028304111099851e-15 -2.816757025964599969e-15 -2.824451532583999974e-15 -2.831238946437299860e-15
-2.802009790031699967e-15 -2.830545201681899857e-15 -2.826953050025199923e-15 -2.819797116357000022e-15 -2.813305149726600176e-15 -2.811953547806599882e-15 -2.812828067826399825e-15 -2.820867488927299921e-15 -2.824577292754499872e-15 -2.826663296216299923e-15 -2.826185641623700050e-15 -2.823696799060300109e-15 -2.819379738253299963e-15 -2.815433065949100167e-15 -2.812974938748300134e-15 -2.811817284632300197e-15 -2.813201955525099820e-15 -2.816196945268099945e-15 -2.818905159829200146e-15 -2.819413622258599820e-15
-2.829492794054000016e-15 -2.828868155521000119e-15 -2.822207797406700004e-15 -2.818045623335500046e-15 -2.814789634198199998e-15 -2.814376702632900177e-15 -2.815376525161200019e-15 -2.821620674118999906e-15 -2.824565061014100184e-15 -2.826315571674900157e-15 -2.825914857733999923e-15 -2.823557160295899942e-15 -2.819054739992700137e-15 -2.814439216414499959e-15 -2.811161257465699814e-15 -2.809085634298899923e-15 -2.811145054191300069e-15 -2.817666888898399979e-15 -2.827704305244500132e-15 -2.838419117256000039e-15
-2.785019462628799825e-15 -2.833672510384699947e-15 -2.826647805710900041e-15 -2.816907257798900141e-15 -2.810078667782999848e-15 -2.809922635926799970e-15 -2.812835577580899831e-15 -2.824461148728999870e-15 -2.828069887928599807e-15 -2.828855103376899828e-15 -2.826363680388100009e-15 -2.822417454235500187e-15 -2.817557315613099998e-15 -2.814455639529599855e-15 -2.813438487881200165e-15 -2.814453284422999927e-15 -2.815759313124500108e-15 -2.815040765532199828e-15 -2.809170697787900036e-15 -2.797644034627000040e-15
-2.818942259824000001e-15 -2.830691102395599832e-15 -2.822686716666500138e-15 -2.816647158725100043e-15 -2.812563513253599858e-15 -2.812606664203199970e-15 -2.814757476510800047e-15 -2.823879427266500082e-15 -2.827223969401599988e-15 -2.828462200589299816e-15 -2.826708231853100193e-15 -2.822961814846400195e-15 -2.817244283619300163e-15 -2.812365262967899877e-15 -2.809605554105600081e-15 -2.809367284400200091e-15 -2.812897509598000099e-15 -2.820068060342399991e-15 -2.828573955501100034e-15 -2.835363181730699893e-15
-2.757420723496399969e-15 -2.837229302994999848e-15 -2.827028314885199849e-15 -2.814304983899099924e-15 -2.807420807304799942e-15 -2.808895498498600057e-15 -2.814293743747099890e-15 -2.828970094005299921e-15 -2.831316053635300162e-15 -2.829297658902100144e-15 -2.823431258798999877e-15 -2.817520626217200113e-15 -2.812647284608800085e-15 -2.811854923433000019e-15 -2.813920038633599995e-15 -2.819328058788999859e-15 -2.820850894565100106e-15 -2.814256856861400012e-15 -2.794549973817099942e-15 -2.763711820858199969e-15
-2.821383316327300184e-15 -2.830938879312800005e-15 -2.822592963253199894e-15 -2.816445100420299900e-15 -2.812132767310600115e-15 -2.812040068844899989e-15 -2.814104035687499947e-15 -2.823555429927800006e-15 -2.827298263790499850e-15 -2.829013538126000124e-15 -2.827688773972499823e-15 -2.824131536694999907e-15 -2.818341239507300092e-15 -2.813137783636400083e-15 -2.809987823361799900e-15 -2.809173694689100032e-15 -2.812547231952000045e-15 -2.820066808909699834e-15 -2.829586160275199841e-15 -2.837834299236500007e-15
-2.786427081894699860e-15 -2.831353520746300188e-15 -2.824664051757399960e-15 -2.816381489752299994e-15 -2.811077336909000005e-15 -2.811313043050300064e-15 -2.814105803553600114e-15 -2.823924369788500026e-15 -2.826715326458899994e-15 -2.827167234966999829e-15 -2.825097794882900005e-15 -2.822065813873399822e-15 -2.818485913301900103e-15 -2.816187160650100106e-15 -2.815173512640900130e-15 -2.814371156975699972e-15 -2.812767660608600051e-15 -2.807544448409500071e-15 -2.796968168123300008e-15 -2.782110013608899958e-15
-2.896586464537799931e-15 -2.823025339744000134e-15 -2.817574814889100030e-15 -2.819971927214999934e-15 -2.819365811645600001e-15 -2.817470126645699911e-15 -2.815271395108399976e-15 -2.816721305234499855e-15 -2.821244968113699823e-15 -2.826831983230399866e-15 -2.830929013893900074e-15 -2.830748375179200004e-15 -2.825013389657700146e-15 -2.815704017340600050e-15 -2.807080058694599914e-15 -2.798998065869999862e-15 -2.803546374668100018e-15 -2.825461232895699867e-15 -2.866457526346100112e-15 -2.918008757204600075e-15
-2.876711592474800103e-15 -2.825969606023900157e-15 -2.819802660040200057e-15 -2.819614340608799938e-15 -2.817631301916699834e-15 -2.816066699659400061e-15 -2.814930091394600129e-15 -2.818541428893299918e-15 -2.822789573818900038e-15 -2.827114073497100027e-15 -2.829330953958599862e-15 -2.827786398143600060e-15 -2.821566369603700023e-15 -2.813188377934300035e-15 -2.806216011125900149e-15 -2.801159899976099844e-15 -2.806841166147999946e-15 -2.827041502332300012e-15 -2.861856706482199951e-15 -2.903528406204900191e-15
-2.786372663874300091e-15 -2.833811017071799996e-15 -2.827875054134800054e-15 -2.817962052143199954e-15 -2.810256702121899989e-15 -2.809490384286099964e-15 -2.811856720199600050e-15 -2.823529776816300161e-15 -2.827735407662200168e-15 -2.829248236978199962e-15 -2.827298657339700166e-15 -2.823383555543000067e-15 -2.817932183393099821e-15 -2.813823961534400048e-15 -2.811835814480499907e-15 -2.811744213485399921e-15 -2.813112386061400155e-15 -2.813863762094000159e-15 -2.811024429785300127e-15 -2.803367539636300101e-15
-2.827243765327700194e-15 -2.830757761277200003e-15 -2.821733676457700104e-15 -2.816974790359799877e-15 -2.814287540761699903e-15 -2.814630607446800042e-15 -2.816522330847299953e-15 -2.823362775242499868e-15 -2.825601402647700149e-15 -2.826180464160999903e-15 -2.824532200011999921e-15 -2.821540508601000148e-15 -2.817204107699400129e-15 -2.813647558940999911e-15 -2.811751914164300118e-15 -2.811970625954100150e-15 -2.815006768773999862e-15 -2.820959199489699820e-15 -2.828116086685999879e-15 -2.834172399271100041e-15
-2.799727749121499892e-15 -2.834608310088400181e-15 -2.825563939867200184e-15 -2.816702333515399837e-15 -2.810904211981200115e-15 -2.811060929269699984e-15 -2.814030780007300071e-15 -2.824997031264400158e-15 -2.828155798378599903e-15 -2.828443571827899988e-15 -2.825379761079600142e-15 -2.820902725624400019e-15 -2.815471707951899819e-15 -2.812105592406700098e-15 -2.811290487626700019e-15 -2.814001294826500038e-15 -2.818108077818900082e-15 -2.822442327629699916e-15 -2.823308909770000028e-15 -2.818806887353700137e-15
-2.818886058971199810e-15 -2.831905565474599931e-15 -2.823348333369000022e-15 -2.816482427958199918e-15 -2.811607369125100034e-15 -2.811490419890400181e-15 -2.813798688887099812e-15 -2.824274453889599809e-15 -2.828299419295999952e-15 -2.829966302055199978e-15 -2.828179629172700077e-15 -2.823984183910199924e-15 -2.817413295856999910e-15 -2.811722624917200156e-15 -2.808480169252500059e-15 -2.808256331089300031e-15 -2.812599524413500135e-15 -2.821496004997699804e-15 -2.832215098311499827e-15 -2.840980714228100134e-15
-2.822810272279199963e-15 -2.831208887523799847e-15 -2.821295454852600099e-15 -2.815556067039200174e-15 -2.812346874356000191e-15 -2.812871206666499892e-15 -2.815372708001099965e-15 -2.824382226255399899e-15 -2.827469356717400174e-15 -2.828543310144400005e-15 -2.826877504445799922e-15 -2.823434518112900140e-15 -2.818182724186300108e-15 -2.813579144115400187e-15 -2.810736740382800068e-15 -2.809454680877899904e-15 -2.811383322056999908e-15 -2.816052324023800062e-15 -2.821884767446000048e-15 -2.826710570787199989e-15
-2.784326458888899937e-15 -2.829040867747100184e-15 -2.827558762645099885e-15 -2.819360215817299819e-15 -2.812275844320799807e-15 -2.811239066896599970e-15 -2.812953692329700126e-15 -2.822978165275599903e-15 -2.826743588697699905e-15 -2.828072668264799991e-15 -2.826149364362000162e-15 -2.822353126617300173e-15 -2.817111145351399991e-15 -2.813327709475300134e-15 -2.811832379671800083e-15 -2.813244163671000091e-15 -2.816527886034499985e-15 -2.820340131372100056e-15 -2.821157682642500126e-15 -2.816822878615600151e-15
-2.811712345942400117e-15 -2.833619067163900144e-15 -2.823375003433800144e-15 -2.816514415219200070e-15 -2.812476606778300067e-15 -2.812729987324399814e-15 -2.814932164582000132e-15 -2.822734949037900027e-15 -2.825196568393999954e-15 -2.825982513021400142e-15 -2.824809089867399986e-15 -2.822600838799500036e-15 -2.819510301165999804e-15 -2.816937615177700002e-15 -2.815211975532899882e-15 -2.813125855723599996e-15 -2.811424386621099927e-15 -2.808303258062199969e-15 -2.803159991643099820e-15 -2.796525701986599945e-15
-2.792139899694800035e-15 -2.834955899961999948e-15 -2.823251361437900184e-15 -2.813904896548599961e-15 -2.809097338269599995e-15 -2.810274147868399868e-15 -2.814379769665899886e-15 -2.826438397675499981e-15 -2.829341535561799974e-15 -2.829220133562100063e-15 -2.825976474067099862e-15 -2.821745536708700098e-15 -2.816923112806499933e-15 -2.813894618495600062e-15 -2.812645941275500126e-15 -2.812116413183700110e-15 -2.811034141422099954e-15 -2.806426392955199945e-15 -2.796205869242800112e-15 -2.781334866074899983e-15
-2.765954975394700047e-15 -2.834414989203200127e-15 -2.829778201954999993e-15 -2.818737360469900191e-15 -2.810558393121900025e-15 -2.809999098417900080e-15 -2.812725565730100098e-15 -2.823944919518399819e-15 -2.827030839056099878e-15 -2.827127147887800048e-15 -2.824074414163899884e-15 -2.820097240964299938e-15 -2.815945315888800105e-15 -2.814072861152100062e-15 -2.814206697484000157e-15 -2.816169654112599943e-15 -2.816471437451600157e-15 -2.811815524743299948e-15 -2.798724926952499912e-15 -2.778077582645099932e-15
