5.876579575468134135e+04 -1.924754157814390267e-15 9.605831185106998766e-19
5.888216046396411548e+04 -1.957625639925155064e-15 1.993970194694974555e-19
5.890318509375936992e+04 -1.962435781256139867e-15 1.273867434311398438e-19
5.893720806118629116e+04 -1.968408086624500395e-15 1.917982516111344314e-19
5.897696330958335602e+04 -1.971950197635880492e-15 2.966605655571247258e-19
5.899991767092468217e+04 -1.972135993652639444e-15 3.216391394601947953e-19
5.902591716913729761e+04 -1.970678220578585526e-15 3.122484373973524664e-19
5.908467772645825607e+04 -1.961409147870685159e-15 1.621128300421105429e-19
5.911161451347520051e+04 -1.954928136819969889e-15 1.179022647488121983e-19
5.913967794450094516e+04 -1.947211879206120360e-15 2.343940810979016292e-19
5.916954348355060210e+04 -1.938463818352670336e-15 4.294896490941047846e-19
5.919543198786505673e+04 -1.930918595199749919e-15 6.122818398017096301e-19
5.922528765176521847e+04 -1.922844870867425350e-15 8.184501057981881226e-19
5.925236673061868350e+04 -1.916608824271080308e-15 9.870098116428494241e-19
5.927513402374244470e+04 -1.912493495624544929e-15 1.106243989975336104e-18
