-1.922836706482100138e-15 -1.957410253563100060e-15 -1.962486454792000170e-15 -1.968803606560699874e-15 -1.972579288846800064e-15 -1.972805531685000010e-15 -1.971306830870300004e-15 -1.961625192684899890e-15 -1.954830516739400195e-15 -1.946729368617999803e-15 -1.937533559083399933e-15 -1.929592997268700181e-15 -1.921085259554599951e-15 -1.914502545435400125e-15 -1.910148015735599827e-15
-1.924948025343900176e-15 -1.957583992066000108e-15 -1.962357674770799842e-15 -1.968282530261000197e-15 -1.971791914524899930e-15 -1.971971491140999836e-15 -1.970518377049499894e-15 -1.961303547936099951e-15 -1.954864799813200007e-15 -1.947201091416699886e-15 -1.938515111687899928e-15 -1.931025718873500045e-15 -1.923014836265500111e-15 -1.916830906591899873e-15 -1.912753492070200113e-15
-1.925589339526199804e-15 -1.957732102997699819e-15 -1.962430357334000153e-15 -1.968259707100399956e-15 -1.971709242236200164e-15 -1.971882741699500148e-15 -1.970448576922200171e-15 -1.961369990550899988e-15 -1.955028894306900044e-15 -1.947482262738199934e-15 -1.938929496446199987e-15 -1.931555057234100110e-15 -1.923666796539199901e-15 -1.917576727903199913e-15 -1.913560136908700091e-15
-1.924433281403999843e-15 -1.957686592230399970e-15 -1.962543519406600184e-15 -1.968565650940100087e-15 -1.972120323026999837e-15 -1.972290059859299889e-15 -1.970794203433300011e-15 -1.961372550796699908e-15 -1.954799251342400135e-15 -1.946979370215699865e-15 -1.938119825537800063e-15 -1.930483081135900146e-15 -1.922316776937900154e-15 -1.916014622978600041e-15 -1.911860475305800138e-15
-1.925050985342400158e-15 -1.957499683190700197e-15 -1.962262296643699810e-15 -1.968187963066799826e-15 -1.971727385042599940e-15 -1.971937403459599914e-15 -1.970528555616600069e-15 -1.961439551030200140e-15 -1.955063159178199896e-15 -1.947462092945300063e-15 -1.938835577698700033e-15 -1.931388159374600096e-15 -1.923410957855400036e-15 -1.917241269256000173e-15 -1.913162460916800005e-15
-1.924531128418400080e-15 -1.957522179965200099e-15 -1.962358629725900074e-15 -1.968370305417800081e-15 -1.971948583780999950e-15 -1.972148436312299890e-15 -1.970699380675800145e-15 -1.961419365125499828e-15 -1.954919412141199959e-15 -1.947175315760700025e-15 -1.938390349005600069e-15 -1.930808964853299975e-15 -1.922691351685099824e-15 -1.916416029547600117e-15 -1.912269929502299986e-15
-1.923583611376900041e-15 -1.957241800466499898e-15 -1.962210126181999959e-15 -1.968415692144499963e-15 -1.972170047139400092e-15 -1.972438758604600102e-15 -1.971034213364399892e-15 -1.961715980639599931e-15 -1.955136627471400114e-15 -1.947274346618799961e-15 -1.938332040411000191e-15 -1.930596322337000161e-15 -1.922291349523599875e-15 -1.915848268615400092e-15 -1.911570511337299810e-15
-1.925763784929899914e-15 -1.957632861405500162e-15 -1.962289005956199961e-15 -1.968062748950300041e-15 -1.971471688763799896e-15 -1.971635289416100034e-15 -1.970202411339800086e-15 -1.961173671110100060e-15 -1.954874355254900046e-15 -1.947380811660900048e-15 -1.938891871520900056e-15 -1.931575749827400092e-15 -1.923754310412200101e-15 -1.917720977493499935e-15 -1.913746905888599894e-15
-1.923945112101400148e-15 -1.957316159511900128e-15 -1.962228767448099818e-15 -1.968353133875700009e-15 -1.972035119986499912e-15 -1.972276502904800040e-15 -1.970855676992299998e-15 -1.961561273550799838e-15 -1.955019825848299993e-15 -1.947212498598500136e-15 -1.938342460309899873e-15 -1.930677258872000049e-15 -1.922457792615699948e-15 -1.916091445440699982e-15 -1.911874230087300151e-15
-1.925632013687599847e-15 -1.957849065773800193e-15 -1.962535185227700180e-15 -1.968328359894500185e-15 -1.971713107923900006e-15 -1.971840667399099945e-15 -1.970349541617499967e-15 -1.961137524574100116e-15 -1.954740473376300024e-15 -1.947143936311700168e-15 -1.938551109447700053e-15 -1.931155343967699831e-15 -1.923260135518999865e-15 -1.917181288299599954e-15 -1.913187288975600146e-15
-1.926281126394599988e-15 -1.957864050020899970e-15 -1.962471160999999828e-15 -1.968180426298799811e-15 -1.971545593746600072e-15 -1.971702234881300162e-15 -1.970278688160999943e-15 -1.961335583099300039e-15 -1.955100828859599805e-15 -1.947686273257600105e-15 -1.939288788493899881e-15 -1.932052784556200068e-15 -1.924318073144599969e-15 -1.918352219516100194e-15 -1.914422674317199833e-15
-1.925715060597100024e-15 -1.957821434370700085e-15 -1.962513677930300098e-15 -1.968335711363699839e-15 -1.971781589984100089e-15 -1.971955689204699807e-15 -1.970524624530699819e-15 -1.961461326621400136e-15 -1.955129981833899936e-15 -1.947594289653900074e-15 -1.939052970678599924e-15 -1.931687351451000104e-15 -1.923806876250100152e-15 -1.917720714034000180e-15 -1.913704488529700037e-15
-1.925019294548799960e-15 -1.957719380065900160e-15 -1.962493815880600073e-15 -1.968412955916199850e-15 -1.971906043091000047e-15 -1.972072385093400027e-15 -1.970601810774299896e-15 -1.961342835355700063e-15 -1.954884160124899920e-15 -1.947201518372399984e-15 -1.938498618110800106e-15 -1.930998050273500025e-15 -1.922978986477400127e-15 -1.916792341065800096e-15 -1.912716163506500084e-15
-1.925329421415000094e-15 -1.957770792850599876e-15 -1.962496350516999820e-15 -1.968345141993900185e-15 -1.971777080174600160e-15 -1.971921356648799810e-15 -1.970439060048899809e-15 -1.961207741329499809e-15 -1.954785540813300184e-15 -1.947154320297900017e-15 -1.938517891732500045e-15 -1.931081424832099983e-15 -1.923139329126400099e-15 -1.917021101103100035e-15 -1.912998422957499894e-15
-1.925149205553400006e-15 -1.957747796823199857e-15 -1.962509294745099855e-15 -1.968413986105200088e-15 -1.971901614557600158e-15 -1.972070597595899854e-15 -1.970607902007200042e-15 -1.961382669244000127e-15 -1.954944537297200174e-15 -1.947284696559000074e-15 -1.938605742928099960e-15 -1.931124077540299912e-15 -1.923122866701800022e-15 -1.916947290487799846e-15 -1.912875764187599887e-15
-1.925155182720199860e-15 -1.957818558619099965e-15 -1.962575575785899956e-15 -1.968462246588799816e-15 -1.971913891367100108e-15 -1.972056287425200031e-15 -1.970559954944200145e-15 -1.961254073256800144e-15 -1.954781522121100154e-15 -1.947090681990199949e-15 -1.938386558051200146e-15 -1.930891253374299941e-15 -1.922885219077599977e-15 -1.916716193460599877e-15 -1.912658434639700096e-15
-1.925595614602900015e-15 -1.957979583307900057e-15 -1.962688946508799961e-15 -1.968511624573599989e-15 -1.971916194418199894e-15 -1.972047462374800113e-15 -1.970553641353100154e-15 -1.961310485506799967e-15 -1.954889364150199803e-15 -1.947262960635600094e-15 -1.938634783815000004e-15 -1.931207005209100032e-15 -1.923275229236200058e-15 -1.917165218042999806e-15 -1.913147587194799948e-15
-1.922976818290299907e-15 -1.957479706899799975e-15 -1.962548117679399842e-15 -1.968858438166199832e-15 -1.972636079509399868e-15 -1.972868351138599971e-15 -1.971380459419999894e-15 -1.961735247362900186e-15 -1.954960412699200044e-15 -1.946880032624900138e-15 -1.937704594523099930e-15 -1.929778731245600132e-15 -1.921282848298000068e-15 -1.914704837966700020e-15 -1.910349042077799814e-15
-1.923438630640599825e-15 -1.957455267957500005e-15 -1.962444886097600063e-15 -1.968649764289100043e-15 -1.972349003429400000e-15 -1.972561538432299847e-15 -1.971075222136900090e-15 -1.961524462892100115e-15 -1.954829816011099873e-15 -1.946851592300199855e-15 -1.937798956001200018e-15 -1.929984962061800142e-15 -1.921616396263700061e-15 -1.915145127518800191e-15 -1.910867794599899836e-15
-1.924108812912099988e-15 -1.957381536416699904e-15 -1.962271781491100060e-15 -1.968361738982699948e-15 -1.972010161167500178e-15 -1.972237087776500094e-15 -1.970805280313699840e-15 -1.961509884746300182e-15 -1.954979257016699834e-15 -1.947190123546199926e-15 -1.938346061569899812e-15 -1.930707609706900117e-15 -1.922522025864500004e-15 -1.916187360663800187e-15 -1.911996093752000177e-15
