2.370651833838699994e-14 -4.686146534056399753e-15 -5.402633594604200415e-16 -7.590187882664199593e-16 -1.053729090549100076e-15 -8.399974973694099927e-16 -9.906175004938600280e-16 -1.065074649091000036e-15 -8.300613080771199725e-16 -6.962462167120199704e-16 -8.916544088073099543e-16 -9.385248075793600341e-16 -7.154126787977600393e-16 -7.868761186779900032e-16 -9.498310541613399836e-16 -4.756767016446099904e-16 -1.118432434655699950e-15 -1.274388487616799991e-15 7.333448442362600113e-15
4.380972414602499824e-16 3.205329257656499845e-15 -1.414286430158700082e-15 -5.174844433816500463e-16 -8.932359253958699656e-16 -9.903558187990400779e-16 -1.034103916138299924e-15 -1.198642332216200054e-15 -6.804877826914299616e-16 -7.562372200422899905e-16 -1.027631240581799975e-15 -7.563699784359699609e-16 -7.739435415510999866e-16 -9.983994076392599039e-16 -6.456497385717100371e-16 -6.887320574301400321e-16 -1.125718720370800038e-15 -6.237290844517200239e-16 9.598073321559000540e-16
-5.936277012995399718e-14 3.497833186154199844e-15 -1.443125354216500086e-15 -5.194680732177099806e-16 -9.255426093402600166e-16 -9.044494842026600512e-16 -1.049318174174100096e-15 -9.818880480827000188e-16 -7.646653826664399894e-16 -8.543692225290800349e-16 -8.806551122429999527e-16 -8.472373820632899707e-16 -8.447300288411000406e-16 -7.910100101957700401e-16 -8.476700358183099902e-16 -6.444475613989800255e-16 -9.853067146419800442e-16 -1.687074273212599985e-15 1.214765301647599932e-14
2.049835928174500113e-14 -3.078704590938600190e-15 -7.208862023853800475e-16 -7.154928994987799546e-16 -1.042801033284300023e-15 -8.907635392505599102e-16 -9.805574413556499417e-16 -1.062581827407600001e-15 -7.901064993995200385e-16 -7.771001304810800408e-16 -9.549799639941999746e-16 -8.342234214915100129e-16 -7.199619985743100299e-16 -8.731809312378099799e-16 -8.377075464371399998e-16 -6.002828096680699624e-16 -1.089643666332900034e-15 -8.423949212227899875e-16 2.856252469215199921e-15
2.249520313091800000e-14 1.609348292544100009e-15 -1.205536019744999912e-15 -6.376616086351500348e-16 -7.922570216838899884e-16 -9.248891300171599788e-16 -1.000999768926400084e-15 -1.056246462114999987e-15 -7.164534224517899603e-16 -8.632623258992499834e-16 -1.021569001566599991e-15 -7.014377881785199908e-16 -7.733166541826799734e-16 -1.005984087588500020e-15 -6.062749468437800264e-16 -7.606307330442600493e-16 -1.158458885447399995e-15 -3.348208349035700206e-16 -1.425912354942100076e-15
-3.359878981284600055e-14 8.782041912588599793e-16 -1.196550436716200040e-15 -4.968050926153699971e-16 -1.105026626267200074e-15 -9.612500520237100238e-16 -1.049522441093599941e-15 -1.070717545655100093e-15 -7.316734788745400151e-16 -8.469393282225900173e-16 -9.336079593154600047e-16 -7.739185154581800107e-16 -8.496965047244200415e-16 -9.240673854563399833e-16 -6.844998756154300350e-16 -6.608789519033100425e-16 -1.107984601728100068e-15 -1.047801687586400068e-15 5.603730421902199991e-15
-3.276583050198200207e-14 5.895938359096499869e-16 -1.114857670492899977e-15 -6.091863815984300064e-16 -9.858848692667899470e-16 -9.182260784327399140e-16 -9.790962180979600815e-16 -1.044375681219700060e-15 -8.005990442286599985e-16 -7.700263229328899684e-16 -9.078507542713499017e-16 -8.958200136883300370e-16 -7.778531071259700235e-16 -8.024401385129700309e-16 -8.726273614092000426e-16 -5.711317799366999753e-16 -1.061681554628200037e-15 -1.346710379030700057e-15 8.316279755078399717e-15
1.909833646631900154e-14 -6.520441259930199689e-15 -2.902037352675399871e-16 -8.324644815111699585e-16 -1.122717806815500097e-15 -7.874688174090599871e-16 -9.892230482873399545e-16 -9.412194581879399942e-16 -8.525346539642900427e-16 -7.761334152710800477e-16 -8.573767090989400406e-16 -9.374939928073899520e-16 -7.523411639206699594e-16 -7.583674500090900448e-16 -9.644993370280999698e-16 -4.855814098235700125e-16 -1.055868877962699996e-15 -1.400190961367400059e-15 7.653810960034199728e-15
1.719219744423200136e-14 -8.096974362055000319e-15 -1.955394993123099976e-16 -8.251517616937099878e-16 -1.243162311276700031e-15 -7.385596382200500286e-16 -1.045375245689400047e-15 -8.775573298007000043e-16 -8.506302379135099766e-16 -8.521071597800699916e-16 -8.028105360309399584e-16 -8.922738515078899682e-16 -8.186759476963799831e-16 -7.546107175322399741e-16 -9.542451034878900867e-16 -5.861870407548899969e-16 -9.906945742234499556e-16 -1.425125653691300012e-15 9.136277244210700419e-15
-8.582632144471200347e-14 1.268985837642799934e-14 -2.495769745378700144e-15 -1.222406914821700121e-16 -9.593187224175100080e-16 -1.220825021788300014e-15 -1.103025719657000005e-15 -1.402096938142899948e-15 -4.956054793022699891e-16 -8.480629537072000358e-16 -1.218831956821599905e-15 -5.160644691168000394e-16 -7.580629170865299982e-16 -1.226999127182999971e-15 -4.182908155317400158e-16 -7.995120381131099698e-16 -1.176344891740399925e-15 -1.835548896996799896e-16 -2.737563901631100028e-15
6.640148061492900317e-15 6.131989416476800449e-16 -1.134819120784899965e-15 -5.623672993554800296e-16 -1.116619653373400024e-15 -9.871012230527800631e-16 -1.024055108456499974e-15 -1.238366190654800049e-15 -7.185946236619800473e-16 -7.585322489363899949e-16 -1.003635148212199955e-15 -7.581731136718999928e-16 -7.861337514144099836e-16 -9.758269868517200961e-16 -6.237366089182700202e-16 -7.548824958887500189e-16 -1.127678046315900031e-15 -4.676094434997800471e-16 -5.064962875384299747e-16
6.130476438893599413e-14 -2.672943876601999888e-15 -8.360749552983899809e-16 -6.591800610478100032e-16 -9.056483904729599070e-16 -9.535644452984699075e-16 -9.778429666682999913e-16 -1.153702864121800073e-15 -7.299273927742899802e-16 -7.685440817301499674e-16 -1.028816614925100063e-15 -7.040029898883500067e-16 -7.447514034144099588e-16 -1.093492059400100045e-15 -5.518929262489499731e-16 -6.731097549029800195e-16 -1.312230991108800056e-15 1.246047588462500031e-16 -6.452398373135400229e-15
-2.080025963441000004e-14 -5.920139139344500123e-15 -4.011452372337500176e-16 -7.860615336508300447e-16 -1.171359968844999928e-15 -7.718811737850900293e-16 -9.901106718309200374e-16 -8.646678119049499979e-16 -9.283235802536099181e-16 -8.312309799086300089e-16 -7.048192549851599670e-16 -9.194120757610499157e-16 -8.937299555925099133e-16 -7.616138050727000106e-16 -9.415736422021000591e-16 -5.048748048815399925e-16 -1.071780872912100024e-15 -1.640604709263099997e-15 1.184713719340000073e-14
7.346202392188700439e-14 -4.599908098802000116e-15 -6.098814779913299771e-16 -7.129270570469800270e-16 -9.265273692402300863e-16 -9.352741056835199310e-16 -9.324346348368600160e-16 -1.110322092792200077e-15 -8.014283033209700078e-16 -7.487716337446700007e-16 -9.784806298003199395e-16 -7.819853629290199907e-16 -7.333173377358300054e-16 -9.978094193001400018e-16 -6.414998911419299914e-16 -6.122211268716799910e-16 -1.308565908356999978e-15 -1.314484415777199921e-16 -3.082509863459099943e-15
4.542995669656100204e-14 -4.529598782884299807e-15 -6.112038724177499549e-16 -6.776253803641200225e-16 -9.541284278459500906e-16 -9.575719677689800115e-16 -8.916767641679400032e-16 -1.076273881986400003e-15 -8.491727547547299788e-16 -7.302053216400300299e-16 -9.420976125222300023e-16 -8.517343771914799889e-16 -7.020517023046400050e-16 -8.987001931900899528e-16 -8.176268596340700160e-16 -5.821812993673500099e-16 -1.161682119641699957e-15 -4.956097908531199560e-16 -1.501301398474700071e-16
5.538801239002799910e-14 -3.234776020143300137e-15 -6.888548052319000244e-16 -7.323907875982499743e-16 -9.762580735144200651e-16 -8.798012488979699828e-16 -9.987093120234200745e-16 -1.085786622355800028e-15 -7.674521205700200330e-16 -7.946201417806800002e-16 -9.603606388935399204e-16 -7.488033105242200166e-16 -7.724168174092899866e-16 -1.015848261891000019e-15 -6.730968351201199583e-16 -5.905425838744699798e-16 -1.235987620601599948e-15 -4.813041190271500080e-16 4.113510154677200022e-16
3.966109680408399887e-14 -7.673993971281000418e-15 -1.920903105878099905e-16 -8.843641276754300274e-16 -1.102151450314500016e-15 -7.517274793246200391e-16 -1.002232679877399999e-15 -9.765506314428600703e-16 -8.567202055768799859e-16 -7.544178344792499756e-16 -8.383862880358700373e-16 -9.160412179484900737e-16 -7.964804564770100035e-16 -8.113785006996600210e-16 -8.435018469176000298e-16 -5.794372063523999777e-16 -1.153261200837799971e-15 -8.901540562656400924e-16 3.728719172911600132e-15
1.295125452677500009e-14 3.214072051736699970e-15 -1.476594801616699943e-15 -4.112126856305300036e-16 -9.272015504751899656e-16 -1.108562933773400056e-15 -9.785530996179100233e-16 -1.230603015272900088e-15 -6.683987789100500144e-16 -7.999487282347700388e-16 -1.095045769538600076e-15 -6.585860388762899671e-16 -7.387573460249700139e-16 -1.106577208635600019e-15 -5.453314890789599836e-16 -6.841933457891799698e-16 -1.234439294652899946e-15 -2.107050694935499937e-16 -2.503067554060399916e-15
-1.091565703568400041e-13 1.619419406199200062e-14 -2.882533778402699877e-15 -3.551433572995500252e-17 -8.793785655543799540e-16 -1.288283818733300016e-15 -1.020269088978199984e-15 -1.407857682771800040e-15 -6.043412343783399872e-16 -8.150650125436299837e-16 -1.109031299338999998e-15 -5.949497468537899760e-16 -7.929445986727299729e-16 -1.110204864047800008e-15 -5.746643561102299782e-16 -7.366860016763200323e-16 -1.026697808801500093e-15 -1.077553863508800080e-15 6.202402829518699644e-15
-5.076585269874400077e-14 3.645616761216200322e-15 -1.446270684992099958e-15 -4.651144558730699974e-16 -1.048852489755299902e-15 -1.004778531783900072e-15 -1.054462190450099953e-15 -1.147140144174499970e-15 -6.760695176152699795e-16 -8.207664910119699624e-16 -1.011286524110099961e-15 -7.425575913407900216e-16 -8.003116681629299879e-16 -9.757892972899399035e-16 -6.514739904615999717e-16 -6.662577331875999753e-16 -1.151219849866499911e-15 -7.955749626723100217e-16 3.224742928683499895e-15
