5.878860365442289185e+04 2.994787056668575251e-16 4.808116629352838408e-14
5.890319919514397770e+04 -2.438188839746703366e-16 6.184855295241134409e-15
5.893722247345648066e+04 -1.044824374884548911e-15 6.901531566126990222e-16
5.897702033982743887e+04 -5.980865972936508915e-16 2.151941299227062232e-16
5.899997364790547726e+04 -1.006590097784422651e-15 1.103688095400202342e-16
5.902596485279836634e+04 -9.407666002807357973e-16 1.385735441051557842e-16
5.908473808243298117e+04 -1.004609299541057978e-15 4.507008701184963108e-17
5.911165821468001377e+04 -1.099583560469842756e-15 1.424245430030121031e-16
5.913972599372154946e+04 -7.556622900692856713e-16 9.810844707942648912e-17
5.916959720859122172e+04 -7.931293384793858542e-16 4.574928045494030357e-17
5.919546325738900487e+04 -9.584463711546658506e-16 1.129702463447694298e-16
5.922533143690128054e+04 -7.884805022656310555e-16 1.138224395076846029e-16
5.925241460067317530e+04 -7.772444789854825397e-16 4.721219561918683452e-17
5.927517751191295974e+04 -9.334587985205860409e-16 1.356338106876490664e-16
5.931104190681517503e+04 -7.322847130369236588e-16 1.588630422352980943e-16
5.933796362068616872e+04 -6.328723718254955603e-16 8.850028741107535211e-17
5.936888320432085311e+04 -1.132683931741371380e-15 8.912920433003015927e-17
5.939979806364837714e+04 -8.115875435048941015e-16 5.241880067958415631e-16
5.942873847774792375e+04 3.128176715340135208e-15 5.137277718483643822e-15
