5.855727900889401644e+04 -5.884358011124509303e-14 3.054721851609442428e-15
5.879038456808320188e+04 -5.881840986342173902e-14 4.483055183652801291e-16
5.897700052627096011e+04 -5.857480508304284106e-14 8.521367115210660213e-17
5.899995429031519598e+04 -5.858813661096808904e-14 7.425042330188501988e-17
5.902595770527167770e+04 -5.862210528659504756e-14 4.677174250695070329e-17
5.908473069335755281e+04 -5.875532696603280659e-14 1.604519620648950379e-17
5.911165067162513878e+04 -5.882837487259735704e-14 2.563252215499814995e-17
5.913971832474365510e+04 -5.890098661775356007e-14 1.969723651120459987e-17
5.916958944816871372e+04 -5.896511570339993286e-14 1.794948945968474076e-18
5.919539722629541939e+04 -5.900378682913830124e-14 1.515776026118173443e-17
5.922532380058827403e+04 -5.902537440432300993e-14 2.548802051117144936e-17
5.925240707597901201e+04 -5.902313132191984295e-14 2.020033288091798234e-17
5.927517015448301390e+04 -5.900713603946699245e-14 4.871497834915601500e-18
5.931105262991896598e+04 -5.896322960350689172e-14 2.799551251976675222e-17
5.933797763358916563e+04 -5.892302564861349738e-14 4.075287589790704914e-17
5.936889169371845492e+04 -5.887859539232924704e-14 1.286826229793569515e-17
5.939981068589290226e+04 -5.884403823169310248e-14 9.400837381491575349e-17
5.942875842163777270e+04 -5.882528487219306995e-14 2.910791009249352728e-16
