-5.950500618899800312e-14 -5.872202309035800544e-14 -5.859319641930000416e-14 -5.860383415948899642e-14 -5.863160414394000372e-14 -5.875122347492699599e-14 -5.882239872402900227e-14 -5.889657838419200146e-14 -5.896490295506700308e-14 -5.900739090984400472e-14 -5.903128850016499843e-14 -5.902782183525700501e-14 -5.900834116094900094e-14 -5.895698523722399417e-14 -5.891377166461399470e-14 -5.887524120654299768e-14 -5.886388947908899955e-14 -5.888817663165400521e-14
-5.880814053923700212e-14 -5.882497155213300254e-14 -5.857352858955800488e-14 -5.858663998031800105e-14 -5.862074248099000074e-14 -5.875501697117700543e-14 -5.882851187388699374e-14 -5.890137896978900458e-14 -5.896550097540600147e-14 -5.900397695508800111e-14 -5.902524069035499896e-14 -5.902275027414499944e-14 -5.900666632489000349e-14 -5.896292587267200498e-14 -5.892305697480899703e-14 -5.887905427817400527e-14 -5.884465887266600333e-14 -5.882546660446299869e-14
-6.185204353287099862e-14 -5.837145346399599867e-14 -5.866040419781799422e-14 -5.866431656300599403e-14 -5.867189105807000558e-14 -5.874169397249000501e-14 -5.880376683518600117e-14 -5.888076279702099518e-14 -5.896170637621100092e-14 -5.901685050319500620e-14 -5.904940587518699982e-14 -5.904319931645000441e-14 -5.901316022896900278e-14 -5.893781958068500004e-14 -5.888427468970099902e-14 -5.886426818947999970e-14 -5.892905672571500116e-14 -5.909676064819000258e-14
-5.475307703480600254e-14 -5.941887423026500354e-14 -5.846070494919699505e-14 -5.848875970784100396e-14 -5.855958984524200269e-14 -5.877692544592600002e-14 -5.886280442041699612e-14 -5.892738187537899710e-14 -5.896723302566100130e-14 -5.898328979491100077e-14 -5.899093535776399438e-14 -5.899577534440399705e-14 -5.900045609472199454e-14 -5.900087335975100551e-14 -5.897824518684800244e-14 -5.889712565171299431e-14 -5.872049149466499473e-14 -5.843866434145300496e-14
-5.762903366101200452e-14 -5.899730042250999560e-14 -5.854075633472900357e-14 -5.855822012792599827e-14 -5.860296619584699451e-14 -5.876124125684499899e-14 -5.883829984073000087e-14 -5.890877650938899819e-14 -5.896593897837600285e-14 -5.899803328751500624e-14 -5.901552022362899930e-14 -5.901529760640700044e-14 -5.900530150532099567e-14 -5.897427665083199435e-14 -5.893911387793199902e-14 -5.888371756982899577e-14 -5.880712507318599387e-14 -5.871064284662100513e-14
-5.850753174419300480e-14 -5.886745561488499421e-14 -5.856562228258499864e-14 -5.858022609581200219e-14 -5.861723984140900532e-14 -5.875722492195799830e-14 -5.883121619877999406e-14 -5.890306195573200172e-14 -5.896512354846499906e-14 -5.900192152255999466e-14 -5.902240287155900555e-14 -5.902081546995700125e-14 -5.900658953872099566e-14 -5.896640016551800455e-14 -5.892762438803600263e-14 -5.888004353800599858e-14 -5.883353092049299582e-14 -5.879277518714599757e-14
-5.935079813731900167e-14 -5.874650440865199958e-14 -5.858827348568600323e-14 -5.859917382233900227e-14 -5.862828698469099699e-14 -5.875180033158400570e-14 -5.882389637789600489e-14 -5.889808580309900309e-14 -5.896554117564299960e-14 -5.900694734500399378e-14 -5.902981275894900153e-14 -5.902608962318699403e-14 -5.900705976236800114e-14 -5.895742350827899621e-14 -5.891562660176100402e-14 -5.887753261247000394e-14 -5.886367371526600388e-14 -5.888144879600499553e-14
-6.215753840675399847e-14 -5.833027669902800335e-14 -5.866791458378299586e-14 -5.866959669108299800e-14 -5.867377472799600104e-14 -5.873825070827400247e-14 -5.880048579892099630e-14 -5.887925243962700089e-14 -5.896288353656199617e-14 -5.901995270830499786e-14 -5.905315571370399826e-14 -5.904558063576500218e-14 -5.901315198013800305e-14 -5.893352448125900069e-14 -5.887876229225599493e-14 -5.886302466038199415e-14 -5.894177467219199521e-14 -5.913386928250199574e-14
-5.805395724963000063e-14 -5.893458504841000424e-14 -5.855275615352999912e-14 -5.856879183528099596e-14 -5.860977072782299405e-14 -5.875922822213700251e-14 -5.883484322881299858e-14 -5.890602631200099528e-14 -5.896559659515999533e-14 -5.899998624149900332e-14 -5.901893105522199941e-14 -5.901805163846799536e-14 -5.900601775617800353e-14 -5.897060567911000552e-14 -5.893377329608800106e-14 -5.888230659688599872e-14 -5.882047762411300211e-14 -5.875119517907100418e-14
-5.734157154491300319e-14 -5.904142812223999436e-14 -5.853214041052699902e-14 -5.855015666059300314e-14 -5.859724910227799435e-14 -5.876196270838399826e-14 -5.884044100557100621e-14 -5.891086294621999548e-14 -5.896666276216800580e-14 -5.899721519438700608e-14 -5.901347997737800367e-14 -5.901334457931700398e-14 -5.900442962217100386e-14 -5.897618731176900328e-14 -5.894246925675399477e-14 -5.888546082330899581e-14 -5.880073783851199912e-14 -5.868824832817200592e-14
-5.634167684382599812e-14 -5.918327344660099630e-14 -5.850605748167900328e-14 -5.852888051846699448e-14 -5.858554866003499647e-14 -5.876923804873600026e-14 -5.884939288110799481e-14 -5.891641034864899755e-14 -5.896527934774600319e-14 -5.899012202137099904e-14 -5.900359374183699918e-14 -5.900630595490199753e-14 -5.900350551266799957e-14 -5.898720966661700033e-14 -5.895750201844800184e-14 -5.888936585807800610e-14 -5.876546983691399506e-14 -5.858255871631100375e-14
-5.894315823936700403e-14 -5.880397285361200040e-14 -5.857733296522900108e-14 -5.859035349253800273e-14 -5.862350637705600599e-14 -5.875489158378900168e-14 -5.882769532903499932e-14 -5.890053508336200380e-14 -5.896524379444400034e-14 -5.900442613392799494e-14 -5.902629557980999487e-14 -5.902384424229299726e-14 -5.900734842444999607e-14 -5.896246489076200013e-14 -5.892200597436899556e-14 -5.887877012135700290e-14 -5.884805764577100269e-14 -5.883610109638500061e-14
-6.299096039913900156e-14 -5.821226565816600367e-14 -5.868937749329499982e-14 -5.868747102890799848e-14 -5.868412536519499394e-14 -5.873328626807000070e-14 -5.879395632517899375e-14 -5.887511174540899557e-14 -5.896382561163799660e-14 -5.902500543654600592e-14 -5.905992941491499602e-14 -5.904975707259799608e-14 -5.901240339432600315e-14 -5.892391057643200355e-14 -5.886731105808600322e-14 -5.886319032401700066e-14 -5.897732330076099581e-14 -5.923066988531499426e-14
-6.087585841380200133e-14 -5.852439770210399911e-14 -5.863016521536599476e-14 -5.863518680163800215e-14 -5.865039426235799645e-14 -5.874310144421099719e-14 -5.881086794398500565e-14 -5.888846658258099867e-14 -5.896521680205100353e-14 -5.901505198337399754e-14 -5.904290005697799871e-14 -5.903625831544900314e-14 -5.900935074770799714e-14 -5.894334079455899647e-14 -5.889566637675599673e-14 -5.887279817096399947e-14 -5.891430674931400106e-14 -5.903302745572100031e-14
-5.022348496029699989e-14 -6.008118979555000567e-14 -5.833474701175499905e-14 -5.837973122656999404e-14 -5.849172149081299643e-14 -5.880176962105999501e-14 -5.890141114272900607e-14 -5.895671558275400500e-14 -5.896953716103300533e-14 -5.896067743534999934e-14 -5.895323388131499541e-14 -5.896622771173800505e-14 -5.899386452694799782e-14 -5.904264850725900313e-14 -5.903798493399499518e-14 -5.891329146039799827e-14 -5.857511172612899904e-14 -5.799717821366500416e-14
-6.434654446147499845e-14 -5.800776500556500546e-14 -5.872924205298000272e-14 -5.872357507015800222e-14 -5.870839729501700360e-14 -5.872769349076399890e-14 -5.878263328879400269e-14 -5.886517651718699458e-14 -5.896131656355800093e-14 -5.903024138375099522e-14 -5.907089494287000298e-14 -5.905977654832599972e-14 -5.901663327577300331e-14 -5.891391983005599756e-14 -5.885010329242000607e-14 -5.885404451038399433e-14 -5.900830658598700423e-14 -5.934010738353099727e-14
-6.067177251519500221e-14 -5.855023841579899866e-14 -5.862560106131799579e-14 -5.863248471705500483e-14 -5.865013833101100416e-14 -5.874598879797500521e-14 -5.881327718407699483e-14 -5.888935889651100143e-14 -5.896413137688900363e-14 -5.901271014279399425e-14 -5.904034648669500023e-14 -5.903488936659399880e-14 -5.900974448828200557e-14 -5.894647881590600471e-14 -5.889901722185699478e-14 -5.887190598293899923e-14 -5.890192070871400202e-14 -5.900174815556999881e-14
-5.811554429272600203e-14 -5.892631010807499441e-14 -5.855415527775400271e-14 -5.856984563220999792e-14 -5.861025884109100071e-14 -5.875882271366800052e-14 -5.883447695694900356e-14 -5.890596139820700096e-14 -5.896594813073599693e-14 -5.900057435947699644e-14 -5.901944649033200399e-14 -5.901810685701199747e-14 -5.900545478100799414e-14 -5.896903150267399963e-14 -5.893191861460299824e-14 -5.888136366135699980e-14 -5.882249559107500524e-14 -5.875833837618199494e-14
-5.622548794577800108e-14 -5.920247617980000348e-14 -5.850182903359600396e-14 -5.852450472802999447e-14 -5.858194470885199898e-14 -5.876877800517200321e-14 -5.885003936186099446e-14 -5.891760987741099413e-14 -5.896640818171300195e-14 -5.899083173362600529e-14 -5.900374004228000028e-14 -5.900615278998799595e-14 -5.900336201962399576e-14 -5.898743683212399741e-14 -5.895787330120700441e-14 -5.888893567870300338e-14 -5.876215604794700077e-14 -5.857372456947499721e-14
-6.017841611356399635e-14 -5.862143545068599886e-14 -5.861229666117199693e-14 -5.862098336009999605e-14 -5.864295529218700596e-14 -5.874840133350900282e-14 -5.881708273400000001e-14 -5.889221833055100219e-14 -5.896431716947200529e-14 -5.901053149024099678e-14 -5.903693442551600559e-14 -5.903258125614000365e-14 -5.900987964412600324e-14 -5.895112880664999895e-14 -5.890441195172999982e-14 -5.887046695159600332e-14 -5.888020002535300436e-14 -5.894499574642900094e-14
