5.900003981205035234e+04 -2.785899348521045041e-15 6.765368408524765680e-17
5.903402528102385259e+04 -2.855504658708704418e-15 2.515161271255513385e-17
5.909088302805995045e+04 -2.786820590417659728e-15 2.090625967469549229e-17
5.911781228908275079e+04 -2.805122631210170248e-15 4.443157679459006563e-17
5.914672606539380649e+04 -2.916157041505265902e-15 2.646336762219844015e-17
5.917369144845359551e+04 -2.865881283333945197e-15 1.550961907360635027e-17
5.922550191082499077e+04 -2.820174659337965229e-15 1.377264150448760547e-17
5.923257746403400233e+04 -2.847550990609070150e-15 3.970327910338821182e-18
5.925749144857593637e+04 -2.909379889648194439e-15 3.457638244142346365e-17
5.928438742839659972e+04 -2.848504258692984548e-15 9.324111891214490986e-18
5.931108990643029392e+04 -2.799070956413099328e-15 3.270294103010797531e-17
5.933801181437405467e+04 -2.882352519397270360e-15 3.738964349312683956e-17
5.936893249459213985e+04 -2.869900126391755277e-15 6.934428351720742106e-18
5.939984829401698516e+04 -2.754956389764240203e-15 9.355885630477595677e-17
