59232.548389311739516 0.0013894124875434508333 401.51632845940923744
58982.191240914581691 0.0016062069763445706804 426.02355910028984454
59090.853636622582545 0.0044884487314324939069 424.31675477790685136
59183.661005643184382 0.0031927214445683767417 398.37044108883867466
59284.357191746381908 -0.0010250546652572614503 401.65092370952459078
59399.842912890718534 -0.0040906873845357570169 437.13698272690061231
59005.050108758217245 0.0019470632915115821832 403.83643582164700092
59117.779205964029785 0.0033146202316700703159 401.01007676125993839
59207.582728135527098 0.0024919961744484791565 499.78101256009023245
59311.085579632298948 -0.0021947715097257009286 462.33961305170356582
59428.784254856226092 -0.0042445693781673169753 422.62905704577002552
58881.552529664591543 0.0032845496706529483731 400.52252979802739219
59173.658909049391163 0.0036186640397231511393 413.08570514349787572
59257.460510237117546 0.00046655107640984777899 403.67285858661716702
59368.927672445861333 -0.0052216774330544077991 518.19074564304798969
58774.712041515252231 0.0028294265869704195652 411.85999324041625869
59033.993265546451664 0.0021941050898602618365 412.73990062415953162
59146.693232827886451 0.0039036504122195577046 401.00640048875192178
59338.007397538228076 -0.0043526149514215718111 410.01712608785982184
