5.877469993882599374e+04
5.883357564195315354e+04
5.890324152767639316e+04
5.893726491562507726e+04
5.898204265758329711e+04
5.900490534351009410e+04
5.902598631923001813e+04
5.908475988161456917e+04
5.911168024003579922e+04
5.913974820068765257e+04
5.916961973165439849e+04
5.919550426309837349e+04
5.922535384207911557e+04
5.925243679219480691e+04
5.927519938747987908e+04
5.931106313027371652e+04
5.933798786391525209e+04
5.936890178671453759e+04
5.939982103234969691e+04
5.942876913887289993e+04
