-2.730692334643199966e-15 -8.115954484893899443e-15 -7.343224316545699824e-15 -7.437519542867499425e-15 -7.629112406576400659e-15 -7.559012535971499633e-15 -7.484763181731099231e-15 -7.538802397888200140e-15 -7.567363170424100484e-15 -7.552221991501900362e-15 -7.537112248758100523e-15 -7.534735794907200580e-15 -7.516998848391100712e-15 -7.494674442367099371e-15 -7.498701352042600602e-15 -7.551978317355099669e-15 -7.589004851869999481e-15 -7.601300311972300395e-15 -7.468078232170900227e-15 -6.789265275495699722e-15
-4.260044298806800264e-15 -7.929804429185800473e-15 -7.410325447982399770e-15 -7.474461863400000002e-15 -7.592788544626399747e-15 -7.548838390144400304e-15 -7.501869063891399502e-15 -7.534831549126800323e-15 -7.559834719920499739e-15 -7.554899654234199687e-15 -7.537140048314700469e-15 -7.524540876635500775e-15 -7.513405345148899858e-15 -7.509643401714600680e-15 -7.514882196253100763e-15 -7.538146317591400483e-15 -7.573807661073799366e-15 -7.618127352435399276e-15 -7.458521960721200303e-15 -6.690156584750199753e-15
-1.214621395812800062e-14 -7.075339550906600359e-15 -7.621118682744499663e-15 -7.481358698596900425e-15 -7.579383913439699982e-15 -7.596786998705700017e-15 -7.534342714011300489e-15 -7.496997752256100135e-15 -7.587715690253399627e-15 -7.591297744787799303e-15 -7.520705690630099368e-15 -7.508134250736599670e-15 -7.544790399439900082e-15 -7.519914345209899676e-15 -7.464396526207099376e-15 -7.528031041405800605e-15 -7.666833144212800641e-15 -7.558814597773899423e-15 -7.364978855324999873e-15 -8.488634638216999224e-15
-5.113646260828500041e-15 -7.829147748122599631e-15 -7.445598970037800166e-15 -7.475315838696900503e-15 -7.579938252985299916e-15 -7.555589085151399309e-15 -7.517547673815799554e-15 -7.515954475530399472e-15 -7.547092767326699908e-15 -7.566883116404200649e-15 -7.560888850365899612e-15 -7.532419119618699737e-15 -7.494696358629699647e-15 -7.489098345260299302e-15 -7.513637156807400311e-15 -7.563249673987300644e-15 -7.576442564021899290e-15 -7.574076624235600113e-15 -7.488640057789100689e-15 -7.064475169287900041e-15
-4.398535572008800263e-15 -7.929374714606900004e-15 -7.399384786097100288e-15 -7.452601728112299373e-15 -7.615129482910500382e-15 -7.568359106424500514e-15 -7.503188921486600238e-15 -7.518968975442499858e-15 -7.558363733599300287e-15 -7.563615129426799976e-15 -7.549115371955699715e-15 -7.534286864739200390e-15 -7.511504992230600223e-15 -7.495429245555999949e-15 -7.502489734923900370e-15 -7.550679000585400307e-15 -7.580951369670300323e-15 -7.580979123956400661e-15 -7.492838241432899580e-15 -7.114862181400000333e-15
-3.598792853207999634e-15 -8.007677949671799512e-15 -7.386690302351200002e-15 -7.453366711846200030e-15 -7.604294952100500181e-15 -7.558010430691699908e-15 -7.503837017602599461e-15 -7.527987662539199588e-15 -7.554498448809300718e-15 -7.556622007915700653e-15 -7.548176926935300703e-15 -7.534512043092600458e-15 -7.509508438218600128e-15 -7.497536948489400494e-15 -7.508973834726300288e-15 -7.547270056226800249e-15 -7.572460621582699400e-15 -7.598646792378599742e-15 -7.471163503923999898e-15 -6.755339071161899822e-15
-4.409324914914800193e-15 -7.918959531685199854e-15 -7.413061557317799871e-15 -7.475462071493100516e-15 -7.593242207016200581e-15 -7.544822576865700737e-15 -7.496838524318700303e-15 -7.539234321755899507e-15 -7.558087019538600244e-15 -7.547280577780199584e-15 -7.536757919089099355e-15 -7.533474221190999860e-15 -7.517127483272799692e-15 -7.499360242519599249e-15 -7.504872495871399771e-15 -7.554994728682400399e-15 -7.586419666430399654e-15 -7.579288106601400742e-15 -7.454170234043099249e-15 -6.982813921719100325e-15
-3.345278396724199960e-15 -8.046705350933900283e-15 -7.366447524515200080e-15 -7.449007972806299598e-15 -7.615187568276400689e-15 -7.553492544651099378e-15 -7.490500962328199465e-15 -7.540824143783799904e-15 -7.561193462357300459e-15 -7.546295575304500686e-15 -7.537780450309399829e-15 -7.538818483092599782e-15 -7.519709146666000302e-15 -7.496385147212200668e-15 -7.502690633515799548e-15 -7.555226137691500529e-15 -7.574605925878299764e-15 -7.565380433135999582e-15 -7.498581734498800520e-15 -7.067447309183099610e-15
-1.611081482752099859e-14 -6.643102914091200365e-15 -7.730187373891900467e-15 -7.472795703291700654e-15 -7.565574137401900447e-15 -7.623921879784700037e-15 -7.557724856091199720e-15 -7.477090731130600228e-15 -7.604554662065599970e-15 -7.614649677078700599e-15 -7.509377941853800382e-15 -7.489380366277300071e-15 -7.555963243656099742e-15 -7.533898523858199451e-15 -7.450797493878799842e-15 -7.518863863317999613e-15 -7.707586327871700755e-15 -7.542225948266200707e-15 -7.301736908604100338e-15 -9.222979638268700285e-15
-6.002931972565499854e-15 -7.738931644271699365e-15 -7.460976131732199616e-15 -7.480184039542700547e-15 -7.589253513204399708e-15 -7.562375237147999319e-15 -7.512552438553600380e-15 -7.513346973255399648e-15 -7.560270641237000130e-15 -7.574583785233200123e-15 -7.551231071300999701e-15 -7.526357393310599906e-15 -7.509699482433099295e-15 -7.502191364211600069e-15 -7.502773822294200327e-15 -7.538133242280199577e-15 -7.590123135374699258e-15 -7.604660095543299532e-15 -7.434205428307500304e-15 -7.004819994694900255e-15
5.681501113229300251e-15 -9.016611688262600208e-15 -7.140058456786599345e-15 -7.471452924561200674e-15 -7.618866617609100356e-15 -7.486770408917000371e-15 -7.451283502216300001e-15 -7.572515942871899574e-15 -7.516412842185100213e-15 -7.511703969685299955e-15 -7.581352640193900768e-15 -7.573004714224299398e-15 -7.473273055650299352e-15 -7.464506198135099859e-15 -7.546693694319900622e-15 -7.567027727517500320e-15 -7.480363849818600674e-15 -7.667125575434400077e-15 -7.589387313671900345e-15 -4.733414156649899996e-15
-3.179725470840000122e-15 -8.040128917959199632e-15 -7.390794247518000191e-15 -7.466736506216400005e-15 -7.589240051615099843e-15 -7.546328694667300215e-15 -7.506244193914200317e-15 -7.529225939582799290e-15 -7.543713503376300048e-15 -7.550999238468000538e-15 -7.554944023581199462e-15 -7.539796134155300239e-15 -7.504821043022499406e-15 -7.494173958062299787e-15 -7.512969180622899986e-15 -7.547887659654699897e-15 -7.566472517156899942e-15 -7.614845697043600440e-15 -7.472653982343799351e-15 -6.511111302669700124e-15
-3.567211688801400332e-15 -7.999955081140600604e-15 -7.393866474250999668e-15 -7.455341173343799897e-15 -7.601697117988599711e-15 -7.558022781421299358e-15 -7.504122048437600011e-15 -7.521177084337999963e-15 -7.556277043158199438e-15 -7.569247556315299469e-15 -7.557010550904700400e-15 -7.528010912576600031e-15 -7.493355711553500555e-15 -7.492596209098599607e-15 -7.518827061917200686e-15 -7.557176423630899672e-15 -7.565864659081700618e-15 -7.592542789433399474e-15 -7.491813155674699296e-15 -6.763664095219499751e-15
-6.131296413175699904e-15 -7.730310011858999611e-15 -7.455732680314200611e-15 -7.464524451849200444e-15 -7.598638267917400375e-15 -7.569054354121300660e-15 -7.510427586668799436e-15 -7.517656497355599214e-15 -7.566443967365200649e-15 -7.570061002336200139e-15 -7.540540021761899583e-15 -7.524508799127899959e-15 -7.517788436658700469e-15 -7.503969310475999913e-15 -7.496235833839200314e-15 -7.541127107061000148e-15 -7.602038184243200275e-15 -7.592132231557099570e-15 -7.432152711256199646e-15 -7.219086269300599283e-15
-5.085874463413599864e-15 -7.845971940998100360e-15 -7.423331760949699732e-15 -7.467724602823799936e-15 -7.601835827256199428e-15 -7.563041584377600220e-15 -7.507245047303700212e-15 -7.521177972916499273e-15 -7.559900339011800626e-15 -7.566259026762599435e-15 -7.548757514436499766e-15 -7.530469866750599392e-15 -7.508262005432299607e-15 -7.493531332898899609e-15 -7.498992296017599389e-15 -7.550037822875299697e-15 -7.594280005614799551e-15 -7.594638461829999693e-15 -7.450664280606600392e-15 -7.022724133708999841e-15
-5.510095145914499849e-15 -7.794805747656100308e-15 -7.443538764145900773e-15 -7.467278808187599506e-15 -7.593638006366000649e-15 -7.565053572136300295e-15 -7.514399946764399431e-15 -7.517535257594699539e-15 -7.556670832124400477e-15 -7.565311384234899988e-15 -7.547161553270000295e-15 -7.529621893321499553e-15 -7.513055704063499669e-15 -7.500773962314600607e-15 -7.501623067542099579e-15 -7.544879170698600026e-15 -7.595337207477199739e-15 -7.600228794529899904e-15 -7.431469262645599835e-15 -6.994179201784600320e-15
-1.651599582967999949e-15 -8.209621500878200190e-15 -7.343031967625000303e-15 -7.465743326610999805e-15 -7.600731281223800666e-15 -7.539767434256500483e-15 -7.494677221676099316e-15 -7.532942380449599495e-15 -7.542715600596999309e-15 -7.550710262284899258e-15 -7.560782587956300510e-15 -7.541894003086599766e-15 -7.497155274652000116e-15 -7.492507692293000495e-15 -7.524295059581200563e-15 -7.549329974545199551e-15 -7.542856370179199541e-15 -7.619237550722099586e-15 -7.508566360567899698e-15 -6.244370201587899794e-15
-4.225246282841100355e-15 -7.939621989533400470e-15 -7.402743512265299507e-15 -7.469763037809100120e-15 -7.599288980269000641e-15 -7.550190422594399875e-15 -7.497536843249100070e-15 -7.534037094247600422e-15 -7.561226757093700538e-15 -7.557479151044500004e-15 -7.543184682486000065e-15 -7.530432644560900192e-15 -7.508763928585499271e-15 -7.495184400837699718e-15 -7.504580714019599750e-15 -7.551654129695899247e-15 -7.584762971874000680e-15 -7.598339958780100304e-15 -7.476732450220099945e-15 -6.914798563505699964e-15
-9.087954346993300535e-15 -7.392577875487299399e-15 -7.556609758255099219e-15 -7.466635393828799728e-15 -7.573907205210599586e-15 -7.589492610726700752e-15 -7.542618034739199272e-15 -7.495406678106700553e-15 -7.565634641473200686e-15 -7.585751318059300029e-15 -7.537844615499299440e-15 -7.509076756446899411e-15 -7.520451196648999278e-15 -7.520736078431500688e-15 -7.500682861487699875e-15 -7.529432317095499476e-15 -7.613609939492499243e-15 -7.590515378874099234e-15 -7.395248717746400160e-15 -7.573197583927100771e-15
-9.350931215707299445e-16 -8.292554313176399942e-15 -7.316905010385400479e-15 -7.445847900676199412e-15 -7.611073722906399602e-15 -7.545258344182999798e-15 -7.494072249242900509e-15 -7.536934100361299905e-15 -7.543724744251700127e-15 -7.546593090246600740e-15 -7.558881996846899994e-15 -7.545114216681100532e-15 -7.499431685291099294e-15 -7.488923102273599336e-15 -7.519225249697400626e-15 -7.549787481623499821e-15 -7.543360329501100214e-15 -7.616298239869300587e-15 -7.508328256731899733e-15 -6.210035129540499882e-15
