5.877469993882599374e+04 -4.790443539631891420e-15 4.194183718605845302e-15
5.883357564195315354e+04 -7.874857869266026381e-15 4.576177154745605238e-16
5.890324152767639316e+04 -7.422181386285599505e-15 1.154557531908490617e-16
5.893726491562507726e+04 -7.464656114828033847e-15 1.163066406155188431e-17
5.898204265758329711e+04 -7.597641102844994447e-15 1.543511914870452729e-17
5.900490534351009410e+04 -7.559209449647006952e-15 2.567766783099145403e-17
5.902598631923001813e+04 -7.506289601402140319e-15 2.148296165956505998e-17
5.908475988161456917e+04 -7.524132396526679959e-15 1.955108876007583956e-17
5.911168024003579922e+04 -7.558584729308420420e-15 1.703029153609907748e-17
5.913974820068765257e+04 -7.562123262955241084e-15 2.024820751489187431e-17
5.916961973165439849e+04 -7.545937335322489681e-15 1.500593484383822714e-17
5.919550426309837349e+04 -7.530429467726648486e-15 1.598752362033306969e-17
5.922535384207911557e+04 -7.511488088982258652e-15 1.707969901888254038e-17
5.925243679219480691e+04 -7.499251712561010321e-15 1.389011591173494924e-17
5.927519938747987908e+04 -7.504417013278270366e-15 1.940994922167060713e-17
5.931106313027371652e+04 -7.546745609676100628e-15 1.148556208874379656e-17
5.933798786391525209e+04 -7.585359065121289763e-15 4.399768022162945311e-17
5.936890178671453759e+04 -7.595470203218653769e-15 2.572919183312279664e-17
5.939982103234969691e+04 -7.459496582414085995e-15 5.792522916456623348e-17
5.942876913887289993e+04 -6.968368721103650625e-15 8.476972587062724042e-16
