5.877469993882589915e+04
5.880157635507201485e+04
5.881136879259842681e+04
5.883357564195307350e+04
5.884473649863287574e+04
5.886250951551442267e+04
5.890324152767626947e+04
5.890849458998239425e+04
5.893726491562515730e+04
5.898204265758344263e+04
5.900490534351015231e+04
5.902598631923013454e+04
5.908475988161456917e+04
5.911168024003573373e+04
5.913947546397665428e+04
5.913974820068755798e+04
5.916388496963730722e+04
5.916961973165404925e+04
5.919550426309821341e+04
5.922535384207901370e+04
5.923968433685295895e+04
5.925243679219480691e+04
5.927519938747986453e+04
5.929951991921938315e+04
5.931106313027365832e+04
5.933798786391552130e+04
5.935798791736079147e+04
5.936890178671474860e+04
5.939982103234979877e+04
5.940784902615907777e+04
5.942876913887291448e+04
5.945698696416468738e+04
5.949595854892877105e+04
