5.877469993882589915e+04 -8.248200790651248909e-15 2.526962877997513392e-16
5.880157635507201485e+04 -7.793073570535341113e-15 8.555590340835977585e-17
5.881136879259842681e+04 -7.673807058405221129e-15 4.296371050845634308e-17
5.883357564195307350e+04 -7.499949969240124138e-15 1.800555217029115812e-17
5.884473649863287574e+04 -7.458557972205984660e-15 3.143828616960628486e-17
5.886250951551442267e+04 -7.442185992136262425e-15 3.537636835796307022e-17
5.890324152767626947e+04 -7.521884915366600787e-15 4.848098712969576298e-18
5.890849458998239425e+04 -7.534268776564918083e-15 2.034002259757535495e-18
5.893726491562515730e+04 -7.579281620813720352e-15 1.671939854017208731e-17
5.898204265758344263e+04 -7.554249923845349863e-15 9.021112145901499992e-18
5.900490534351015231e+04 -7.520372477387470878e-15 3.066713167508494767e-18
5.902598631923013454e+04 -7.497338499101726392e-15 1.028565045927201837e-17
5.908475988161456917e+04 -7.523819928390939176e-15 4.100814198582802845e-18
5.911168024003573373e+04 -7.556959405636720148e-15 6.156525599709844636e-18
5.913947546397665428e+04 -7.573129121948500062e-15 9.948230639294288863e-18
5.913974820068755798e+04 -7.573142499218303703e-15 9.945893946106369777e-18
5.916388496963730722e+04 -7.562631700783809903e-15 6.764692317883286875e-18
5.916961973165404925e+04 -7.557120314025294473e-15 5.340428009454867642e-18
5.919550426309821341e+04 -7.524622714747931221e-15 4.064282887802453382e-18
5.922535384207901370e+04 -7.492877072949474524e-15 9.903046577937872034e-18
5.923968433685295895e+04 -7.488236083344704259e-15 9.605208374711941631e-18
5.925243679219480691e+04 -7.491924279608875352e-15 7.349223612234019953e-18
5.927519938747986453e+04 -7.515502032484215658e-15 2.531042865854895299e-18
5.929951991921938315e+04 -7.553565014371684420e-15 1.055775655637463171e-17
5.931106313027365832e+04 -7.570059276317734478e-15 1.332920204822872985e-17
5.933798786391552130e+04 -7.586364795233403040e-15 1.149735221477278840e-17
5.935798791736079147e+04 -7.568070572827949423e-15 3.221060715217661720e-18
5.936890178671474860e+04 -7.546610432321410661e-15 7.715415131899581929e-18
5.939982103234979877e+04 -7.461590270180435933e-15 2.758330572097315589e-17
5.940784902615907777e+04 -7.440995389240869744e-15 2.924926338748976009e-17
5.942876913887291448e+04 -7.413571983734264712e-15 1.843157206883475575e-17
5.945698696416468738e+04 -7.493430833354470676e-15 5.226157183134824443e-17
5.949595854892877105e+04 -7.943780879670460965e-15 2.735539697688826903e-16
