-6.868630050908700059e-16 -8.306295059234499830e-16 -8.051711743971899787e-16 -8.019484691285099821e-16 -8.183158110614800105e-16 -8.482195474755500335e-16 -9.098706175876700753e-16 -9.139854747838900894e-16 -8.978724599609999836e-16 -8.654906750149600223e-16 -8.357297802717199972e-16 -8.125674889058799667e-16 -8.088186187756399995e-16 -8.175683320110599631e-16 -8.385186154496100095e-16 -8.409222525880699639e-16 -8.069171768930199699e-16 -7.206682527888899875e-16 -5.971981285314299765e-16
-7.183196960594599771e-16 -8.269197889484999585e-16 -8.028428676332800441e-16 -8.022769962493599785e-16 -8.192234241674700254e-16 -8.485472177255099523e-16 -9.065544276207399938e-16 -9.099415099933900112e-16 -8.946918042262400815e-16 -8.649198448106400427e-16 -8.380631230924200288e-16 -8.176451502846900098e-16 -8.147073953364099846e-16 -8.225161282711999950e-16 -8.395688362412399615e-16 -8.386706528733900129e-16 -8.031031837155100081e-16 -7.202248381230100126e-16 -6.056153775071699685e-16
-5.335057926654200237e-16 -8.412499832902000124e-16 -8.264182452626500027e-16 -8.160023388148500065e-16 -8.244979254361200412e-16 -8.465920111635800409e-16 -9.043452247106600830e-16 -9.119435853859199541e-16 -8.997942234711400388e-16 -8.694240319832600154e-16 -8.387037323338199612e-16 -8.122119200468100079e-16 -8.054567225661900403e-16 -8.133304144094799950e-16 -8.377736498753800308e-16 -8.459152416579100311e-16 -8.178311854643399987e-16 -7.305607410479700079e-16 -5.942503418046399971e-16
-6.000068335384399688e-16 -8.397371491981000467e-16 -8.140376201992000447e-16 -8.037888160568999727e-16 -8.166280720508700022e-16 -8.447908535477400193e-16 -9.102952558137400863e-16 -9.166174570856000828e-16 -9.008835484644799891e-16 -8.662964962156600321e-16 -8.333156653254999757e-16 -8.069896145383399560e-16 -8.028101908474999820e-16 -8.137542887074500030e-16 -8.419927459017699747e-16 -8.501028792737099865e-16 -8.178378261176800117e-16 -7.229902693093299830e-16 -5.793221129621300308e-16
-7.082188862367400390e-16 -8.217988964185899922e-16 -8.044636156487599978e-16 -8.088597910330800451e-16 -8.266037189790900213e-16 -8.551397123910400470e-16 -9.078078050666300067e-16 -9.087884187182499366e-16 -8.918576692843300890e-16 -8.613811994159199778e-16 -8.346678478015999690e-16 -8.149624806504399562e-16 -8.129532884091900264e-16 -8.217245988383100490e-16 -8.409067529801399771e-16 -8.424545427702899592e-16 -8.108841618591800004e-16 -7.330991532465099957e-16 -6.234857772806599580e-16
-6.130093454587200479e-16 -8.346002437077699572e-16 -8.217655364369399726e-16 -8.174979026245800246e-16 -8.278379388119100347e-16 -8.492843696517500261e-16 -8.990753943625899841e-16 -9.042774395012099952e-16 -8.928372622924100979e-16 -8.668568842535399913e-16 -8.415432733449800421e-16 -8.203769328926700020e-16 -8.152032332567699680e-16 -8.211151174655499616e-16 -8.374774795548699626e-16 -8.388408670864299878e-16 -8.079408215419300278e-16 -7.288800239018800002e-16 -6.131703853074600090e-16
-6.000414798088899790e-16 -8.341681545098700118e-16 -8.156661120577099568e-16 -8.109284443508599976e-16 -8.242559692860999541e-16 -8.506010107293299829e-16 -9.076479325851899219e-16 -9.112077834972399673e-16 -8.949000979557099458e-16 -8.624071290083699618e-16 -8.327597252154000450e-16 -8.105070581286399693e-16 -8.087746187810600001e-16 -8.201272211783200396e-16 -8.457382584726100106e-16 -8.501750355136999584e-16 -8.139666454610999511e-16 -7.178591505575499753e-16 -5.770172269290899863e-16
-8.384639231019299645e-16 -8.090226698370399661e-16 -7.917982905731599859e-16 -8.053968224058399966e-16 -8.276916266872400095e-16 -8.584559614233700199e-16 -9.066427316039800099e-16 -9.052012530379500548e-16 -8.880089924471899939e-16 -8.599891704391399817e-16 -8.364196827931199547e-16 -8.191088492832299591e-16 -8.163467244488100078e-16 -8.221082478828899908e-16 -8.349910249452799716e-16 -8.352443400681399781e-16 -8.125605988697200205e-16 -7.601684964340400257e-16 -6.903415460593699968e-16
-5.019252518400399725e-16 -8.468140853932500234e-16 -8.310114620380399981e-16 -8.171571272588500277e-16 -8.239497518331700125e-16 -8.449777737173299988e-16 -9.033757084743600506e-16 -9.117380863531599813e-16 -9.000806455856399886e-16 -8.697795078470499825e-16 -8.389346666424199958e-16 -8.124640504339800463e-16 -8.060822848419499999e-16 -8.144231498659599632e-16 -8.389740623441500378e-16 -8.455356804707000081e-16 -8.124803644133499544e-16 -7.160759992919099934e-16 -5.678545983377299588e-16
-6.848654879210500193e-16 -8.269051369029999753e-16 -8.041473700060799893e-16 -8.038596479678099736e-16 -8.211997388887199675e-16 -8.513084969276300356e-16 -9.104818883863800984e-16 -9.129992055493899405e-16 -8.956730399566699043e-16 -8.629614809518799523e-16 -8.338219629923099965e-16 -8.121865953228399564e-16 -8.101020515961099759e-16 -8.200459309938799642e-16 -8.417787393030500417e-16 -8.435749265545000329e-16 -8.076951675120700375e-16 -7.188720970375099823e-16 -5.931294144563199660e-16
-7.400628320765199636e-16 -8.166635535265399558e-16 -8.118157796273500131e-16 -8.208889069026200051e-16 -8.352993018000600010e-16 -8.567434404001100203e-16 -8.968641452722599452e-16 -8.993677068425900217e-16 -8.888017937043500382e-16 -8.669094629311299558e-16 -8.452962459006899604e-16 -8.252041698131800050e-16 -8.163386195362700104e-16 -8.163186002205200269e-16 -8.239364819287799768e-16 -8.266051748851600123e-16 -8.145085754669000041e-16 -7.781815375339600426e-16 -7.226323659143200008e-16
-6.859508166101900284e-16 -8.262836484201300441e-16 -8.074741164843299807e-16 -8.073302888653999898e-16 -8.227732535907500480e-16 -8.500448443365699696e-16 -9.060751944745600646e-16 -9.101762381811299359e-16 -8.960070858646699170e-16 -8.668089661922700415e-16 -8.394399051978900044e-16 -8.172967357121900192e-16 -8.124309413957800142e-16 -8.191505683516200214e-16 -8.371348263814399801e-16 -8.398750631209800177e-16 -8.113425072586900406e-16 -7.367790559490800202e-16 -6.284407146316300421e-16
-6.146988210630199725e-16 -8.373276474549700147e-16 -8.187132041738299776e-16 -8.109166590737199992e-16 -8.216170028564399711e-16 -8.453587500054600246e-16 -9.029214197035200668e-16 -9.102259642865900296e-16 -8.988562599747399431e-16 -8.706820992987499833e-16 -8.423369873922800048e-16 -8.177190177072000187e-16 -8.106354322232600296e-16 -8.163582330387399722e-16 -8.349792907708400100e-16 -8.391462729688199559e-16 -8.108296946638100231e-16 -7.317907181576199643e-16 -6.127278741474999965e-16
-7.869990207894500342e-16 -8.167778214972199647e-16 -7.937335181006499734e-16 -7.993252990599000351e-16 -8.194792310477100280e-16 -8.509562460155400000e-16 -9.087756172833799272e-16 -9.114806647482500804e-16 -8.960958741653599777e-16 -8.667410305178999745e-16 -8.400845855222999720e-16 -8.187890751021099658e-16 -8.136504922007400226e-16 -8.189463192270300047e-16 -8.332162189027500449e-16 -8.340705019382699685e-16 -8.080266653612500225e-16 -7.446917083666800277e-16 -6.566541136018099937e-16
-7.215807895185500431e-16 -8.209276188208200319e-16 -8.043441183832799813e-16 -8.094154681932699690e-16 -8.270614021837799952e-16 -8.551326282502499838e-16 -9.069820547310000315e-16 -9.083472489822100435e-16 -8.923288728307199282e-16 -8.629531695804399608e-16 -8.367984002786000353e-16 -8.167991134883100297e-16 -8.135616249080700488e-16 -8.208502584667200187e-16 -8.380453255929499950e-16 -8.396177283199300331e-16 -8.109687667150399793e-16 -7.397502571699100222e-16 -6.390338267443700119e-16
-7.714409219380200270e-16 -8.200689813512500189e-16 -7.964487255538699773e-16 -8.001243603268000040e-16 -8.193256735219200321e-16 -8.502025381490700462e-16 -9.083580080303099651e-16 -9.114302982261999549e-16 -8.961697667642700287e-16 -8.665540766732599714e-16 -8.394534963735300216e-16 -8.176699308971699742e-16 -8.123461613941799868e-16 -8.177330840069800327e-16 -8.323379594999899859e-16 -8.330945929669299803e-16 -8.058164605252399529e-16 -7.394367512050500491e-16 -6.468049044777799804e-16
-4.268866757817499925e-16 -8.568174490870899808e-16 -8.366242192038700413e-16 -8.139243157828299971e-16 -8.177202011617400393e-16 -8.386430919142800383e-16 -9.056589816828400844e-16 -9.175949116028299616e-16 -9.067420698284099736e-16 -8.736841713569400231e-16 -8.386424468044700261e-16 -8.078131605387899559e-16 -8.002331455637799707e-16 -8.104819042485400355e-16 -8.424074078332899748e-16 -8.548360274393800114e-16 -8.233252981651599896e-16 -7.173966141046699896e-16 -5.474810583096300161e-16
-8.031704811603299890e-16 -8.122982711655400366e-16 -7.928441695974799954e-16 -8.022942396101899970e-16 -8.235119804830400258e-16 -8.550107727020100437e-16 -9.101711012821200055e-16 -9.115951875618600472e-16 -8.952951748221499821e-16 -8.653354828644299744e-16 -8.381868797547199600e-16 -8.160939674681700440e-16 -8.101015358699700149e-16 -8.149528171621500485e-16 -8.303710191662799625e-16 -8.348146439132300166e-16 -8.168179430005499976e-16 -7.656521404046900189e-16 -6.912761252773100203e-16
-7.725949023019300451e-16 -8.144517809161199722e-16 -7.966917711890399956e-16 -8.061035904655100428e-16 -8.266505980309100187e-16 -8.568872577918699632e-16 -9.077347316760799431e-16 -9.073011692797999284e-16 -8.900573025800599191e-16 -8.609414601932999880e-16 -8.362918879864400158e-16 -8.186236005577300051e-16 -8.168302794423100018e-16 -8.240486063070300127e-16 -8.381609151040499929e-16 -8.357423151605900172e-16 -8.029643059924799562e-16 -7.312072568370400175e-16 -6.358020825122699593e-16
-9.237079502580799373e-16 -7.947920388103000059e-16 -7.732380313035599848e-16 -7.958407568970699540e-16 -8.258657438154399805e-16 -8.640969891658199517e-16 -9.154550492635900555e-16 -9.096588218191699365e-16 -8.868972900382199853e-16 -8.546563883200599866e-16 -8.303693672710500206e-16 -8.157253689684199946e-16 -8.172209519566700014e-16 -8.263107259006299509e-16 -8.408702339807399924e-16 -8.382550118563900300e-16 -8.088272638681199596e-16 -7.495202310044699590e-16 -6.775969891569700434e-16
