5.878860365442287730e+04 -6.866156456609699843e-16 1.169771866968538278e-16
5.890319919514417415e+04 -8.264127212589873497e-16 1.401253159691910954e-17
5.893722247345634969e+04 -8.074624973935133960e-16 1.472649064163454769e-17
5.897702033982770809e+04 -8.076940120533977218e-16 6.670928472417562830e-18
5.899997364790549182e+04 -8.234754182846980455e-16 4.381548398424286484e-18
5.902596485279818444e+04 -8.510496756741902634e-16 5.666944150945567854e-18
5.908473808243298845e+04 -9.067546644805798030e-16 4.021846649348305288e-18
5.911165821468013746e+04 -9.101939212718313202e-16 4.007162231038587302e-18
5.913972599372147670e+04 -8.951925617108880297e-16 4.727374300324907504e-18
5.916959720859111985e+04 -8.652386363934450699e-16 4.144668451912020628e-18
5.919546325738900487e+04 -8.375429831147627085e-16 3.456704870541959050e-18
5.922533143690120050e+04 -8.155377140370395167e-16 4.286133277716765998e-18
5.925241460067309526e+04 -8.112302156675328465e-16 4.640915738229733944e-18
5.927517751191307616e+04 -8.185932273277030813e-16 3.890574933570874240e-18
5.931104190681537148e+04 -8.374589922114605045e-16 4.765742106380014194e-18
5.933796362068620510e+04 -8.403746875713260720e-16 6.500507841725699114e-18
5.936888320432086766e+04 -8.112322306432571629e-16 5.041404180907292369e-18
5.939979806364836259e+04 -7.351902646235884840e-16 1.682620112374091126e-17
5.942873847774780734e+04 -6.249917481974793625e-16 4.462616495460960064e-17
