5.884929135570095241e+04 -1.835383586828284941e-14 7.136894206780911254e-17
5.890847413511406921e+04 -1.760299997704820070e-14 1.527115573775393025e-17
5.914054089011981705e+04 -1.759697582230970012e-14 7.520499829309427537e-18
5.924066990480483219e+04 -1.746339712800505070e-14 3.683428591486273727e-18
5.929941604734027351e+04 -1.731632395693385050e-14 3.399546696705461462e-18
5.940023328404696804e+04 -1.729532166738450097e-14 2.840192255719017041e-18
5.943807831438623543e+04 -1.733667730760774973e-14 3.558824745699111605e-18
5.948159015309873212e+04 -1.736386252892924915e-14 3.382644278331481405e-18
5.952182440078569198e+04 -1.735196073986695102e-14 3.820877878818005930e-18
5.957232440967894217e+04 -1.731429995975715050e-14 6.527039047356978984e-18
5.961762332118877384e+04 -1.733707872532945032e-14 4.593973797222067824e-18
5.970906421600734757e+04 -1.788777397227554663e-14 4.762798660239910129e-17
