-1.835132447277700038e-14 -1.760824346834700124e-14 -1.759380294718299891e-14 -1.746526526741199899e-14 -1.731819260958999843e-14 -1.729405444460099992e-14 -1.733563240435700105e-14 -1.736457905745800027e-14 -1.735482926986999864e-14 -1.731801397102700069e-14 -1.733722008377499970e-14 -1.786573897442400066e-14
-1.845370778790199864e-14 -1.762018393132600100e-14 -1.760542847018999999e-14 -1.746254330050100098e-14 -1.731241749592799886e-14 -1.730071181180999946e-14 -1.734265191204400087e-14 -1.736469670509400119e-14 -1.734459499861600149e-14 -1.730149289674500105e-14 -1.733625696066800146e-14 -1.798700854341500079e-14
-1.846079760491600068e-14 -1.762597605970200151e-14 -1.760809669665000011e-14 -1.746830765681999961e-14 -1.731145789320300115e-14 -1.729481862486699876e-14 -1.734108786232000040e-14 -1.737027339451900145e-14 -1.735494296251100087e-14 -1.730899964185300064e-14 -1.732925560374900021e-14 -1.792734839764700147e-14
-1.825819783645499985e-14 -1.758239136582299992e-14 -1.758981788602000140e-14 -1.746212386356800046e-14 -1.731897263778499946e-14 -1.729216971525600071e-14 -1.733265080294400009e-14 -1.736315660512199904e-14 -1.735729140697099956e-14 -1.732417301688100046e-14 -1.733828054066800001e-14 -1.780954941450600126e-14
-1.827090365534199928e-14 -1.758675890284499888e-14 -1.758767452290200121e-14 -1.745973647993900117e-14 -1.732030790257399988e-14 -1.729618925284200006e-14 -1.733409810172600018e-14 -1.736007149532399959e-14 -1.735066474313199881e-14 -1.731795085852299872e-14 -1.733987956419800035e-14 -1.784587383178500045e-14
-1.832886138338699870e-14 -1.759841331637400137e-14 -1.759526427616499954e-14 -1.746264844674399886e-14 -1.731636341439300131e-14 -1.729388513054199868e-14 -1.733525216863100114e-14 -1.736371789939300077e-14 -1.735383204102800038e-14 -1.731781434927000042e-14 -1.733847101265899857e-14 -1.786758702542299850e-14
-1.837308782299700025e-14 -1.760289758318999985e-14 -1.759963190130300143e-14 -1.746316399042200156e-14 -1.731511037040599888e-14 -1.729709557059399982e-14 -1.733894916705399896e-14 -1.736499443991900111e-14 -1.735071858929399937e-14 -1.731049669621799863e-14 -1.733451280701200040e-14 -1.790620707032999872e-14
-1.842177810990999934e-14 -1.761809121238300016e-14 -1.760409397436199862e-14 -1.746854134209200017e-14 -1.731462364196999852e-14 -1.729342853394299908e-14 -1.733731658434999882e-14 -1.736596511953400107e-14 -1.735282364614000060e-14 -1.731150647627099868e-14 -1.733366987606199918e-14 -1.791266408816099909e-14
-1.848391428128900133e-14 -1.762508425149799919e-14 -1.761347483382500129e-14 -1.746463898021200155e-14 -1.730748919417000087e-14 -1.729843902783099981e-14 -1.734521117103500037e-14 -1.737144121431199920e-14 -1.735125659823299976e-14 -1.730120044940499959e-14 -1.732545930802700112e-14 -1.796514832578200093e-14
-1.825860043888099966e-14 -1.758761273919099922e-14 -1.758762983992499966e-14 -1.746345213405400098e-14 -1.732007622384500064e-14 -1.729034891533900115e-14 -1.733080364952099976e-14 -1.736256885500799929e-14 -1.735854036497199995e-14 -1.732686835537000117e-14 -1.733955525507299857e-14 -1.779743367763500003e-14
-1.835868932681400011e-14 -1.760596246973399904e-14 -1.759610771401000155e-14 -1.746373848307700041e-14 -1.731762339489200035e-14 -1.729651231572200048e-14 -1.733705220744099908e-14 -1.736306160867300094e-14 -1.735025030996800124e-14 -1.731235479660100001e-14 -1.733623516483599931e-14 -1.789257335604000084e-14
-1.832396480893499871e-14 -1.758627018047000024e-14 -1.759777855570199985e-14 -1.746183357823700014e-14 -1.731626198985199856e-14 -1.729698347557799903e-14 -1.733770972724700078e-14 -1.736372919380999976e-14 -1.735097819054500083e-14 -1.731326157865299845e-14 -1.733682405634999977e-14 -1.788678933585400013e-14
-1.837691053835100043e-14 -1.760578663606100124e-14 -1.759883184110800022e-14 -1.746440993088700007e-14 -1.731615923746100017e-14 -1.729532489530000013e-14 -1.733650475747200048e-14 -1.736291355514099913e-14 -1.735030842366499846e-14 -1.731371117656100037e-14 -1.734150093827500071e-14 -1.791719797876600116e-14
-1.820014340124399907e-14 -1.756833756647800019e-14 -1.758080683747700114e-14 -1.745581497692499952e-14 -1.732287993529600150e-14 -1.729687712799100011e-14 -1.733156968423699892e-14 -1.735589442733999937e-14 -1.734838991507000064e-14 -1.732135947904200139e-14 -1.734647718628900100e-14 -1.782828983938999917e-14
-1.839648423476099914e-14 -1.761160221646199873e-14 -1.760101486739799982e-14 -1.746439683259800071e-14 -1.731486852699899950e-14 -1.729555417267399867e-14 -1.733735101880899891e-14 -1.736346255314299960e-14 -1.734954507809200083e-14 -1.731096283974500017e-14 -1.733861411132800038e-14 -1.792579301142900022e-14
-1.834759534696700123e-14 -1.759673260122800104e-14 -1.759738883752500135e-14 -1.745689362717699942e-14 -1.731426975576900021e-14 -1.729988668763199987e-14 -1.733892080145999890e-14 -1.736087225544100126e-14 -1.734459700181599962e-14 -1.730756555121299881e-14 -1.734055301418800099e-14 -1.793478923107100157e-14
-1.835103414779499845e-14 -1.760818367834900151e-14 -1.759454211545900123e-14 -1.745992594868699904e-14 -1.731522777931500046e-14 -1.729736765259199982e-14 -1.733871959140000123e-14 -1.736523229787600103e-14 -1.735239137326400043e-14 -1.731352634158000023e-14 -1.733532137942899879e-14 -1.788358286575599979e-14
-1.840735903786799885e-14 -1.762389589356700087e-14 -1.759998567493700062e-14 -1.746959092236800087e-14 -1.731660607566000076e-14 -1.729130141898999979e-14 -1.733484401076299962e-14 -1.736524887679299930e-14 -1.735501353163700128e-14 -1.731587109693999995e-14 -1.733466947943099996e-14 -1.788395173632900138e-14
-1.829885037032099881e-14 -1.759423071035899897e-14 -1.758890527552599957e-14 -1.746121014664500017e-14 -1.732034820767800157e-14 -1.729551232291699903e-14 -1.733337088795300151e-14 -1.735907215487799978e-14 -1.734950557605899980e-14 -1.731805369973200105e-14 -1.734424510268700013e-14 -1.787132252578800085e-14
-1.835451275874499845e-14 -1.760334475757700045e-14 -1.759923937852700115e-14 -1.746970665173599989e-14 -1.731722285189099945e-14 -1.728997225066899979e-14 -1.733384964139099991e-14 -1.736629886980699887e-14 -1.735874077645599898e-14 -1.732081592351299999e-14 -1.733457306188499951e-14 -1.784663021598000132e-14
