5.876579575468128314e+04 -1.967360439284034973e-15 2.312151134222449670e-18
5.888216046396406455e+04 -1.963603586349425408e-15 1.217219021636300217e-18
5.890318509375926806e+04 -1.962876348141909849e-15 1.006338629513492138e-18
5.893720806118630571e+04 -1.961679350420040109e-15 6.602376374074458148e-19
5.897696330958331237e+04 -1.960259246588484796e-15 2.546452526420590075e-19
5.899991767092464579e+04 -1.959433900103005176e-15 6.931088820105180503e-20
5.902591716913741402e+04 -1.958498483730660533e-15 2.732726419744464062e-19
5.908467772645823425e+04 -1.956402009979775216e-15 8.730363305713577230e-19
5.911161451347530965e+04 -1.955458616790705460e-15 1.144831189231889956e-18
5.913967794450101064e+04 -1.954493949779339840e-15 1.422922021744764808e-18
5.916954348355046386e+04 -1.953492929040104961e-15 1.711568793586192279e-18
5.919543198786507128e+04 -1.952650754609629962e-15 1.954453841238521899e-18
5.922528765176525485e+04 -1.951713775077494961e-15 2.224736207856610884e-18
5.925236673061866168e+04 -1.950899811383934819e-15 2.459604078595401408e-18
5.927513402374242287e+04 -1.950244690213645481e-15 2.648709558467064240e-18
