-1.968198784305500009e-15 -1.964030883306900109e-15 -1.963224641574199874e-15 -1.961897920590300049e-15 -1.960324367735599891e-15 -1.959410043875700069e-15 -1.958373953127999927e-15 -1.956052453255000092e-15 -1.955008058772900183e-15 -1.953940271798799986e-15 -1.952832411986800012e-15 -1.951900483211300039e-15 -1.950863787173400167e-15 -1.949963322225100148e-15 -1.949238666335100087e-15
-1.968451385874700030e-15 -1.964186264318200097e-15 -1.963360860414599911e-15 -1.962002382852899979e-15 -1.960390814382600125e-15 -1.959454228454400159e-15 -1.958392756367899951e-15 -1.956013771076299848e-15 -1.954943221647599882e-15 -1.953848489562400182e-15 -1.952712436681199937e-15 -1.951756586449700148e-15 -1.950693032209899949e-15 -1.949768997741299841e-15 -1.949025186798899987e-15
-1.968536830150500081e-15 -1.964213269955200022e-15 -1.963376930061100163e-15 -1.962000677333599858e-15 -1.960368362818900020e-15 -1.959419883179500150e-15 -1.958345073533300166e-15 -1.955936744298300121e-15 -1.954853243381100056e-15 -1.953745438152200100e-15 -1.952596012218899814e-15 -1.951629074487400049e-15 -1.950553377077799963e-15 -1.949618976958400152e-15 -1.948866963044600191e-15
-1.967649750063399943e-15 -1.963806466227100059e-15 -1.963061624695099833e-15 -1.961835113921300196e-15 -1.960379160889500102e-15 -1.959532572109100137e-15 -1.958572719936600133e-15 -1.956420059864799828e-15 -1.955450713199899999e-15 -1.954459045703499830e-15 -1.953429475918899861e-15 -1.952562825155700045e-15 -1.951598066478800185e-15 -1.950759441630800191e-15 -1.950084062557599848e-15
-1.968239223075899968e-15 -1.964119926846499804e-15 -1.963321802946299824e-15 -1.962007660016899898e-15 -1.960447827023000002e-15 -1.959540896613600115e-15 -1.958512676137499816e-15 -1.956206832011899876e-15 -1.955168557352899963e-15 -1.954106397977699822e-15 -1.953003659037200112e-15 -1.952075423978500065e-15 -1.951042107975899927e-15 -1.950143879275199988e-15 -1.949420485324900197e-15
-1.968646082403000151e-15 -1.964259423356899959e-15 -1.963411126333099873e-15 -1.962015344733400049e-15 -1.960360090993000114e-15 -1.959398388325599876e-15 -1.958308686311300117e-15 -1.955867339466199967e-15 -1.954769145193600041e-15 -1.953646424818700000e-15 -1.952481644664199885e-15 -1.951501892760499929e-15 -1.950412059666100125e-15 -1.949465494157799994e-15 -1.948703775598500094e-15
-1.962117069679200006e-15 -1.960856685887200189e-15 -1.960610600366799823e-15 -1.960204469075799915e-15 -1.959721137063300027e-15 -1.959439588504900148e-15 -1.959119996263000006e-15 -1.958402109671299851e-15 -1.958078471302100060e-15 -1.957747234272699844e-15 -1.957403260179999935e-15 -1.957113724953899841e-15 -1.956791510796699930e-15 -1.956511595233999834e-15 -1.956286355332100135e-15
-1.968206294073999930e-15 -1.964075038595300100e-15 -1.963275118815399839e-15 -1.961958335647900079e-15 -1.960395855377499941e-15 -1.959487620761099954e-15 -1.958458127970100179e-15 -1.956150234995699921e-15 -1.955111413273800046e-15 -1.954048950243999867e-15 -1.952946188176399917e-15 -1.952018183477399891e-15 -1.950985420628600077e-15 -1.950087957552899902e-15 -1.949365399041399895e-15
-1.968097848067499993e-15 -1.964026539304099961e-15 -1.963238020118200048e-15 -1.961939882270400168e-15 -1.960399342764799884e-15 -1.959503774851099843e-15 -1.958488564917600187e-15 -1.956212405166699967e-15 -1.955187736875400188e-15 -1.954139662719799820e-15 -1.953051738194099913e-15 -1.952136138160400143e-15 -1.951117085163400085e-15 -1.950231446086100022e-15 -1.949518339377199913e-15
-1.968416552004200107e-15 -1.964145176010600099e-15 -1.963318987361800154e-15 -1.961959477471000024e-15 -1.960347082921800107e-15 -1.959410209626699960e-15 -1.958348581221100101e-15 -1.955969906583699924e-15 -1.954899805911899846e-15 -1.953805743596000021e-15 -1.952670626629399814e-15 -1.951715770043700195e-15 -1.950653566512100025e-15 -1.949730940988600151e-15 -1.948988445323700027e-15
-1.968327597587200109e-15 -1.964019503249400114e-15 -1.963187694220699969e-15 -1.961819837727800178e-15 -1.960198930195200059e-15 -1.959257780392200161e-15 -1.958191894522999899e-15 -1.955805976100799836e-15 -1.954733689021099978e-15 -1.953638122943699818e-15 -1.952502281116700117e-15 -1.951547529644999951e-15 -1.950486292386800180e-15 -1.949565321942999809e-15 -1.948824785589899840e-15
-1.968909278879699985e-15 -1.964393601199599972e-15 -1.963520506257900158e-15 -1.962084006308099993e-15 -1.960380586544900079e-15 -1.959390954582100048e-15 -1.958269651467100074e-15 -1.955757669411499981e-15 -1.954627770662299985e-15 -1.953472680511000113e-15 -1.952274362832700186e-15 -1.951266436155600076e-15 -1.950145300737399963e-15 -1.949171581085600193e-15 -1.948388034218199845e-15
-1.968061069332200135e-15 -1.963923019050499818e-15 -1.963123188458199814e-15 -1.961807408160599908e-15 -1.960247434833700155e-15 -1.959341294443200050e-15 -1.958314735535199920e-15 -1.956015606768799880e-15 -1.954981752777799880e-15 -1.953925069019499814e-15 -1.952829103602799922e-15 -1.951907501992399814e-15 -1.950882677775300003e-15 -1.949992894354200037e-15 -1.949277119795799923e-15
-1.968468094811499876e-15 -1.964232278709800195e-15 -1.963411836617299902e-15 -1.962061094582100123e-15 -1.960458041533599901e-15 -1.959526085317299999e-15 -1.958469580257900055e-15 -1.956100636469000072e-15 -1.955034097022099968e-15 -1.953943118976799862e-15 -1.952810566625100176e-15 -1.951857323868600126e-15 -1.950796269969499825e-15 -1.949874023171399847e-15 -1.949131355758600136e-15
-1.968589853606399836e-15 -1.964253107727599931e-15 -1.963414004383900183e-15 -1.962033073404600105e-15 -1.960395008081099966e-15 -1.959443088613700003e-15 -1.958364294239899929e-15 -1.955946695963599872e-15 -1.954858864867600135e-15 -1.953746522444999908e-15 -1.952592262789500148e-15 -1.951621150427100080e-15 -1.950540679528199859e-15 -1.949602008286299869e-15 -1.948846460688800162e-15
-1.968345359548499970e-15 -1.964156859261199936e-15 -1.963345741331300026e-15 -1.962010450759800081e-15 -1.960425892947399837e-15 -1.959504766819999848e-15 -1.958460608642099966e-15 -1.956119626298199984e-15 -1.955065807641699930e-15 -1.953987933866499967e-15 -1.952869091798400013e-15 -1.951927481230799922e-15 -1.950879486637900019e-15 -1.949968699206799816e-15 -1.949235344186400167e-15
-1.967922595460399896e-15 -1.963889590874300185e-15 -1.963109285587899964e-15 -1.961825157797799976e-15 -1.960301997063699925e-15 -1.959416897340500177e-15 -1.958413876321199921e-15 -1.956166308244699947e-15 -1.955155104409600028e-15 -1.954121209036800114e-15 -1.953048468576700013e-15 -1.952146047809800174e-15 -1.951142140489399837e-15 -1.950270124150300183e-15 -1.949568340985699990e-15
-1.961961011910400084e-15 -1.960779764244499950e-15 -1.960548841845800106e-15 -1.960167579540500061e-15 -1.959713620577899962e-15 -1.959449082461399938e-15 -1.959148717906700128e-15 -1.958473734702299839e-15 -1.958169318470499827e-15 -1.957857683045499929e-15 -1.957533990327100140e-15 -1.957261469988299920e-15 -1.956958131552599839e-15 -1.956694563514000049e-15 -1.956482444186299981e-15
-1.968454140814300005e-15 -1.964161933831500176e-15 -1.963331784403199874e-15 -1.961965797299500131e-15 -1.960345781536900196e-15 -1.959404508800399954e-15 -1.958337919971999941e-15 -1.955948225769699953e-15 -1.954873210885600068e-15 -1.953774153031100048e-15 -1.952633885247100058e-15 -1.951674722893899901e-15 -1.950607761033900002e-15 -1.949681032216800091e-15 -1.948935256879099945e-15
-1.961609964032200144e-15 -1.960542395032099999e-15 -1.960334367045400018e-15 -1.959991338906499827e-15 -1.959583596485299978e-15 -1.959346336987600178e-15 -1.959077259961699990e-15 -1.958473863477000036e-15 -1.958202353144600057e-15 -1.957924843865100119e-15 -1.957637114198900038e-15 -1.957395325502600114e-15 -1.957126747756200039e-15 -1.956893927900099815e-15 -1.956706983250100175e-15
