-5.141327585141599966e-14 -6.030880649723699984e-14 -5.837322311401699666e-14 -5.845229733359600127e-14 -5.856865310605399891e-14 -5.879258588626700394e-14 -5.885618345906099400e-14 -5.890528740559800430e-14 -5.894902967567499928e-14 -5.898274402767899895e-14 -5.901240446046100262e-14 -5.902291311598699820e-14 -5.901594662686100557e-14 -5.897756157862500157e-14 -5.893472511893599937e-14 -5.887863724401799980e-14 -5.880671631005199882e-14 -5.869159162990000334e-14
-4.146954776918500250e-14 -6.173632014989400123e-14 -5.826888708242400451e-14 -5.840749525157000542e-14 -5.857195291541600362e-14 -5.880263902326799900e-14 -5.885001313347900180e-14 -5.889157014498099413e-14 -5.894219317895200028e-14 -5.898747446407299615e-14 -5.902437213135900293e-14 -5.902948661740400044e-14 -5.901203898373900005e-14 -5.896457477745500408e-14 -5.893343068287400518e-14 -5.890011955995300043e-14 -5.880322593726300208e-14 -5.852310770498099883e-14
-4.586158245580199977e-14 -6.113756683275099441e-14 -5.830858945883000373e-14 -5.842335606719800583e-14 -5.856957420541899884e-14 -5.879967255987800576e-14 -5.885318710368399962e-14 -5.889684686007099424e-14 -5.894409224833199393e-14 -5.898511728644999654e-14 -5.902053761013399909e-14 -5.902908752863300556e-14 -5.901593826578100600e-14 -5.896917768886999925e-14 -5.892933838050099954e-14 -5.888423024321099787e-14 -5.880385908033099849e-14 -5.861213615837500589e-14
-4.179652642604500309e-14 -6.166025631808699700e-14 -5.827815843977100534e-14 -5.841144438635200505e-14 -5.857054809995999754e-14 -5.879859176034100295e-14 -5.884840654019000456e-14 -5.889278272440399543e-14 -5.894503702795600103e-14 -5.899007419356500496e-14 -5.902532856514999684e-14 -5.902882378488599846e-14 -5.901066928283599776e-14 -5.896370532671100130e-14 -5.893336238822500299e-14 -5.889940182328800126e-14 -5.879833552819199476e-14 -5.851106161460000368e-14
-3.991530153221300145e-14 -6.198600931782600205e-14 -5.824484566089899988e-14 -5.839435510190099645e-14 -5.856944061619400458e-14 -5.880642922732300198e-14 -5.885118121971099460e-14 -5.889017419065100335e-14 -5.894011651568799516e-14 -5.898638358780399976e-14 -5.902478909035600166e-14 -5.903036022022199510e-14 -5.901246667486900574e-14 -5.896419281566600573e-14 -5.893362360781300333e-14 -5.890106020532900018e-14 -5.879795254194399820e-14 -5.849302558029899704e-14
-4.640694453360000210e-14 -6.106547583375900504e-14 -5.831197684680699589e-14 -5.842392208120600363e-14 -5.856850377213299740e-14 -5.880023769791500035e-14 -5.885468212535600514e-14 -5.889814123993200057e-14 -5.894395556070100097e-14 -5.898350996115399371e-14 -5.901810383536200076e-14 -5.902729407410200571e-14 -5.901554414615299648e-14 -5.897121398744500348e-14 -5.893224229595599419e-14 -5.888717179966500550e-14 -5.880869684022400362e-14 -5.862587093424800538e-14
-5.018852298945499922e-14 -6.049975512117599684e-14 -5.835637112640099436e-14 -5.844359543677499556e-14 -5.856727618242599783e-14 -5.879430688510600202e-14 -5.885607527382900080e-14 -5.890410592093200379e-14 -5.894856510833699780e-14 -5.898377893086900084e-14 -5.901453841018499831e-14 -5.902439127931299879e-14 -5.901580116958299631e-14 -5.897512607521300134e-14 -5.893287074379299957e-14 -5.887994167104599497e-14 -5.880845260233500151e-14 -5.868043972598000613e-14
-4.302467235333600030e-14 -6.157924318533000038e-14 -5.826963765324899738e-14 -5.840312117450199811e-14 -5.856655297792000309e-14 -5.880463327111800503e-14 -5.885361630305900567e-14 -5.889383109125000231e-14 -5.894129157460700314e-14 -5.898469575570500435e-14 -5.902225989476799439e-14 -5.903014639096899494e-14 -5.901485525144100346e-14 -5.896620438975099484e-14 -5.892976358319600001e-14 -5.889211296622099521e-14 -5.880914044268600281e-14 -5.858040316434799751e-14
-4.078830293496000083e-14 -6.183936332848999805e-14 -5.825748317409500180e-14 -5.839976362466299854e-14 -5.856840562959699450e-14 -5.880382832803699494e-14 -5.885139529951600013e-14 -5.889266197595299762e-14 -5.894287030527499611e-14 -5.898776485312200202e-14 -5.902411877186299813e-14 -5.902876127316000572e-14 -5.901118145609600104e-14 -5.896447974961100170e-14 -5.893434616952799568e-14 -5.890037361314800386e-14 -5.879583991540899728e-14 -5.849560190425699936e-14
-5.117597663438599996e-14 -6.038960313375599634e-14 -5.836054179997300240e-14 -5.844464387029899714e-14 -5.856697237709900106e-14 -5.879583846400099600e-14 -5.885760075959900386e-14 -5.890423005180199878e-14 -5.894671036508299966e-14 -5.898117414204199953e-14 -5.901315751468699528e-14 -5.902553953460200188e-14 -5.901880859377399785e-14 -5.897739732219299538e-14 -5.893074890358600583e-14 -5.887227139890100374e-14 -5.880476440852700564e-14 -5.870301260320999380e-14
-4.751110711458900146e-14 -6.092695513091199538e-14 -5.831789948750599629e-14 -5.842495326831700461e-14 -5.856687649969999370e-14 -5.880146512297699761e-14 -5.885715581319799837e-14 -5.889992273089700418e-14 -5.894335841734899552e-14 -5.898103828568999765e-14 -5.901545489732700324e-14 -5.902669102486700171e-14 -5.901737118670200503e-14 -5.897474667685100363e-14 -5.893327252504799547e-14 -5.888276393618100605e-14 -5.880418627422299785e-14 -5.863935857293400428e-14
-4.240763538063299994e-14 -6.163742026473899390e-14 -5.827085035162299667e-14 -5.840647229251699939e-14 -5.856993425702599988e-14 -5.880378971553400461e-14 -5.885193516236800429e-14 -5.889283429503999578e-14 -5.894190234836400259e-14 -5.898625375876599641e-14 -5.902342122882400553e-14 -5.902971703472200543e-14 -5.901303335603199392e-14 -5.896439074231200332e-14 -5.893059466553000144e-14 -5.889673062351799654e-14 -5.881185903752100509e-14 -5.856697901220799914e-14
-4.139472243702200218e-14 -6.179706362069699423e-14 -5.825787755838499936e-14 -5.840034321282499501e-14 -5.856966605029699522e-14 -5.880465348155900461e-14 -5.885066501909400267e-14 -5.889045684790899502e-14 -5.894053553153699990e-14 -5.898695455055599916e-14 -5.902617350235799971e-14 -5.903265625953400424e-14 -5.901468449605899439e-14 -5.896280660571299531e-14 -5.892740669392599604e-14 -5.889322936267999519e-14 -5.880627884949899458e-14 -5.854999016871899779e-14
-5.039905075704700239e-14 -6.048951696216900284e-14 -5.835796129541199872e-14 -5.844658102785100231e-14 -5.857095092495199775e-14 -5.879513288465699776e-14 -5.885467219590000067e-14 -5.890117340561299497e-14 -5.894578127405199478e-14 -5.898261661330300377e-14 -5.901600965765599719e-14 -5.902749871277299699e-14 -5.901878889434099990e-14 -5.897471082545199525e-14 -5.892888734053300122e-14 -5.887511496482099385e-14 -5.881242034119700531e-14 -5.870676622984700507e-14
-4.431201738029600175e-14 -6.139129793724100065e-14 -5.828587901009499677e-14 -5.841232337757000107e-14 -5.856921668101599505e-14 -5.880344178918900025e-14 -5.885342340431999669e-14 -5.889431542019399481e-14 -5.894154801913099854e-14 -5.898449704322200103e-14 -5.902219412398999532e-14 -5.903102744381199673e-14 -5.901654683571699713e-14 -5.896705164929599457e-14 -5.892740850566899809e-14 -5.888599235632799543e-14 -5.880790986956700050e-14 -5.860493643950800199e-14
-4.623217884332799708e-14 -6.105582486458500287e-14 -5.831791076558800203e-14 -5.842919401071500619e-14 -5.857179955888900084e-14 -5.879974648930399674e-14 -5.885401899037300536e-14 -5.889796429032500348e-14 -5.894418970107499564e-14 -5.898353415124100545e-14 -5.901733426141999469e-14 -5.902597244197700032e-14 -5.901447181546099408e-14 -5.897224637740399405e-14 -5.893513387090099880e-14 -5.888911932458000299e-14 -5.880126692076499790e-14 -5.859726195737699803e-14
-4.193225723595999878e-14 -6.169277567430400043e-14 -5.826759974690800492e-14 -5.840450255213099835e-14 -5.856886662599699840e-14 -5.880301572141700159e-14 -5.885136150591499975e-14 -5.889277453228500134e-14 -5.894242174368000012e-14 -5.898693343333100106e-14 -5.902372055348400544e-14 -5.902945151729299510e-14 -5.901258693480699540e-14 -5.896492923051000133e-14 -5.893249536757099460e-14 -5.889831629528399744e-14 -5.880601566090099767e-14 -5.854160493789699823e-14
-4.338488172628600216e-14 -6.149820244222099533e-14 -5.828223636054399854e-14 -5.841220167471799735e-14 -5.857072355041899938e-14 -5.880233212561099954e-14 -5.885147393350500471e-14 -5.889300100610999721e-14 -5.894194784836899578e-14 -5.898604914781599386e-14 -5.902357613679799508e-14 -5.903093994169499696e-14 -5.901515099966899981e-14 -5.896595257684100330e-14 -5.892923395378599766e-14 -5.889119071948300170e-14 -5.880802505214299874e-14 -5.858061938174999665e-14
-4.940489907710800236e-14 -6.066920591270200120e-14 -5.833800008234800438e-14 -5.843485506974599468e-14 -5.856788667933999974e-14 -5.879848778985399946e-14 -5.885617359001599552e-14 -5.890048206071800087e-14 -5.894423370191900577e-14 -5.898172602761599763e-14 -5.901644108489100149e-14 -5.902846156164699764e-14 -5.901934188196299747e-14 -5.897398708635499579e-14 -5.892829486467799765e-14 -5.887687975605699944e-14 -5.881662156329300019e-14 -5.870673050333199861e-14
-2.671985406573099851e-14 -6.392641527508200170e-14 -5.809481845560000078e-14 -5.832625948331200467e-14 -5.857002860580900559e-14 -5.882298600262000358e-14 -5.884576156008900486e-14 -5.887278544812999687e-14 -5.892981979624299827e-14 -5.899077809371100366e-14 -5.903952983729799634e-14 -5.903923171507799979e-14 -5.900808313008099590e-14 -5.894675871740600489e-14 -5.892970705945899937e-14 -5.892641465362400306e-14 -5.879521607278399507e-14 -5.828584245366399942e-14
