5.855727900889401644e+04 -4.428696287491989746e-14 5.439299803442653568e-15
5.879038456808323826e+04 -6.136435389014788952e-14 7.849948024339243054e-16
5.897700052627094556e+04 -5.829103737352373866e-14 5.906132755552179298e-17
5.899995429031515960e+04 -5.841508401488821000e-14 2.653770987271447791e-17
5.902595770527169952e+04 -5.856919146578313337e-14 1.541100189816083902e-18
5.908473069335751643e+04 -5.880169071129879899e-14 6.136111887841673522e-18
5.911165067162513878e+04 -5.885294911961310052e-14 2.959784317648427792e-18
5.913971832474364055e+04 -5.889526708213973822e-14 6.935465828916012502e-18
5.916958944816873554e+04 -5.894297999711624556e-14 3.837903178615367092e-18
5.919539722629539756e+04 -5.898515491538576118e-14 2.670271698696499860e-18
5.922532380058824492e+04 -5.902117327841854289e-14 6.009323198248554364e-18
5.925240707597899018e+04 -5.902892257363379494e-14 3.318447459303512845e-18
5.927517015448301390e+04 -5.901466549909826431e-14 2.852039158411234788e-18
5.931105262991895142e+04 -5.896806070998401200e-14 6.901396990531844937e-18
5.933797763358921657e+04 -5.893134433607543794e-14 2.423904161903186215e-18
5.936889169371844037e+04 -5.889055362586680288e-14 1.208343249651380669e-17
5.939981068589290226e+04 -5.880533916244279665e-14 5.448146983148050290e-18
5.942875842163781635e+04 -5.858481703387169167e-14 9.712610782154235336e-17
