-2.006291195587800109e-14 -1.326577410770799960e-15 -1.935850757664800096e-15 -1.969883471952099951e-15 -1.973345088277499834e-15 -2.057946489548000139e-15 -1.998476791375299975e-15 -1.945643032589800025e-15 -2.029309982790999978e-15 -1.929946478974900079e-15 -1.851927283286199876e-15 -1.994294773003799941e-15 -2.007911447314499809e-15 -1.794866861836600015e-15 -2.510935688761099983e-15
5.617747919473700209e-15 -2.166542901012400192e-15 -1.954282104142400015e-15 -1.947421084703199960e-15 -1.996932306278199872e-15 -1.990182439087199859e-15 -1.981330671657700148e-15 -1.937030441756899891e-15 -1.950989303279299816e-15 -1.958731031432399818e-15 -1.900430910857400131e-15 -1.901675869400500149e-15 -2.070341432669099998e-15 -1.885579279466699948e-15 -6.870256776842500337e-16
-1.196724946710100071e-14 -1.620031173622999906e-15 -1.953646500007399853e-15 -1.953429644047599884e-15 -1.981912446806100047e-15 -2.042545737172199902e-15 -1.995514997198299994e-15 -1.943607144430500175e-15 -2.006440182890200074e-15 -1.936215315607199837e-15 -1.863798972828399857e-15 -1.969343743708799851e-15 -2.033088111027800182e-15 -1.811312014224899860e-15 -1.912498743495200141e-15
-1.447088842142299921e-14 -1.465193458441200023e-15 -1.915263474449799940e-15 -1.971663839736499823e-15 -1.976493792819700085e-15 -2.037221926964100012e-15 -1.996589407343200165e-15 -1.946356702097500033e-15 -2.005197046247400173e-15 -1.930843645292899881e-15 -1.865803710054299849e-15 -1.978338455567099876e-15 -2.021429056885999941e-15 -1.811660188033499830e-15 -2.096291755637400075e-15
-8.153416053904000624e-15 -1.686996409431000008e-15 -1.940763432709200172e-15 -1.966197161085299844e-15 -1.972717343576300048e-15 -2.020495389492399993e-15 -1.998500298356399999e-15 -1.940184450411500112e-15 -1.988487965916900194e-15 -1.943828270382200140e-15 -1.873861524326299933e-15 -1.948567130665999914e-15 -2.044219284092600166e-15 -1.832064367326299965e-15 -1.579076941311899915e-15
-9.032795314119799676e-15 -1.716167740732699976e-15 -1.958815905602199942e-15 -1.956195528238000018e-15 -1.983876007156300140e-15 -2.031408407139699910e-15 -1.991348270607800190e-15 -1.943131164855899833e-15 -1.997754623321999893e-15 -1.942785443858800083e-15 -1.873007922576299828e-15 -1.954271001600799857e-15 -2.030612214817800023e-15 -1.840847802532700184e-15 -1.779988888408799871e-15
-8.504791455943100201e-15 -1.643024072862100053e-15 -1.934112706246599903e-15 -1.973404052744700057e-15 -1.970824042272899968e-15 -2.023423273436700000e-15 -2.002710905814799826e-15 -1.932981383006200065e-15 -1.991332441833899963e-15 -1.947636691912099867e-15 -1.864859870995400190e-15 -1.946831794568899936e-15 -2.071291208436300150e-15 -1.817049005191000180e-15 -1.415123539590299923e-15
-1.441982358999600071e-14 -1.496682768964299971e-15 -1.948950912223399807e-15 -1.967338997004400028e-15 -1.963562200163800162e-15 -2.042654881076200018e-15 -2.011478610875800036e-15 -1.935739859131600025e-15 -2.002950402208199821e-15 -1.935992872903499991e-15 -1.861180493100900114e-15 -1.972427062524099821e-15 -2.036689237741699988e-15 -1.807278016794500014e-15 -1.984808124443600176e-15
-1.312647522762899999e-14 -1.543599367113899911e-15 -1.950441586312100025e-15 -1.965689034705599846e-15 -1.964094039855699980e-15 -2.036978940694599928e-15 -2.008209137251999984e-15 -1.937126967532100069e-15 -2.000687532509999823e-15 -1.940195749085799972e-15 -1.866657526417900066e-15 -1.964341583752199933e-15 -2.028143667354999859e-15 -1.819167382936700000e-15 -1.952116917963199816e-15
7.147378539817000105e-15 -2.258330825853000036e-15 -1.969190155283499972e-15 -1.933474361371899957e-15 -2.002937794089599852e-15 -1.993227565419400161e-15 -1.978407931428799972e-15 -1.937005323603800159e-15 -1.951482327500500025e-15 -1.962545010587800003e-15 -1.904622929965100043e-15 -1.899508783470000130e-15 -2.070630605378899924e-15 -1.890984767115200102e-15 -6.308332376431999935e-16
-1.126590531667200029e-14 -1.604808141978299934e-15 -1.936935754173700002e-15 -1.970884384272799805e-15 -1.978507550125799969e-15 -2.023541792649800164e-15 -1.986948486557700076e-15 -1.949778039082499803e-15 -1.997063777015599826e-15 -1.933892241076799815e-15 -1.875723560482699834e-15 -1.966220490319299872e-15 -2.014228871532000024e-15 -1.845251020478199958e-15 -2.014229905491000055e-15
-8.850563734648300672e-15 -1.615701016706100067e-15 -1.920440633319800017e-15 -1.970339261361699864e-15 -1.976704093037999988e-15 -2.031155359074799971e-15 -2.004070946424800010e-15 -1.927259429412199808e-15 -1.995879762479200149e-15 -1.954858710034899811e-15 -1.862775860825300189e-15 -1.941079760130300122e-15 -2.074869037142800139e-15 -1.827298606138599810e-15 -1.423583152845099998e-15
-2.258463076490899877e-14 -1.329699892797500068e-15 -1.975573281674100176e-15 -1.951276872253500095e-15 -1.973972305819800016e-15 -2.081671638627700194e-15 -2.008760198621799936e-15 -1.939468301124200005e-15 -2.036096542883200154e-15 -1.925646543229099834e-15 -1.847179353764999884e-15 -2.009655609736400159e-15 -2.003082684436000060e-15 -1.784310513695199907e-15 -2.740191884328699995e-15
-2.613928562264699949e-14 -1.128541372760599946e-15 -1.954541028287899892e-15 -1.978415394181899917e-15 -1.943435421332899931e-15 -2.069387237544599821e-15 -2.024962340937500094e-15 -1.936347954679899939e-15 -2.030964286098100089e-15 -1.925321601854400182e-15 -1.849255373467399891e-15 -2.010407645491399891e-15 -1.987622505021199931e-15 -1.790718708039699852e-15 -2.944087280689300129e-15
2.444893243831400134e-14 -2.727495228598700144e-15 -1.924588466652900118e-15 -1.937088662390199960e-15 -2.025498060427300149e-15 -1.935311975454799932e-15 -1.956178646873100141e-15 -1.939610588059800024e-15 -1.898705639706300023e-15 -1.977522239857899947e-15 -1.934568176471200079e-15 -1.837325085438500085e-15 -2.121950826123400196e-15 -1.958504489015799931e-15 6.436509401245800153e-16
-6.186696578687999629e-15 -1.831340575522499841e-15 -1.964755654845100056e-15 -1.947464421998300131e-15 -1.994389631043599986e-15 -2.030513804999600087e-15 -1.987509641457199929e-15 -1.942780588044799844e-15 -1.990511662480600107e-15 -1.942530991503100156e-15 -1.874821887266800113e-15 -1.944903142521499946e-15 -2.039448991990499809e-15 -1.865123997347799833e-15 -1.641644724210100092e-15
-7.068826251415499677e-15 -1.780557533090799957e-15 -1.960837707711300088e-15 -1.949199601141100191e-15 -1.985255892650600044e-15 -2.031437566674299858e-15 -1.994471281577799918e-15 -1.938497222630700004e-15 -1.992464076408500194e-15 -1.945368272441099908e-15 -1.872535227834000083e-15 -1.949856905048600005e-15 -2.050777506497800164e-15 -1.830768445934600049e-15 -1.534177116879900049e-15
-3.293490469466299914e-16 -1.989318948919800083e-15 -1.956212699643199985e-15 -1.951076714052499900e-15 -1.991153558278299805e-15 -2.004408399583899988e-15 -1.984742485639099931e-15 -1.941035003650700156e-15 -1.964037602268300014e-15 -1.946630149236399814e-15 -1.894106408692200144e-15 -1.928934129849099995e-15 -2.049654140066499919e-15 -1.882918849136499883e-15 -1.218121330233499986e-15
-8.161945895992799572e-15 -1.767168671199200041e-15 -1.963579200249300158e-15 -1.949908631791800138e-15 -1.986655305009500133e-15 -2.027667826540899823e-15 -1.985800337946899940e-15 -1.951450466093599946e-15 -1.995867351541199830e-15 -1.933799515130399965e-15 -1.871777483230700041e-15 -1.959905087878400038e-15 -2.032794826844800100e-15 -1.836022313003399932e-15 -1.755597139492700012e-15
-7.216990059118699331e-15 -1.863832459767000176e-15 -1.980503437679300105e-15 -1.929086878120800129e-15 -2.005666332837699894e-15 -2.043818110851100150e-15 -1.980196855681400188e-15 -1.948203989974100173e-15 -2.002625935057300002e-15 -1.939593353397899839e-15 -1.872483171639700077e-15 -1.956124864624599864e-15 -2.026687234574799937e-15 -1.847421940536299984e-15 -1.798481610867500176e-15
