5.876579575468132680e+04 -8.016424292971356840e-15 1.085483134656798990e-14
5.888216046396407910e+04 -1.728080498507245192e-15 3.506047678278512795e-16
5.890318509375934082e+04 -1.949964269943900411e-15 1.743109418183101757e-17
5.893720806118628389e+04 -1.956971899857694995e-15 1.387536019318904243e-17
5.897696330958334875e+04 -1.982396660592980271e-15 1.725147963624042392e-17
5.899991767092471855e+04 -2.027749938101599798e-15 3.021191535336445144e-17
5.902591716913727578e+04 -1.993810412181369885e-15 1.446799127893438764e-17
5.908467772645827063e+04 -1.940661902608415044e-15 5.748796315772129703e-18
5.911161451347527327e+04 -1.991442422221885343e-15 3.037497570648526887e-17
5.913967794450093061e+04 -1.942694206389979671e-15 1.267930383043078890e-17
5.916954348355054390e+04 -1.874068882404159617e-15 2.017539666434061973e-17
5.919543198786511493e+04 -1.951700645965015541e-15 3.844254354078272341e-17
5.922528765176525485e+04 -2.040773644497474661e-15 2.970423835625291836e-17
5.925236673061869806e+04 -1.838957428439209390e-15 4.050002458827787074e-17
5.927513402374238649e+04 -1.648758135992608426e-15 7.680133915138441052e-16
