5.878685759445595613e+04
5.879778018909806997e+04
5.897708734672162973e+04
5.900003981205038872e+04
5.903402528102397628e+04
5.909088302806013962e+04
5.911103070120482880e+04
5.911781228908267803e+04
5.914672606539371191e+04
5.915275450888514752e+04
5.917369144845355913e+04
5.922550191082480887e+04
5.923257746403403871e+04
5.925749144857586361e+04
5.928438742839647603e+04
5.931108990643027937e+04
5.933801181437404739e+04
5.936893249459200160e+04
5.939984829401688330e+04
5.940413101873620326e+04
5.942879022663986689e+04
5.944202590531646274e+04
5.948685474479403638e+04
