-3.203882944218900076e-15 -3.101846267384799867e-15 -2.886318310178399947e-15 -2.884960862237400124e-15 -2.864215989745200057e-15 -2.841230300605799981e-15 -2.843405926590000168e-15 -2.844875738017199860e-15 -2.851617635726800045e-15 -2.852614717466900146e-15 -2.853832306196199931e-15 -2.845087543425400006e-15 -2.843895775896199922e-15 -2.842682767063999901e-15 -2.847490072486800026e-15 -2.855166977406999965e-15 -2.858387511936100081e-15 -2.849260059516300140e-15 -2.832348300063100071e-15 -2.830672395414500126e-15 -2.833136941293699819e-15 -2.848042331785299911e-15 -3.010778310437999925e-15
-3.197594546432800103e-15 -3.095851405867600020e-15 -2.884901949537800128e-15 -2.882691201541099821e-15 -2.862546800345800063e-15 -2.842424328595499972e-15 -2.844900978299400050e-15 -2.846325341588699892e-15 -2.852163426712900186e-15 -2.852873401523500175e-15 -2.853060503054400171e-15 -2.843606066400899814e-15 -2.842643307694900093e-15 -2.842709349284500119e-15 -2.849070026357099861e-15 -2.857431104121299836e-15 -2.859763330114800109e-15 -2.847950537407599896e-15 -2.828488543416100030e-15 -2.826632034941100065e-15 -2.829557442026400097e-15 -2.846004569707899859e-15 -3.020850589526999851e-15
-3.183108062780100173e-15 -3.090192273513299932e-15 -2.880907144789000050e-15 -2.880822848615699804e-15 -2.863545147498099875e-15 -2.843271698823999927e-15 -2.844880387793500158e-15 -2.846053517522200052e-15 -2.851414809898600059e-15 -2.852166806514099924e-15 -2.852811280453899985e-15 -2.844484912837899821e-15 -2.843443112876399996e-15 -2.842639591593099918e-15 -2.847529212293400178e-15 -2.855087386412700088e-15 -2.858459865419199830e-15 -2.850166856788599811e-15 -2.833899783835800061e-15 -2.832168796495000129e-15 -2.832831677592600060e-15 -2.845311177921900035e-15 -2.989439521532199809e-15
-3.232638303189000104e-15 -3.117852050293800194e-15 -2.892888022250000038e-15 -2.888848671634899866e-15 -2.863181841759300017e-15 -2.839257662404700020e-15 -2.843221627045699919e-15 -2.845336899479799846e-15 -2.854156840024399856e-15 -2.855344030156999919e-15 -2.856398077853899944e-15 -2.843683107385099969e-15 -2.841979262747999941e-15 -2.839895829668600145e-15 -2.845748458565800018e-15 -2.855829545343599989e-15 -2.861050891857300085e-15 -2.851425277944700153e-15 -2.830882116474799893e-15 -2.828623300194899917e-15 -2.828780566861500010e-15 -2.844057116881100002e-15 -3.024331325725599918e-15
-3.022483304389500107e-15 -2.979335758096800083e-15 -2.864798673626800014e-15 -2.868728354824199858e-15 -2.862548568221200111e-15 -2.847336732322100066e-15 -2.845827642798700178e-15 -2.845809089010899924e-15 -2.847334810894800176e-15 -2.847770650829200104e-15 -2.848941448130500075e-15 -2.847800718017699946e-15 -2.847435768349999944e-15 -2.846793904781199907e-15 -2.848044015399799928e-15 -2.850863502963500060e-15 -2.852983412113999949e-15 -2.851094768524999986e-15 -2.844492477646400108e-15 -2.843523583171899902e-15 -2.840543517842100144e-15 -2.842615108652600058e-15 -2.887094951962500193e-15
-3.151279760374399938e-15 -3.069862543084400078e-15 -2.876584596011400002e-15 -2.877177970913500056e-15 -2.862242849910000064e-15 -2.843841685026100027e-15 -2.845254666089499922e-15 -2.846330012207399898e-15 -2.851395002378899852e-15 -2.852138860458799968e-15 -2.852916678519999938e-15 -2.845035123459700044e-15 -2.843933530737099996e-15 -2.842584953224000002e-15 -2.846605377729599906e-15 -2.853781207564299834e-15 -2.857984187910499927e-15 -2.851919834597200161e-15 -2.836714220093399878e-15 -2.834787235738400002e-15 -2.831431356559899957e-15 -2.839165896322899912e-15 -2.951361471148600046e-15
-2.874272715109599963e-15 -2.882949362668300076e-15 -2.841378191621899959e-15 -2.851332229106800132e-15 -2.861167942110099860e-15 -2.855089115209400145e-15 -2.849465574306200129e-15 -2.847702389067499821e-15 -2.842550363358200147e-15 -2.842104099426099970e-15 -2.842313765378999884e-15 -2.849473940308700022e-15 -2.850387523408599942e-15 -2.852181002217000045e-15 -2.851409790968499877e-15 -2.849152579306200078e-15 -2.847697850571099894e-15 -2.848816638100900030e-15 -2.850822632353099866e-15 -2.850828862305300084e-15 -2.847548671285299885e-15 -2.842482287632599999e-15 -2.802985318025299983e-15
-3.180094324331499922e-15 -3.084086036433200039e-15 -2.884007404860300004e-15 -2.881846342851599987e-15 -2.861876678269699946e-15 -2.841826545761199993e-15 -2.844562098176399944e-15 -2.846125221581900047e-15 -2.852780990166500140e-15 -2.853681126087700005e-15 -2.854442645135799852e-15 -2.844580603072799848e-15 -2.843300349507199983e-15 -2.841948226010200174e-15 -2.846900603325399822e-15 -2.854983131847099988e-15 -2.858778217728199914e-15 -2.850198304248099947e-15 -2.832973874628000072e-15 -2.831123620074600091e-15 -2.831646446966399910e-15 -2.844704025404400000e-15 -2.996231482631800026e-15
-3.198062919104999843e-15 -3.091425156887000161e-15 -2.891130518524800140e-15 -2.887317011600700040e-15 -2.863142269381599909e-15 -2.839960902199899896e-15 -2.843261876000700070e-15 -2.845108197880500083e-15 -2.852930227605000101e-15 -2.853994945298599978e-15 -2.854978656886799825e-15 -2.844045579502699860e-15 -2.842636214211899823e-15 -2.841257571066500095e-15 -2.846998998942100152e-15 -2.856196148089199865e-15 -2.860473924601399824e-15 -2.850834212086299895e-15 -2.831759167233799913e-15 -2.829758092492600094e-15 -2.831005286878300186e-15 -2.846154676028700118e-15 -3.017857663665699879e-15
-3.197525584805900103e-15 -3.095723065258400049e-15 -2.886571431333899917e-15 -2.884159088720899984e-15 -2.862859002562200028e-15 -2.841576790258100008e-15 -2.844417837305299835e-15 -2.846038784950199820e-15 -2.852843271312600087e-15 -2.853728890510300049e-15 -2.854282962085899859e-15 -2.843505185530000154e-15 -2.842178639555699946e-15 -2.841029251663000116e-15 -2.846828592473400016e-15 -2.855993269810500122e-15 -2.860387014317300117e-15 -2.851116399737199991e-15 -2.831937922887099965e-15 -2.829801093213699966e-15 -2.829230881609799916e-15 -2.842464163423000080e-15 -3.001810178262399875e-15
-2.977853463055800065e-15 -2.953887170614600032e-15 -2.854303725741700015e-15 -2.861104187229200147e-15 -2.861784833616599921e-15 -2.850534121617499967e-15 -2.847490655243399807e-15 -2.846815601556499858e-15 -2.845831555504099921e-15 -2.845937057307500181e-15 -2.846742840146799982e-15 -2.848499048359100108e-15 -2.848553290986199894e-15 -2.848587498295100069e-15 -2.848884425928999925e-15 -2.849820174751200171e-15 -2.850909413365500045e-15 -2.850726517810400116e-15 -2.847743079391000013e-15 -2.847148010085499990e-15 -2.843773102555799971e-15 -2.842758114742300060e-15 -2.853280431228200038e-15
-2.978670676683600177e-15 -2.959093372834000071e-15 -2.850933086228399804e-15 -2.859938130611300174e-15 -2.863391094846899819e-15 -2.851696293081099841e-15 -2.847506520848099856e-15 -2.846456544800700151e-15 -2.844365749989499952e-15 -2.844381705271000121e-15 -2.845287994914700174e-15 -2.848790226790400140e-15 -2.849045046000599972e-15 -2.849385639294000193e-15 -2.849297489126600058e-15 -2.849539411581899875e-15 -2.850315921669899894e-15 -2.850733114470000162e-15 -2.848594812033099981e-15 -2.848019304535400179e-15 -2.843604271574699999e-15 -2.840883633312300194e-15 -2.837735984933100031e-15
-3.199889022166500173e-15 -3.096837366194500016e-15 -2.887106350185700181e-15 -2.883971081681899970e-15 -2.861772992867100179e-15 -2.840828944845899817e-15 -2.844250277105799864e-15 -2.846079316049500171e-15 -2.853653687631900168e-15 -2.854651385714400027e-15 -2.855407200131599846e-15 -2.843937765740300037e-15 -2.842438487587300053e-15 -2.840698077955400075e-15 -2.846069318232500188e-15 -2.855159021654600065e-15 -2.859813310315900154e-15 -2.851114171561699982e-15 -2.832687943657400017e-15 -2.830672013761700125e-15 -2.830930293522500185e-15 -2.844737771367100052e-15 -3.006979382119800121e-15
-3.236026945700299836e-15 -3.122512837401099928e-15 -2.890642413787799976e-15 -2.887786110454199923e-15 -2.864012480368099968e-15 -2.840521592469999980e-15 -2.843760928481599855e-15 -2.845589737910000009e-15 -2.853277685463999813e-15 -2.854292466831100020e-15 -2.855032951448999857e-15 -2.843421227993599873e-15 -2.841980004393500153e-15 -2.840713620501800047e-15 -2.846916036119399981e-15 -2.856600875395400114e-15 -2.860903658038099907e-15 -2.850330527383900003e-15 -2.829823712333200117e-15 -2.827676461198299905e-15 -2.828941143101300119e-15 -2.845047049716399862e-15 -3.027783863476800075e-15
-3.183906808700400059e-15 -3.083990422405700129e-15 -2.886435040709899998e-15 -2.884012952049799803e-15 -2.863220525232599892e-15 -2.842246026914000112e-15 -2.844728263902200157e-15 -2.846191724855099951e-15 -2.852321002929899993e-15 -2.853098598512400037e-15 -2.853465720585999980e-15 -2.843630500368700108e-15 -2.842519215793999972e-15 -2.842003726258099977e-15 -2.847917902950699823e-15 -2.856393963497499954e-15 -2.859562556555700166e-15 -2.849229942829500065e-15 -2.830681993277299867e-15 -2.828820607146100010e-15 -2.830735216443299909e-15 -2.845819806591699833e-15 -3.011619420447999947e-15
-3.186479255914400030e-15 -3.087676021953300105e-15 -2.885211217741699858e-15 -2.882307905702599827e-15 -2.861281080144199854e-15 -2.841455172487800177e-15 -2.844680206207000051e-15 -2.846398055320400018e-15 -2.853447373066299905e-15 -2.854355385483799857e-15 -2.854933898072100187e-15 -2.843988927906599902e-15 -2.842617506537400059e-15 -2.841263647831499940e-15 -2.846782844422599930e-15 -2.855692049123600078e-15 -2.859975221899999942e-15 -2.850838416714400131e-15 -2.831868508681300151e-15 -2.829736024055700002e-15 -2.828877535612100032e-15 -2.841627492249800188e-15 -2.996765469719199841e-15
-3.199815788557200192e-15 -3.099161775646500039e-15 -2.886082051488400053e-15 -2.883825213540699856e-15 -2.862366440441199902e-15 -2.840584687729400007e-15 -2.843639416455899897e-15 -2.845399376864300150e-15 -2.853084108863799947e-15 -2.854183642247500120e-15 -2.855426706724799934e-15 -2.844815975248900093e-15 -2.843276885594699847e-15 -2.841045480027899952e-15 -2.845543661795100143e-15 -2.854009553877800088e-15 -2.858847588070299833e-15 -2.851430254357600020e-15 -2.834312212746200033e-15 -2.832364068003100179e-15 -2.831902568783100068e-15 -2.844300127893900010e-15 -2.995507330676899971e-15
-3.189766763825900008e-15 -3.093928575104199874e-15 -2.883400651395499829e-15 -2.882591849373400121e-15 -2.863407756579800192e-15 -2.841564146593499830e-15 -2.843578726104100159e-15 -2.844973881999400161e-15 -2.851484554383400195e-15 -2.852471921071600124e-15 -2.853779732912700124e-15 -2.845534568666400149e-15 -2.844355850893799811e-15 -2.842986124794999883e-15 -2.847389476637300139e-15 -2.854805310914800176e-15 -2.858305796192299817e-15 -2.850106113104099811e-15 -2.833494477062899865e-15 -2.831680168021399848e-15 -2.831828456981400069e-15 -2.844127808968199843e-15 -2.989684457879700136e-15
-3.201476905627300095e-15 -3.097447262204700148e-15 -2.888229195959499944e-15 -2.885338367665400033e-15 -2.862780465040300007e-15 -2.840598326629499835e-15 -2.843786435611899938e-15 -2.845580658275699810e-15 -2.853241193685500145e-15 -2.854296495372600004e-15 -2.855313231975499850e-15 -2.844419437700000185e-15 -2.842949954014699897e-15 -2.841192232054299818e-15 -2.846368833678900120e-15 -2.855181782172999856e-15 -2.859581449425500163e-15 -2.850707537023700162e-15 -2.832248709317500084e-15 -2.830238066055099852e-15 -2.830568690614399979e-15 -2.844446562931699921e-15 -3.007178148724200131e-15
-3.205709797733699863e-15 -3.099392519343199932e-15 -2.890367894538099903e-15 -2.887217063408900037e-15 -2.863432412118700164e-15 -2.839634696495099969e-15 -2.842830047670999879e-15 -2.844691932111600123e-15 -2.852873065279500114e-15 -2.854059147311299966e-15 -2.855502129157599861e-15 -2.844995961024799952e-15 -2.843494247049799850e-15 -2.841525264966000008e-15 -2.846427791436200155e-15 -2.855053993374699808e-15 -2.859396478286199804e-15 -2.850586766128799835e-15 -2.832341837224599837e-15 -2.830381936208200134e-15 -2.831191075895200109e-15 -2.845512714105900188e-15 -3.011228005196800076e-15
