5.878685759445595613e+04 -3.150026894635090101e-15 9.798736971295081824e-17
5.879778018909806997e+04 -3.065152562159469703e-15 6.373614016745098038e-17
5.897708734672162973e+04 -2.879609893525549830e-15 1.432939592432962298e-17
5.900003981205038872e+04 -2.879298872188210491e-15 1.022591180210291201e-17
5.903402528102397628e+04 -2.862738858552933926e-15 8.382199900603144194e-19
5.909088302806013962e+04 -2.843273988503529505e-15 4.275101980722855917e-18
5.911103070120482880e+04 -2.844772504601819519e-15 1.639326044949860249e-18
5.911781228908267803e+04 -2.845894101052474785e-15 7.066849754637558033e-19
5.914672606539371191e+04 -2.851138367743829725e-15 3.244776495962403982e-18
5.915275450888514752e+04 -2.851907266669769976e-15 3.647960659552545532e-18
5.917369144845355913e+04 -2.852743536488359687e-15 3.740990393072969207e-18
5.922550191082480887e+04 -2.845166820986984725e-15 1.848794813683912341e-18
5.923257746403403871e+04 -2.844153198691899896e-15 2.478581291250356365e-18
5.925749144857586361e+04 -2.843156187927559980e-15 3.256835090557926766e-18
5.928438742839647603e+04 -2.847411146443509401e-15 1.365884898921743241e-18
5.931108990643027937e+04 -2.854337049460495553e-15 2.405862760419164794e-18
5.933801181437404739e+04 -2.857678880019464874e-15 3.788719726288513378e-18
5.936893249459200160e+04 -2.850429312516800153e-15 9.487024428246341847e-19
5.939984829401688330e+04 -2.835405816217804439e-15 6.545461035651549528e-18
5.940413101873620326e+04 -2.833732783655625503e-15 7.125317013711432829e-18
5.942879022663986689e+04 -2.833403257199989548e-15 5.480185100434544068e-18
5.944202590531646274e+04 -2.844013121781984789e-15 2.019827014901953572e-18
5.948685474479403638e+04 -2.972025165366089816e-15 6.670592306181903079e-17
