5.875554937308903027e+04
5.883345029684676410e+04
5.890314720728251996e+04
5.893717625949376088e+04
5.897704512639022141e+04
5.899999728998141654e+04
5.902591802188694419e+04
5.908469273203884950e+04
5.911161264182196464e+04
5.913968024141374917e+04
5.916955003687830322e+04
5.919534142899001017e+04
5.922528682091635710e+04
5.925236988236980687e+04
5.927513379010866629e+04
5.931104461944122886e+04
5.933796948959065776e+04
5.936888325559809164e+04
5.939980180530239886e+04
5.942874919853520259e+04
