5.875554937308903027e+04 -2.796707822838539301e-15 2.889691801328316307e-17
5.883345029684676410e+04 -2.831813163585322309e-15 2.221122179615865194e-18
5.890314720728251996e+04 -2.825393342625512636e-15 3.315196272473353148e-18
5.893717625949376088e+04 -2.817246545451532549e-15 1.769246331297521930e-18
5.897704512639022141e+04 -2.811411150662304988e-15 2.134696736165306365e-18
5.899999728998141654e+04 -2.811226435548727680e-15 2.108929235385541275e-18
5.902591802188694419e+04 -2.813720776979057708e-15 1.843019518010208545e-18
5.908469273203884950e+04 -2.824217360712597826e-15 2.142633569523145390e-18
5.911161264182196464e+04 -2.827694310485780561e-15 1.889348562343939501e-18
5.913968024141374917e+04 -2.828603902898599917e-15 1.433560794292934682e-18
5.916955003687830322e+04 -2.826276397319170700e-15 1.826452961229469152e-18
5.919534142899001017e+04 -2.822231950296755029e-15 2.372460891355381431e-18
5.922528682091635710e+04 -2.816779227144537432e-15 2.283793751903664751e-18
5.925236988236980687e+04 -2.812763574994924195e-15 1.865956643642586745e-18
5.927513379010866629e+04 -2.810951742333995398e-15 2.376897952197571232e-18
5.931104461944122886e+04 -2.811550521194194999e-15 3.627209328160165113e-18
5.933796948959065776e+04 -2.814048600496643059e-15 3.079379618484675381e-18
5.936888325559809164e+04 -2.817067154204903898e-15 5.181452236385361191e-18
5.939980180530239886e+04 -2.817674522434349678e-15 1.557733191002367232e-17
5.942874919853520259e+04 -2.814128516877942655e-15 2.990356675463647350e-17
