-2.750078386112800133e-15 -2.832979311094500194e-15 -2.830915197916400165e-15 -2.818045013717599923e-15 -2.808150696967600100e-15 -2.807598748172000169e-15 -2.811371284515999846e-15 -2.826987806277500097e-15 -2.831379562822399908e-15 -2.831387844064700121e-15 -2.826435860700600177e-15 -2.819731504168200107e-15 -2.812222868052199918e-15 -2.808352078571600081e-15 -2.808352586526500181e-15 -2.813816340907400178e-15 -2.819517279906599862e-15 -2.822616936755099809e-15 -2.816610008560699836e-15 -2.799555592753799906e-15
-2.825679866360100153e-15 -2.830206894261599824e-15 -2.822109595486500078e-15 -2.816672980456299955e-15 -2.812899289840200193e-15 -2.812854003151999861e-15 -2.814746950182700176e-15 -2.823329636577000135e-15 -2.826676679798299920e-15 -2.828087165546499847e-15 -2.826585127038499937e-15 -2.822992519143899831e-15 -2.817294147990199857e-15 -2.812322487468999992e-15 -2.809522805683500084e-15 -2.809689048351800054e-15 -2.814249727022900056e-15 -2.823661970853100072e-15 -2.835535122790399828e-15 -2.846125276432799804e-15
-2.810853120440599858e-15 -2.830137961085900016e-15 -2.824954880894000080e-15 -2.818863548964100170e-15 -2.813878537790700123e-15 -2.813160853895700031e-15 -2.814396090138899918e-15 -2.821995482663799993e-15 -2.825219065304499871e-15 -2.826835369978300058e-15 -2.826004973747400172e-15 -2.823339364140500108e-15 -2.818898718332499849e-15 -2.814841069846899853e-15 -2.812265750850699925e-15 -2.810957716893000171e-15 -2.812432258273300047e-15 -2.816033119814300128e-15 -2.820157537085200081e-15 -2.822834532043599920e-15
-2.790957728752899962e-15 -2.834773463528500163e-15 -2.825977852760900177e-15 -2.816425489534900150e-15 -2.810096499703000068e-15 -2.810161248652499814e-15 -2.813171815114899942e-15 -2.824482306500600081e-15 -2.827872648285000076e-15 -2.828510775326599994e-15 -2.825993449388300062e-15 -2.822098969743200170e-15 -2.817277379202499861e-15 -2.814074749948800091e-15 -2.812812439338800061e-15 -2.813141594595100083e-15 -2.813817244464399870e-15 -2.812532499128800074e-15 -2.806625206291600074e-15 -2.795839358783200005e-15
-2.864633652921300141e-15 -2.826738563205199958e-15 -2.818843136365000039e-15 -2.817701098058099972e-15 -2.816387923269600054e-15 -2.815939866784900137e-15 -2.816234611552800086e-15 -2.821224187539300019e-15 -2.824629967591099940e-15 -2.827357106119300129e-15 -2.827793021658300001e-15 -2.825321216553600124e-15 -2.819317817040999927e-15 -2.812408193290899922e-15 -2.807281443770500196e-15 -2.804887108235799986e-15 -2.810953558598300077e-15 -2.828418970410300071e-15 -2.856391024945500034e-15 -2.888376873668700172e-15
-2.751958854447399842e-15 -2.833423176812999989e-15 -2.830578917285999918e-15 -2.818155635525399922e-15 -2.808809316987900002e-15 -2.808311787690799958e-15 -2.811805520693900045e-15 -2.825886179215399881e-15 -2.829687952706900081e-15 -2.829557706168500010e-15 -2.825152594058999865e-15 -2.819418927984499992e-15 -2.813255857861399899e-15 -2.810308543373599920e-15 -2.810488898852000149e-15 -2.814548041825900122e-15 -2.817692403134299979e-15 -2.816606995327600106e-15 -2.805969053057399935e-15 -2.785324728348400186e-15
-2.819860262461899975e-15 -2.834375726674999897e-15 -2.823356983701799948e-15 -2.815839670351899883e-15 -2.811136189774900174e-15 -2.811429338304700179e-15 -2.814244536986799954e-15 -2.825021319233599996e-15 -2.828594523473000024e-15 -2.829538543406499876e-15 -2.827003619800800123e-15 -2.822449291502399863e-15 -2.816022520473299871e-15 -2.811014781944700124e-15 -2.808638943357100146e-15 -2.809838587513299975e-15 -2.814802003720499894e-15 -2.823424001322700143e-15 -2.832555399735199965e-15 -2.838763785600199803e-15
-2.763551684326699923e-15 -2.831691501784500195e-15 -2.829994109700100042e-15 -2.818765882945800088e-15 -2.809570574064300044e-15 -2.808585129176500052e-15 -2.811344881347099856e-15 -2.824844521573599954e-15 -2.829287395377699842e-15 -2.830203362099400166e-15 -2.826797946367299946e-15 -2.821370105393800066e-15 -2.814590330186099966e-15 -2.810278376144500187e-15 -2.809082657178800094e-15 -2.811799364952700069e-15 -2.815754007853399942e-15 -2.818579853758299966e-15 -2.815324481076900195e-15 -2.804007002892099889e-15
-2.795162182384600148e-15 -2.833138595853599938e-15 -2.822572350688700026e-15 -2.814849228207200111e-15 -2.811389355440700135e-15 -2.812708916865699923e-15 -2.816333231321799913e-15 -2.825650287819500126e-15 -2.827316274653599974e-15 -2.826473499477300090e-15 -2.823366581528099884e-15 -2.820007315509099998e-15 -2.816808366196100102e-15 -2.815402362520799820e-15 -2.815297272482700192e-15 -2.815604116499499829e-15 -2.814142698491499863e-15 -2.808121392822600041e-15 -2.795890968025399884e-15 -2.779214625861599805e-15
-2.773912668185500068e-15 -2.830932885284299855e-15 -2.829655642611800039e-15 -2.819523427680899891e-15 -2.810646743139000034e-15 -2.809275973957400112e-15 -2.811310541966899852e-15 -2.823713446835000173e-15 -2.828504104060899905e-15 -2.830360866231500173e-15 -2.828233136713500190e-15 -2.823699528830500097e-15 -2.817229849127899926e-15 -2.812306074820299906e-15 -2.810013035601500056e-15 -2.810594677125900196e-15 -2.813472419418000018e-15 -2.816675519556299924e-15 -2.816280284193299823e-15 -2.809987006611600111e-15
-2.789185811795500110e-15 -2.832479325683499806e-15 -2.827398069236899845e-15 -2.818363921997200166e-15 -2.811230359417599832e-15 -2.810456170904900191e-15 -2.812551115034199994e-15 -2.823205196026299808e-15 -2.827088575147999982e-15 -2.828502208692900184e-15 -2.826706564286900075e-15 -2.823066359591699996e-15 -2.817974145082400030e-15 -2.814133765846799926e-15 -2.812303205905300106e-15 -2.812404403209300044e-15 -2.814009848504300173e-15 -2.815328837664999870e-15 -2.813516852368499832e-15 -2.807236297219199944e-15
-2.809472619449200155e-15 -2.831963122630699856e-15 -2.821902345847800188e-15 -2.815544607527100085e-15 -2.812724602768499891e-15 -2.813872458221900083e-15 -2.817031063043199906e-15 -2.825485180488800075e-15 -2.827128140497700026e-15 -2.826364626466899864e-15 -2.823154645790499847e-15 -2.819357764453099825e-15 -2.815272667414500103e-15 -2.813071945227799974e-15 -2.812770930525700042e-15 -2.814834203464799823e-15 -2.817208104406299954e-15 -2.818719970223600043e-15 -2.816885882352900177e-15 -2.811095801290300172e-15
-2.791273556661400079e-15 -2.832284754758800134e-15 -2.823550566212099962e-15 -2.815372953763900018e-15 -2.810941622333499843e-15 -2.811843988353999935e-15 -2.815325744116099807e-15 -2.825584968202800073e-15 -2.827847953766899928e-15 -2.827328869777999888e-15 -2.823994602091199974e-15 -2.819953026129600151e-15 -2.815648566260700080e-15 -2.813373835377099868e-15 -2.812991387971000179e-15 -2.814310833360300167e-15 -2.814999341556999922e-15 -2.812712393794799871e-15 -2.804827116828299916e-15 -2.791731956657400065e-15
-2.751977658002600075e-15 -2.834247204528900122e-15 -2.829204408220599881e-15 -2.816983937026399816e-15 -2.808790178963800040e-15 -2.809027564959300157e-15 -2.813101929446199868e-15 -2.826917572789800119e-15 -2.830107034826599984e-15 -2.829439774540900035e-15 -2.824932855355499982e-15 -2.819623395853700176e-15 -2.814377533211699896e-15 -2.812212886311199897e-15 -2.812576227407599863e-15 -2.815149043200699955e-15 -2.815281987001700135e-15 -2.808750333798499833e-15 -2.791320225148700009e-15 -2.764437980834700014e-15
-2.826337081932800158e-15 -2.829656310516900109e-15 -2.822099065249700130e-15 -2.817083228099700170e-15 -2.813444517713899825e-15 -2.813241548239200191e-15 -2.814799549027000014e-15 -2.822650793173099984e-15 -2.825997698436200193e-15 -2.827736277036399811e-15 -2.826864965539499844e-15 -2.823868967655899879e-15 -2.818625389577300176e-15 -2.813581474803499863e-15 -2.810237416803200106e-15 -2.808623011002200173e-15 -2.811310860093699877e-15 -2.818479821536200146e-15 -2.828644290374899997e-15 -2.838690826024499804e-15
-2.803683257323600090e-15 -2.831808425265200094e-15 -2.825511310326200094e-15 -2.818213724926700045e-15 -2.812628839639100004e-15 -2.812043816174900184e-15 -2.813708277701499959e-15 -2.822273983564700003e-15 -2.825560683869699960e-15 -2.826978266338199928e-15 -2.825832700037800159e-15 -2.823008092489499908e-15 -2.818672642527300133e-15 -2.814951739164699839e-15 -2.812677294010300113e-15 -2.811299868073799842e-15 -2.811749786212999883e-15 -2.812666336140899823e-15 -2.812418073753100031e-15 -2.809920495360300013e-15
-2.816012766807900057e-15 -2.832294488004899871e-15 -2.822164697429299951e-15 -2.815778852500799887e-15 -2.812337145920399893e-15 -2.812982744678999980e-15 -2.815687995270799946e-15 -2.824533461997099925e-15 -2.827083552537300036e-15 -2.827451546313200125e-15 -2.825198278240899888e-15 -2.821662501936900165e-15 -2.816982063208200169e-15 -2.813474709208299867e-15 -2.811766367426900003e-15 -2.811915898166199833e-15 -2.813919952897399909e-15 -2.816925538117500020e-15 -2.818950686352999850e-15 -2.818583638958100002e-15
-2.772323134046599947e-15 -2.834573615942799980e-15 -2.828670985982600106e-15 -2.817582079497099933e-15 -2.809544633294200160e-15 -2.809192531429999852e-15 -2.812300480802500188e-15 -2.824838698724300099e-15 -2.828482382364000111e-15 -2.828868707678499886e-15 -2.825622537974799885e-15 -2.821032908432399943e-15 -2.815817968163000160e-15 -2.812989194773199855e-15 -2.812642868231799994e-15 -2.815114477288000028e-15 -2.817206783237700185e-15 -2.816196983237500182e-15 -2.808042622571100122e-15 -2.792351909006199891e-15
-2.841850779479200024e-15 -2.830976068962500019e-15 -2.820324860198200076e-15 -2.816158247694499879e-15 -2.813596464329400044e-15 -2.813645485773300131e-15 -2.815103659621299889e-15 -2.822174448255400041e-15 -2.825524365555099935e-15 -2.827747673634099839e-15 -2.827810474531299877e-15 -2.825668911785100149e-15 -2.820997430454099848e-15 -2.815714888591800119e-15 -2.811501020752799947e-15 -2.807529025834200158e-15 -2.808257530331600099e-15 -2.813992477355900105e-15 -2.824660802364699986e-15 -2.837603468512200017e-15
-2.805114380954800103e-15 -2.834683559493299942e-15 -2.824271821628100150e-15 -2.816480860417500105e-15 -2.811921366058999909e-15 -2.812311823040100132e-15 -2.814983058606900120e-15 -2.824052542334400093e-15 -2.826691854383499925e-15 -2.827235562677299817e-15 -2.825422403048599934e-15 -2.822541570030999888e-15 -2.818812511594700154e-15 -2.815986143632699868e-15 -2.814323833469800003e-15 -2.812654110285800074e-15 -2.811173204205300043e-15 -2.807705281613600076e-15 -2.801152703210699853e-15 -2.792109045068899998e-15
-2.813806272275200026e-15 -2.832973421000799961e-15 -2.824785470517399986e-15 -2.817517568707799808e-15 -2.812111999952600000e-15 -2.811664511361399972e-15 -2.813555988667000040e-15 -2.823041969731600191e-15 -2.826811036484999975e-15 -2.828548138175900087e-15 -2.827321098589200130e-15 -2.823977827449799835e-15 -2.818589977648499828e-15 -2.813772836404800195e-15 -2.810788197032399931e-15 -2.809452595762500184e-15 -2.811421327284900108e-15 -2.815989586574500010e-15 -2.821232702633600101e-15 -2.824801614306600114e-15
-2.809138933918100068e-15 -2.831610170892700091e-15 -2.824521488261200011e-15 -2.816544796933799950e-15 -2.810578083341100021e-15 -2.810353203605800187e-15 -2.813069602369300191e-15 -2.825433485321899825e-15 -2.829933175989200056e-15 -2.831378609128599911e-15 -2.828518133568000125e-15 -2.822950001525600044e-15 -2.814831158223700024e-15 -2.808372540662000094e-15 -2.805297000090299918e-15 -2.807120480276999887e-15 -2.814196406710999970e-15 -2.826684055026499881e-15 -2.840269825632299955e-15 -2.849917533771699810e-15
-2.824793909315999990e-15 -2.830195947889799897e-15 -2.822551345591800135e-15 -2.817236131320000072e-15 -2.813342844057799875e-15 -2.813092916666599998e-15 -2.814690435847800164e-15 -2.822864668748300033e-15 -2.826377244928599894e-15 -2.828242028756399843e-15 -2.827417434149899989e-15 -2.824368323534599840e-15 -2.818935297515399815e-15 -2.813586418775199850e-15 -2.809878425084500121e-15 -2.807482945834800100e-15 -2.809434202287000072e-15 -2.815656457117600001e-15 -2.824881686476400077e-15 -2.834210867386100121e-15
-2.749554456892100104e-15 -2.832868068650399973e-15 -2.832292297491100169e-15 -2.819104291596200100e-15 -2.807975354489199915e-15 -2.806569456226800060e-15 -2.809545921257499910e-15 -2.825072101487200010e-15 -2.830330575044600103e-15 -2.831607781749100147e-15 -2.828017460291500093e-15 -2.822156013175700009e-15 -2.814939547225700072e-15 -2.810613608441200074e-15 -2.809790874650300020e-15 -2.813597540053100056e-15 -2.818260598956199816e-15 -2.820930652215799989e-15 -2.815639821250100153e-15 -2.800279389358900166e-15
-2.834883947544100191e-15 -2.830861349572699850e-15 -2.818671559254600027e-15 -2.814435826758299957e-15 -2.813319370255500060e-15 -2.814650682033899924e-15 -2.817471067647000100e-15 -2.825125566429000059e-15 -2.827184575513099869e-15 -2.827376381948800072e-15 -2.825242721583400067e-15 -2.821840917434899992e-15 -2.817033879457499995e-15 -2.812991451611900112e-15 -2.810586461782600059e-15 -2.809766277526699963e-15 -2.811905487414300118e-15 -2.816943786591999882e-15 -2.823687310821700029e-15 -2.830183474311400097e-15
-2.807232776068099872e-15 -2.830034135068200183e-15 -2.827368370538700024e-15 -2.819793724514100073e-15 -2.812353370732599956e-15 -2.810729600996300057e-15 -2.811889481364099971e-15 -2.822907597566900129e-15 -2.828182794802100069e-15 -2.831067805181399819e-15 -2.829827293538900002e-15 -2.825175269082200126e-15 -2.817069458608599975e-15 -2.809530720927799809e-15 -2.804922017898799816e-15 -2.804028468125999988e-15 -2.809736509982499924e-15 -2.822350070550199899e-15 -2.838436119226399943e-15 -2.852463642647800135e-15
-2.800707879706399868e-15 -2.830394272759199821e-15 -2.824693243602199969e-15 -2.817088954478499812e-15 -2.811363936142699803e-15 -2.811035182596099921e-15 -2.813337865619199867e-15 -2.824005730351700115e-15 -2.827937008992399900e-15 -2.829400817121400049e-15 -2.827471658118699929e-15 -2.823394154453499996e-15 -2.817340192453699887e-15 -2.812346591899300028e-15 -2.809600681301700183e-15 -2.809172790009300020e-15 -2.811838050854200191e-15 -2.816554574872800072e-15 -2.820595853224900139e-15 -2.821474813349499848e-15
-2.810525686718099928e-15 -2.829572351140299934e-15 -2.826193157232399943e-15 -2.819533971570300167e-15 -2.813160947378300031e-15 -2.811759399595199841e-15 -2.812659835601600180e-15 -2.821578189146599937e-15 -2.825892723302700046e-15 -2.828361102113299862e-15 -2.827656979918799817e-15 -2.824307730047800188e-15 -2.818383847447199916e-15 -2.812909142345100006e-15 -2.809640438010499853e-15 -2.809277445132999811e-15 -2.813695593361100006e-15 -2.823063125903000000e-15 -2.834636739719300061e-15 -2.844292911472900128e-15
-2.817066757769199999e-15 -2.831492689906600145e-15 -2.821463639874500152e-15 -2.815852251043400071e-15 -2.813141708413300046e-15 -2.813880507208000167e-15 -2.816334934831500149e-15 -2.823784817147999836e-15 -2.825842063124100014e-15 -2.826147152967400186e-15 -2.824440369636199963e-15 -2.821782202711599976e-15 -2.818242427672800153e-15 -2.815437142294999873e-15 -2.813757601946499916e-15 -2.812470180189000119e-15 -2.812148802814600066e-15 -2.811537402348300077e-15 -2.809746941222000082e-15 -2.806608604000100184e-15
-2.783880139824200140e-15 -2.835464886807399883e-15 -2.821536469228400097e-15 -2.812047359415800075e-15 -2.808972197303099889e-15 -2.811646055884700172e-15 -2.817250958190700182e-15 -2.829372443245399813e-15 -2.830438601846499889e-15 -2.827760606228999844e-15 -2.822098649751299857e-15 -2.816884623168999887e-15 -2.812865263917799940e-15 -2.812371832778299919e-15 -2.814133320057799867e-15 -2.818240887991999979e-15 -2.818832776875900175e-15 -2.812480930946600081e-15 -2.795731866693199837e-15 -2.770855451782500098e-15
-2.802321625229300024e-15 -2.829865228934499816e-15 -2.826262908709099895e-15 -2.818799221342999909e-15 -2.812127811820600055e-15 -2.810950729298799999e-15 -2.812329557499500026e-15 -2.822206712781099895e-15 -2.826556928074899822e-15 -2.828793217866999958e-15 -2.827743198494600060e-15 -2.824228039944799951e-15 -2.818454337185299998e-15 -2.813439479503800094e-15 -2.810656976420700184e-15 -2.810685577087200064e-15 -2.814537282240399950e-15 -2.821784481936099992e-15 -2.829452212329900144e-15 -2.834126429556700025e-15
-2.732822220988800163e-15 -2.836969566803999962e-15 -2.830717077881400155e-15 -2.815680023865100157e-15 -2.805996747300499871e-15 -2.806632879313600181e-15 -2.811977229456999918e-15 -2.828774285410699950e-15 -2.832068478012600007e-15 -2.830427012550300009e-15 -2.824180793383100129e-15 -2.817508644574300038e-15 -2.811726943321700193e-15 -2.810518521575300039e-15 -2.812694783882400129e-15 -2.818930584458899921e-15 -2.820991254936599923e-15 -2.813868799377000183e-15 -2.791342244414300068e-15 -2.755239027732900095e-15
-2.796958579180800149e-15 -2.831383038330200091e-15 -2.826739006968200108e-15 -2.818042119444899828e-15 -2.810724171458099814e-15 -2.809747335303399886e-15 -2.811778864989399991e-15 -2.823578201590100172e-15 -2.828359503315300133e-15 -2.830465370806600086e-15 -2.828647751812199999e-15 -2.824121932101999827e-15 -2.817088524999200152e-15 -2.811136932467700012e-15 -2.807849718705699851e-15 -2.807632706873299841e-15 -2.811563667577700044e-15 -2.818810203238199970e-15 -2.825986869326600096e-15 -2.829545770033100179e-15
-2.823403797878800153e-15 -2.827269641335300076e-15 -2.826003390052099875e-15 -2.820905866397500102e-15 -2.814663056979099868e-15 -2.812565842340599832e-15 -2.812405669112200032e-15 -2.820072775854599823e-15 -2.824878827261599999e-15 -2.828343796763199803e-15 -2.828656368523199886e-15 -2.825647600124999854e-15 -2.819165958424199808e-15 -2.812448915803300190e-15 -2.808029381351600066e-15 -2.807084695893299968e-15 -2.813323548857700103e-15 -2.828251754536899832e-15 -2.849224759724299928e-15 -2.870110195633299876e-15
-2.822310342495700156e-15 -2.829322705782000081e-15 -2.823792441636000126e-15 -2.818749398479999940e-15 -2.814313212285199865e-15 -2.813434050920400014e-15 -2.814212668628799945e-15 -2.821046244311999934e-15 -2.824522102500700123e-15 -2.826799356916699897e-15 -2.826805072124700190e-15 -2.824620508144599980e-15 -2.820105222899799892e-15 -2.815293548752200124e-15 -2.811717905389499918e-15 -2.808886169042199870e-15 -2.810081381245600174e-15 -2.815211637083699904e-15 -2.823403908025099910e-15 -2.832075259307399972e-15
-2.792988884559200160e-15 -2.828261165407300045e-15 -2.827096698434699919e-15 -2.819574678262100108e-15 -2.812459214071900109e-15 -2.811016806080800038e-15 -2.812163322541399931e-15 -2.821836535322700069e-15 -2.826214334364599988e-15 -2.828545256355200170e-15 -2.827672158669700133e-15 -2.824369456983099956e-15 -2.818872172085100178e-15 -2.814045716245799931e-15 -2.811273583691800179e-15 -2.810780014644100164e-15 -2.813602636427499939e-15 -2.818852025163500171e-15 -2.823705693559599814e-15 -2.825294041425499922e-15
-2.769352184008499983e-15 -2.832444808041300037e-15 -2.827359063068799899e-15 -2.817042584854300197e-15 -2.809853818046300175e-15 -2.809807628158800056e-15 -2.813036205180199836e-15 -2.825200493605800117e-15 -2.828663579894499955e-15 -2.829062556728500145e-15 -2.826111399218200020e-15 -2.821925934419799930e-15 -2.817092867566699831e-15 -2.814200829261799844e-15 -2.813264972081600182e-15 -2.813494384538500089e-15 -2.812836903798999832e-15 -2.807890204940799854e-15 -2.795703317581999965e-15 -2.777056034813600185e-15
-2.797593608055400191e-15 -2.830215883976600116e-15 -2.826926435040099986e-15 -2.819011245805099805e-15 -2.812008273617300015e-15 -2.810833957695800048e-15 -2.812363412615200104e-15 -2.822699628917299809e-15 -2.827085968924100112e-15 -2.829167211452299917e-15 -2.827772034703700121e-15 -2.823885929163899898e-15 -2.817700975916100062e-15 -2.812392390916700050e-15 -2.809419233754200037e-15 -2.809139689579400057e-15 -2.812604281603700190e-15 -2.819063701811300195e-15 -2.825486586239100023e-15 -2.828653775677400020e-15
-2.743349857071100194e-15 -2.835442638735000105e-15 -2.827170949984100087e-15 -2.814344796850000127e-15 -2.807620912615200008e-15 -2.809347275390499837e-15 -2.815013557549299973e-15 -2.829363849425900151e-15 -2.831010973353400030e-15 -2.828130141259799862e-15 -2.821584365436800163e-15 -2.815585914636500004e-15 -2.811353956527700037e-15 -2.811686122661399805e-15 -2.814780106461599845e-15 -2.820976846838100059e-15 -2.821553235639700004e-15 -2.811487613443800180e-15 -2.785616684861100031e-15 -2.747198778116600085e-15
-2.781741601195100037e-15 -2.832519617004999834e-15 -2.825531893911000040e-15 -2.816152617527999966e-15 -2.810234138814500182e-15 -2.810695402842800035e-15 -2.814192163702099858e-15 -2.825877112315099885e-15 -2.828801508242799968e-15 -2.828566020298099942e-15 -2.824964613355899896e-15 -2.820334747862899831e-15 -2.815278304727699981e-15 -2.812648955600199939e-15 -2.812441627618800189e-15 -2.815089097123699859e-15 -2.817429071664899894e-15 -2.817125871284899836e-15 -2.810441413324599963e-15 -2.796962858505900081e-15
