58768.917787085438114 -0.0085793487234941790818 165.9555109928953982
58778.889445815327754 -0.0083042533869950022063 202.64353970998590171
58779.886806698393976 -0.0087853081640824976837 195.85276424524937511
58780.884005079895577 -0.0084567816579851708163 182.52326692756744819
58847.727298800157001 -0.007097869284924479601 65.408162661947002903
58854.38987278631884 -0.0068546924635816949346 73.725365631276090994
58913.521067337319334 -0.0051898214904569145218 58.447359209324915241
58998.252479274972252 -0.0024847801812705672029 171.76005742828880329
58999.249754224482718 -0.0022259869368240242731 166.78796160419682337
59000.247210804806336 -0.0019646489085563031084 185.34151804243791162
59001.244437953460181 -0.0020723634512411836148 219.50780661711209518
59004.236444426315021 -0.0022573287227737380194 503.19507017299116569
59005.233767173808673 -0.0021735094226522181246 531.17211908305307588
59006.231099477650748 -0.0023980007345133728555 547.69319872233950264
59009.22303905217866 -0.0015670718410769794258 679.95889899093924669
59010.220352249056877 -0.00089952765767672526044 787.7055588518330751
59011.217646319037964 -0.00095221359242106472613 646.65394730244861421
59015.206927740085654 -0.0026782300727046527945 788.37334626562028461
59017.201515886782644 -0.0026048793962427975425 524.44139916119797817
59018.19877173235923 -0.0017420073127503284427 717.37522937037715565
59020.193398120053971 -0.0016270247320907357004 206.39387839637703337
59021.190711312469027 -0.0017482623697727165314 217.35675958935755148
59022.222687225901563 -0.0018626969344917505325 214.5756348027021545
59023.220000420314875 -0.0018858635644060070121 265.49635222274088164
59025.214598136457223 -0.0015415663119161076385 333.97442345684061138
59026.211844419136241 -0.0012673400294702244925 254.56069728708899902
59027.209205409570245 -0.0015617750307189668812 250.21699856118314642
59031.198295686368041 -0.0016983699629917125888 446.59099830519159013
59032.195570660309595 -0.00053947249503042577992 333.84031592838545066
59033.192797817030339 -0.001124228964592565541 329.76314776689690689
59037.182041055490696 -0.0012955320939217663517 270.66331018190368241
59038.179096153030645 -0.0010536118776017314329 286.63255618604523534
59039.176600544721623 -0.0010218940908913272828 237.37037672754581763
59040.173722558482048 -0.00087303311334529689612 266.08481789948245932
59041.170997521365056 -0.00099942661518529614156 230.1278778910612175
59042.168329845175222 -0.00081941990476487427767 207.67492376311847124
59043.16562392729772 -0.00099717387977493545295 197.31751922202309402
59044.16289889532511 -0.00078904422587134951126 166.47168740960808009
59045.160164301778885 -0.00079734583325584218708 191.52190274025826966
59049.149187694483338 -0.00077708088981551619748 252.85996740921095238
59052.14110819005813 -0.0012191363569585456327 272.09481224960848067
59053.138201538262255 -0.00043016431199063594573 259.7822294687472322
59054.135686817327528 -0.00039880687737098168971 257.26288666655915449
59055.132713241983893 -0.00029637951786698442824 244.25864005511817822
59056.130036008465318 -0.00044250286757555741058 318.86550238695360804
59057.127177147537843 -0.00036996569359060185152 457.12445445819344059
59058.12443300365015 -6.4010326623451207365e-05 349.41190682542628565
59059.121755769169482 -0.00040320536753798534266 309.61416291374297316
59060.118992505635379 -0.00022763190608139351739 358.64807628085577562
59061.116133641753937 -0.00055688578687620863896 309.31283420901286263
59073.08310832825082 -0.00036521644245313442328 250.55319494336836783
59075.07748621833467 -3.2991790272854211212e-05 241.33371709040423525
59081.06075371749073 -0.00026103317478096606616 255.73745360489365908
59084.05487294876713 0.00029940792990001698746 1444.2760555329480212
59101.004695249231826 0.00092938689217963896529 245.19538872220076087
59130.920077297612142 0.001380900550046927013 302.7949250605005318
59134.908814056004442 0.0017968307910842822947 351.37028306614581652
59144.84622267539563 0.0018184541400346054338 112.48580421805549179
59155.849505275483271 0.0020123113175503147219 338.60349071321547854
59178.784976154195707 0.0021451125170488345241 263.16078677237072725
59179.782241621499288 0.0024471183736602700565 215.85428732536979624
59180.779421052620975 0.0026483849079380652465 236.21176125335401252
59181.776581359363586 0.0023471114379253201131 237.19489824593074445
59182.773521801341744 0.0023187341254324625272 243.13360567430109427
59183.771446874335719 0.002530239637335703221 274.98143402901445143
59187.759830015454199 0.0024340769620312233478 200.56959745432953923
59188.757009448395724 0.0024994467447097322843 195.9795520007193943
59189.754169760421597 0.0023615203654267410117 195.34374511012930498
59190.751444791391638 0.0026209893992471280578 203.47822989322727949
59191.741760507821187 0.0025539553168200229606 215.80262465340243239
59194.734149609466947 0.0028845105251420798702 324.31352572834998682
59195.730535607429946 0.0029505617460998645972 316.79219159766290659
59200.716748251976121 0.0028770176727501347356 259.08016748087851511
59201.713899007407342 0.0025501029556187849152 186.3955352654380988
59202.71146082238635 0.0023014809980840892167 208.15619222418644085
59203.708181416316126 0.0032580203709350177849 197.58384471454473896
59204.705485118855439 0.0024076017561866876717 197.51411307537077278
59252.574859321432342 0.0028905116939126835297 306.38428147943676549
59256.563252146377028 0.0034250565454611388586 252.2453193675878822
59260.553575988595515 0.003334835893685498245 207.62534307658123112
59265.540773396697841 0.0030762812614081787713 203.70150475119751832
59270.527607556735642 0.0029982142657256279779 174.50867872975402406
59271.524500243200741 0.003334502752492402202 221.27648062306363386
59275.513648293815407 0.0033016517112197701557 173.3256169476813966
59280.480961986289639 0.0030042438953644490925 57.285493128970536247
59291.471225186056252 0.0026566102190423871421 206.35598066744358903
59333.046037635156363 0.0029219317111931520976 58.566419023223893703
59409.142602927849925 0.0021495811497947727503 75.974653919499758103
59415.025085532529047 0.0020471331777954237422 63.068210716295183715
59418.145782447160297 0.0019813872260909562244 55.437331384962874381
59454.997700211205839 0.0014040154263722711772 61.221663024633791395
