1.776651907213100044e-14 -4.267385312405999890e-14 4.906717014325799958e-15 -6.975203962852700400e-16 -1.113752489774599906e-15 -5.098124626058999868e-16 -8.633622117288000015e-16 -2.766371891812999950e-16 -3.102483140010599829e-16 -4.491514747576800167e-16 -6.088861715520199521e-16 -4.401375515205800163e-16 -3.780589326427099854e-16 -4.891675014662200443e-16 -5.048907533273799662e-16 -6.314986864261700407e-16 -8.925751292046999090e-16 -2.882387118861799942e-16 1.129816727220399970e-15
-4.026201660876500200e-14 -3.195808798489600266e-14 5.070280625717499670e-15 -7.020766805311999690e-16 -1.094475662224699949e-15 -5.505220614861599516e-16 -8.773367951448200303e-16 -2.762887655700600034e-16 -3.403292786962600163e-16 -4.578100399082299678e-16 -5.480561703685100360e-16 -4.551595095889099627e-16 -4.941814325639599685e-16 -4.558235304843799573e-16 -3.933959471783599940e-16 -6.810465629911800227e-16 -8.058326462739699705e-16 -3.962324597603999993e-16 2.006465136252799993e-15
-2.302571688948300061e-15 -9.127999829789599486e-14 7.969456702933899662e-15 -1.007356921908700065e-15 -1.065800724489400067e-15 -6.481249513465300141e-16 -8.177777774694500340e-16 -2.808121190968600047e-16 -3.476796193300499965e-16 -4.460593871005199564e-16 -5.897651888673800327e-16 -5.108392489465099563e-16 -3.133625454599100129e-16 -4.142151960832799974e-16 -6.972289169393000418e-16 -3.355730495889299967e-16 -1.060852199233799982e-15 -1.385127468118700008e-15 1.334089916558600025e-14
-2.018016330456400005e-14 4.314620516025100088e-15 2.228442415783799906e-15 -4.651413997900800163e-16 -1.096633015879900071e-15 -3.917296352924900243e-16 -9.060822449269399561e-16 -2.927437992353400222e-16 -2.780224107061500122e-16 -4.449496287897899765e-16 -6.401112121592900293e-16 -4.158280023167200105e-16 -4.164905774198599991e-16 -5.356843024975600274e-16 -3.298284809809599788e-16 -6.546202108454400180e-16 -9.707048224987499468e-16 5.406236055410800164e-17 -3.052049175257700066e-15
6.616716612104399846e-15 2.114263672349100034e-14 7.932461199466300397e-16 -4.088086261777900211e-16 -1.126421628793199968e-15 -2.807739378510699791e-16 -9.378440017641000010e-16 -3.292851755683599873e-16 -2.545303429543099788e-16 -4.343136278394700091e-16 -6.598870438131200150e-16 -3.888786437588999957e-16 -4.058053558248000072e-16 -5.909320257585899951e-16 -3.598432969822900074e-16 -7.844227183304600435e-16 -6.755912494567500212e-16 5.084157199471199592e-16 -1.021067417749500055e-14
-1.828147672332699997e-14 -5.083033033691900286e-14 5.793042470305100147e-15 -8.651360189963599979e-16 -1.089507863278799988e-15 -5.506166286533500212e-16 -8.226761371120099991e-16 -3.128405256337699888e-16 -3.690301861277200212e-16 -4.562899662487099869e-16 -5.295307049763699864e-16 -4.760277417953199986e-16 -4.448408383399400369e-16 -4.123066021983799782e-16 -5.678641669417300012e-16 -6.981456405109199754e-16 -5.028794146173799840e-16 -8.099608304526699821e-16 2.300796438072300132e-15
-3.270642213829899883e-14 -6.038911340407500047e-14 7.114492850131999744e-15 -1.016130217808100046e-15 -1.145517645504599961e-15 -6.104591685287199953e-16 -9.410236293756499151e-16 -2.657990005059300080e-16 -3.667839342177800194e-16 -4.843336573684099698e-16 -5.456692922407500135e-16 -4.308908590181900081e-16 -4.439097996133199930e-16 -4.645204319431799897e-16 -5.117856117106499821e-16 -5.803192827971300431e-16 -8.054696214672699641e-16 -8.970362104858700517e-16 6.317275027715799686e-15
7.122774155538399554e-15 -5.233127333660999711e-15 2.129103789781799824e-15 -6.365958802062399752e-16 -9.775369425311500098e-16 -4.349455839027600091e-16 -9.003146345215300098e-16 -2.964347491491299926e-16 -2.734936864438999987e-16 -4.338762557193099931e-16 -6.499768109592100390e-16 -4.554036685650499777e-16 -3.935104376823699770e-16 -4.801943424349100278e-16 -4.015316321823099763e-16 -7.210619307807000147e-16 -8.380458439638299572e-16 -9.143934298492800333e-19 -3.171805790622799897e-15
-1.881195442410500094e-15 1.144576861607600003e-14 1.046552403081099967e-15 -4.016574671308899760e-16 -1.033481081765800041e-15 -3.329695174483599849e-16 -8.682584825235499720e-16 -3.294503760521300095e-16 -2.479994875381399755e-16 -4.073903435365000089e-16 -6.532161323301499625e-16 -4.482691164040499865e-16 -3.929874529049599877e-16 -5.240261788753399942e-16 -3.788340536708599895e-16 -7.354338570319499876e-16 -9.313744209017299194e-16 4.252780448580999834e-16 -4.892682631781100385e-15
5.217148807745699604e-16 3.846214896351299858e-14 -7.672686377449600371e-16 -4.882515755039700097e-16 -1.074469580974399965e-15 -2.441655427410399950e-16 -9.731658197213099946e-16 -3.167631479117699793e-16 -2.178656467907000045e-16 -4.301093903037000229e-16 -7.148586343690900448e-16 -3.832256595650699803e-16 -4.025769869961800063e-16 -6.446906731458700122e-16 -1.837002908561899904e-16 -5.830023951049399671e-16 -1.191658156492500041e-15 6.164036257261800447e-16 -8.751858519185799753e-15
-2.504798221226299898e-14 -1.066249160375000014e-14 3.281454839741900115e-15 -7.516392703349000065e-16 -1.082685874535999905e-15 -4.849770090401000382e-16 -9.324766051755500865e-16 -2.527081394392199910e-16 -2.983628253100899952e-16 -4.652124891560699628e-16 -6.242799834521500467e-16 -4.224783832587800210e-16 -4.565145321370700148e-16 -5.329337756418899801e-16 -3.234304282746100183e-16 -6.137473627371999680e-16 -9.545989539283900091e-16 -1.621076397933799900e-16 -8.300005580342200322e-16
-5.322866330376999942e-14 -9.239771975172400007e-14 9.985770000878899666e-15 -1.266424916339700071e-15 -1.185635257860800070e-15 -7.675863033777800148e-16 -9.366692641659900484e-16 -2.186185344655000047e-16 -4.387431043998299779e-16 -5.282381037917499970e-16 -4.756355573046300033e-16 -4.353825893177199851e-16 -4.938600932933299850e-16 -3.841667146096900030e-16 -6.037115750538199513e-16 -7.130378581231100245e-16 -5.109684744093199624e-16 -1.250251890516799944e-15 9.489798990467400762e-15
-5.925524588274500142e-15 -8.878592738464299305e-15 2.060596153696299969e-15 -6.302877973502400174e-16 -9.557834041009199425e-16 -4.051944331777300007e-16 -8.484705361791299806e-16 -3.404246205013300038e-16 -2.863566736186900004e-16 -4.217182221081500120e-16 -6.261768224566199776e-16 -4.498610924853600015e-16 -3.753615534271600213e-16 -5.118833008343500217e-16 -4.206971376073500017e-16 -5.482451021120399608e-16 -1.022232383627699947e-15 -2.893014370396100027e-16 -6.897583596221000190e-16
-9.613713191113499250e-15 -8.371985430934499440e-15 2.945246323537000017e-15 -6.005333930013299786e-16 -1.110625567175000029e-15 -4.195552034457499898e-16 -9.455990471928700191e-16 -2.733270370496899808e-16 -2.562308576353400020e-16 -4.384205501913099932e-16 -6.765293156193400170e-16 -4.336465289068499926e-16 -3.577976127225999834e-16 -5.263951025473200469e-16 -4.718059054954800010e-16 -6.773444021712299647e-16 -7.573223921151100419e-16 2.205337627121000120e-18 -3.076331098119200034e-15
-3.008218841934399916e-14 -3.816018305995199960e-14 5.197443782312999746e-15 -7.821718293740500273e-16 -1.052028724064000060e-15 -5.665194823922300416e-16 -9.281603238335900877e-16 -2.640076147847999875e-16 -2.830705849555999755e-16 -4.250638348774299956e-16 -6.193395914985600099e-16 -4.931285745809500351e-16 -3.631334353856799822e-16 -4.198799510971399967e-16 -6.147607156443799694e-16 -6.608903942186399832e-16 -6.122070351917699994e-16 -8.086783240055799525e-16 3.849007155547899713e-15
-1.506689136569300121e-14 -1.525426188268800010e-14 2.524399370230600090e-15 -7.569768498146700492e-16 -8.801259824545100391e-16 -5.211982568114800196e-16 -8.076710087157299922e-16 -3.060862778839599902e-16 -3.329974154069900150e-16 -4.473263311912300433e-16 -5.677160815061699561e-16 -4.483334197106600249e-16 -4.569462732615999831e-16 -5.014698292924700355e-16 -4.128954103531299872e-16 -6.228643342914000086e-16 -8.531734645891600421e-16 -2.438086352085599937e-16 2.484693407506999985e-16
1.185543493717700065e-14 -1.141818359293199940e-14 2.790822940434299996e-15 -6.391486608200299701e-16 -9.663543561129399723e-16 -5.181740862942000252e-16 -9.073077761049199514e-16 -2.370402636862800108e-16 -2.848423044775700014e-16 -4.595713335069399720e-16 -6.489167505148800414e-16 -4.312115425337400031e-16 -4.031997495560600157e-16 -5.063363808028400340e-16 -4.375943773270099799e-16 -7.293768507536700238e-16 -6.695305727682399733e-16 -1.167836480117300070e-16 -3.585806653570600206e-15
-1.021433395043400025e-14 3.998560138051600349e-15 1.793074083109000047e-15 -5.760388012886699688e-16 -1.023255408654900081e-15 -3.991542372313200044e-16 -8.578081748815000392e-16 -3.188613468121800208e-16 -3.212386676262899877e-16 -4.590612331771400412e-16 -5.906789212137300123e-16 -4.159848055284500116e-16 -4.705506012756599830e-16 -4.987596040282999859e-16 -3.221259027712599970e-16 -8.535950354630200474e-16 -7.059463664246100489e-16 3.892221647214700236e-16 -7.321227609514899929e-15
-2.253936140078300049e-14 -5.005003017489200223e-14 5.441830047371200223e-15 -8.910344976686099308e-16 -9.027169637396100689e-16 -6.482354271257299657e-16 -8.453538411542300369e-16 -2.547725836655799758e-16 -3.476843160826399772e-16 -4.625963550697599841e-16 -5.737128562304899774e-16 -4.831318579310899866e-16 -4.095657107670100010e-16 -4.110145115091399921e-16 -5.644372993260100125e-16 -6.272580065726100162e-16 -7.033280698349499701e-16 -9.419686292881299969e-16 4.828715810426500079e-15
-1.048893638679500039e-14 -1.186946556491199939e-14 2.997219638794500121e-15 -7.662767026079000016e-16 -1.033465625479000096e-15 -4.956292194736600447e-16 -9.365579534678800206e-16 -2.509384403206200174e-16 -3.027346131499600011e-16 -4.764207816346600318e-16 -6.347238260525699953e-16 -3.964941934251099968e-16 -4.292077999627699843e-16 -5.604524240824199931e-16 -3.610491425000799966e-16 -6.360574594512400434e-16 -8.457462188134300151e-16 -5.284471249318000295e-17 -3.773748118670100204e-15
