5.876577214532777725e+04
5.890319770752610930e+04
5.893722091262709728e+04
5.897701752186827071e+04
5.899997094668961654e+04
5.902596337251691148e+04
5.908473664145155635e+04
5.911165671596103493e+04
5.913972454549420218e+04
5.916959574324901769e+04
5.919546179728679272e+04
5.922533000721393910e+04
5.925241321787897323e+04
5.927517605806695065e+04
5.931105377105288062e+04
5.933797868621694943e+04
5.936889270140574081e+04
5.939981176880566636e+04
5.942875965270645975e+04
5.945565333938683762e+04
5.948761349103638349e+04
5.951848246310632385e+04
