-1.024609618166700036e-13 -8.734950813978100435e-14 -8.810139813972999708e-14 -8.827671704713000388e-14 -8.818263507590400223e-14 -8.812709763641200600e-14 -8.832025718461500398e-14 -8.832776160985699990e-14 -8.821900190315200576e-14 -8.809416876234500626e-14 -8.808708973313799893e-14 -8.820611909442100389e-14 -8.832935914131300473e-14 -8.836203269482199761e-14 -8.826078739161499968e-14 -8.816751796334699494e-14 -8.815772379057699926e-14 -8.818669635440100219e-14 -8.807957434900600170e-14 -8.787795649689000627e-14 -8.806739309849499506e-14 -8.979934033234100177e-14
-9.573414537409499849e-14 -8.780643687726299776e-14 -8.815672575259500311e-14 -8.819952491218700422e-14 -8.815685187026300028e-14 -8.816197953995800118e-14 -8.831573645740700499e-14 -8.829599107853300492e-14 -8.819982108452300628e-14 -8.810926155688800366e-14 -8.811281174999499839e-14 -8.820936435959300265e-14 -8.830644439587699722e-14 -8.833715686151399728e-14 -8.827239178055300479e-14 -8.819853813904600245e-14 -8.816301542189400120e-14 -8.814941691841500121e-14 -8.806472273691499616e-14 -8.794007735357599703e-14 -8.806823801207700509e-14 -8.911705419930900522e-14
-9.601935943322100196e-14 -8.779408423727399387e-14 -8.815950028745600563e-14 -8.820193451230000228e-14 -8.815527272126300328e-14 -8.815816082505499522e-14 -8.831751054838799542e-14 -8.829898482291199763e-14 -8.820105665081999538e-14 -8.810767676392299713e-14 -8.811048025185299942e-14 -8.820872236999500027e-14 -8.830784044570599693e-14 -8.833905122884099389e-14 -8.827246443477899373e-14 -8.819728733686300144e-14 -8.816250000328400065e-14 -8.815048892327700604e-14 -8.806457398917900168e-14 -8.793709816053399629e-14 -8.807201580276799975e-14 -8.916105122442800141e-14
-8.916838469429199570e-14 -8.823212055409899536e-14 -8.820317457474599567e-14 -8.813072274457700087e-14 -8.813782556327100608e-14 -8.819653882383700109e-14 -8.830730218225199694e-14 -8.826592931504999862e-14 -8.818597926082100441e-14 -8.812743398645099879e-14 -8.813669338938899979e-14 -8.820750156037100342e-14 -8.828070621075700454e-14 -8.831386284070499863e-14 -8.828949155671800272e-14 -8.823173983659200321e-14 -8.816371650333200627e-14 -8.810687542563799564e-14 -8.805288729132700622e-14 -8.801224477180899694e-14 -8.806450893018200586e-14 -8.837474670213499875e-14
-8.942724998980899647e-14 -8.821789197273000251e-14 -8.820319456514900060e-14 -8.813325028671599653e-14 -8.813797532932099953e-14 -8.819492002845100550e-14 -8.830838265701199895e-14 -8.826754721786200592e-14 -8.818647450806000147e-14 -8.812652454274200166e-14 -8.813579133382299909e-14 -8.820782777279200141e-14 -8.828168399994499754e-14 -8.831416309135300170e-14 -8.828751152373099818e-14 -8.822953973284099653e-14 -8.816423546800899972e-14 -8.811026717847099387e-14 -8.805451804481600375e-14 -8.800857771131800433e-14 -8.806195451080099897e-14 -8.840394058173900407e-14
-9.065423363861099779e-14 -8.813304030446000259e-14 -8.819298013897499589e-14 -8.814817960928199752e-14 -8.814297417626400031e-14 -8.818772571296000344e-14 -8.830802770039699558e-14 -8.827335456424700081e-14 -8.819102612153499623e-14 -8.812481804595600516e-14 -8.813127558778899779e-14 -8.820636187883300558e-14 -8.828490325150199382e-14 -8.831846404787900531e-14 -8.828674216373300472e-14 -8.822555831484400325e-14 -8.816382989426699587e-14 -8.811587882988899758e-14 -8.805534320638400339e-14 -8.799598164808600238e-14 -8.806121458035899932e-14 -8.852509708951099465e-14
-8.422164681405100108e-14 -8.856755490642000560e-14 -8.824872840811300332e-14 -8.807824482572700309e-14 -8.812035969740600055e-14 -8.822075452431900556e-14 -8.830307090990400271e-14 -8.824358792312899686e-14 -8.817368394578799938e-14 -8.813937287635899962e-14 -8.815511217931499698e-14 -8.820883448505800455e-14 -8.826358622219999623e-14 -8.829624379353000356e-14 -8.829877817749200506e-14 -8.825390014070099852e-14 -8.816560753148600424e-14 -8.807874420479399680e-14 -8.804439808748599947e-14 -8.806113074452399804e-14 -8.805938533352800148e-14 -8.784447571296699886e-14
-9.403345717708900571e-14 -8.792169844103300025e-14 -8.817375301807299671e-14 -8.818212303932500551e-14 -8.815033553374099589e-14 -8.816893599904799675e-14 -8.831475209029200395e-14 -8.828990758004099808e-14 -8.819715062450899412e-14 -8.811353793510100336e-14 -8.811793398395199487e-14 -8.820807859060900458e-14 -8.829963549269500211e-14 -8.833130383096499887e-14 -8.827666213892600235e-14 -8.820654034389699661e-14 -8.816281143963199821e-14 -8.813908455233599975e-14 -8.806309724698099936e-14 -8.795963675025400276e-14 -8.806594063651899907e-14 -8.892224835884900183e-14
-9.406526417155099761e-14 -8.791039980420899423e-14 -8.816751718656100058e-14 -8.818410314460799444e-14 -8.815370332587199426e-14 -8.817074178633500144e-14 -8.831198982561900213e-14 -8.828816149838899594e-14 -8.819759209358299546e-14 -8.811539792980999928e-14 -8.811940467958199918e-14 -8.820797732001300211e-14 -8.829849509837399620e-14 -8.833021984866599581e-14 -8.827687634791899704e-14 -8.820747417103599759e-14 -8.816352593662700056e-14 -8.813924102891000546e-14 -8.806341122010499452e-14 -8.795999928625399933e-14 -8.806246739853599704e-14 -8.890638029046699622e-14
-9.420107107827299567e-14 -8.790436710863399655e-14 -8.816755892472600478e-14 -8.818396603871099671e-14 -8.815241086788799692e-14 -8.816946453062100225e-14 -8.831427544581499490e-14 -8.829039076208899910e-14 -8.819810132111200367e-14 -8.811395294881300356e-14 -8.811757713143000296e-14 -8.820736885953399856e-14 -8.829930967033999858e-14 -8.833148789634800424e-14 -8.827716737083499422e-14 -8.820680508212900122e-14 -8.816280226795499675e-14 -8.813902821916999711e-14 -8.806267737993800172e-14 -8.795841717076800113e-14 -8.806560018526000207e-14 -8.893123750660999876e-14
-9.400234288869099856e-14 -8.792792625210399618e-14 -8.817634564921599485e-14 -8.818143700971400432e-14 -8.814965381606899667e-14 -8.816908791020199875e-14 -8.831485397477799777e-14 -8.828917803097199634e-14 -8.819621861690700404e-14 -8.811341007419599782e-14 -8.811869020349500412e-14 -8.820903563396199599e-14 -8.829983032243400080e-14 -8.833072231281199734e-14 -8.827612353633100569e-14 -8.820723970582899931e-14 -8.816460827559400060e-14 -8.813961986091399894e-14 -8.806071659032199832e-14 -8.795638319321100570e-14 -8.807015206140799516e-14 -8.894577192801200560e-14
-9.033917295028900284e-14 -8.816197663066399909e-14 -8.820067304391499454e-14 -8.814393574881500178e-14 -8.814003884280600008e-14 -8.818856508697300074e-14 -8.830923499729700609e-14 -8.827211357765400367e-14 -8.818892463226500308e-14 -8.812416843013799684e-14 -8.813230877231499588e-14 -8.820784733345599789e-14 -8.828522805117500614e-14 -8.831759018004899556e-14 -8.828550599136400188e-14 -8.822528632890099820e-14 -8.816444619005699616e-14 -8.811635661896199526e-14 -8.805593978241800506e-14 -8.799766848695899705e-14 -8.806104796185999496e-14 -8.850674204973299680e-14
-9.080668396757800364e-14 -8.813451728491800491e-14 -8.819738535848600200e-14 -8.814685323123599550e-14 -8.814023365452299808e-14 -8.818686741818100037e-14 -8.831182770751100376e-14 -8.827443198730299597e-14 -8.818814131950099916e-14 -8.812052616517799546e-14 -8.812927533005899594e-14 -8.820856326044900101e-14 -8.828878652030899926e-14 -8.832098667760799866e-14 -8.828473649515499888e-14 -8.822233521230900473e-14 -8.816328877100899678e-14 -8.811826538665899660e-14 -8.805588247480899441e-14 -8.799289373844999444e-14 -8.806728306714400379e-14 -8.857798199640599719e-14
-8.520420631894100077e-14 -8.849965845776299551e-14 -8.823690000938999526e-14 -8.808803666904600377e-14 -8.812475234336800102e-14 -8.821748889293200454e-14 -8.830286076054900533e-14 -8.824644945017000557e-14 -8.817544663501800464e-14 -8.813790842476899700e-14 -8.815293359498599750e-14 -8.820905098599799431e-14 -8.826579196877500403e-14 -8.829771994280699763e-14 -8.829617209553599824e-14 -8.825101224751400448e-14 -8.816802338919699860e-14 -8.808493667123299403e-14 -8.804302641976999717e-14 -8.804794781994199787e-14 -8.806642070444700575e-14 -8.797684273657199376e-14
-9.267336597399500237e-14 -8.800164232241899924e-14 -8.817842366382399941e-14 -8.816950778317200497e-14 -8.814935867711299993e-14 -8.817803183829700437e-14 -8.831141760396299896e-14 -8.828266088412699615e-14 -8.819446149468299769e-14 -8.811787214251500436e-14 -8.812274551705600150e-14 -8.820659367979699605e-14 -8.829337552399699393e-14 -8.832662594416999371e-14 -8.828217991600099500e-14 -8.821527158976999606e-14 -8.816290384124399675e-14 -8.812862694057399746e-14 -8.805986049012600061e-14 -8.797574633104000430e-14 -8.806414843474399973e-14 -8.875267027315599991e-14
-9.373499847478400547e-14 -8.793749757730999816e-14 -8.817226007670499888e-14 -8.817898839571499769e-14 -8.815102641670799824e-14 -8.817220295653799784e-14 -8.831272049477200157e-14 -8.828647144517500285e-14 -8.819552509611900006e-14 -8.811516856219999408e-14 -8.812073134489600386e-14 -8.820930808084300391e-14 -8.829855245561299795e-14 -8.832945300955199943e-14 -8.827672172872800173e-14 -8.820838229344700322e-14 -8.816408398444499760e-14 -8.813775851900700408e-14 -8.806142868363800627e-14 -8.796058477723999372e-14 -8.806441484999299910e-14 -8.889066985500999693e-14
-9.382536320343300079e-14 -8.793660902718299850e-14 -8.817607386414399949e-14 -8.818009228046599458e-14 -8.814988630062599600e-14 -8.817029203302199756e-14 -8.831412675330799805e-14 -8.828824451840699542e-14 -8.819608067062400104e-14 -8.811402605169000083e-14 -8.811905773925199909e-14 -8.820843336481100553e-14 -8.829886359314799457e-14 -8.833034105818999898e-14 -8.827735090952100605e-14 -8.820855572968999985e-14 -8.816420124206799659e-14 -8.813779064525400043e-14 -8.806043208315200126e-14 -8.795872986377399555e-14 -8.806725582259900237e-14 -8.891301571857299767e-14
-9.687590020276299422e-14 -8.773641424738000415e-14 -8.815176328033500069e-14 -8.821097827589700602e-14 -8.815836660157299871e-14 -8.815420308384499876e-14 -8.831829069575700542e-14 -8.830273033407099457e-14 -8.820309931374199439e-14 -8.810577436552699920e-14 -8.810761161370399425e-14 -8.820863728955299473e-14 -8.831048350946800578e-14 -8.834140491430500331e-14 -8.827021868464500614e-14 -8.819351867506000630e-14 -8.816318651738800006e-14 -8.815648242265299506e-14 -8.806609933505300503e-14 -8.792733574359700440e-14 -8.807151461449100480e-14 -8.925494260751100174e-14
-8.971103426669200515e-14 -8.820251130368799860e-14 -8.820384823428600318e-14 -8.813590048905200548e-14 -8.813721681050500174e-14 -8.819166655593899827e-14 -8.830944928595299939e-14 -8.827001209280199762e-14 -8.818771288868999949e-14 -8.812535316301800148e-14 -8.813387579449100113e-14 -8.820735763577400236e-14 -8.828309821742499813e-14 -8.831609612815100173e-14 -8.828774304663400250e-14 -8.822839600579000395e-14 -8.816368314962800583e-14 -8.811141262517899572e-14 -8.805469063804299596e-14 -8.800530283734199503e-14 -8.806137542877900029e-14 -8.843431931923699498e-14
-9.291496464897700457e-14 -8.799161031249799546e-14 -8.818036921166999733e-14 -8.817116288455500614e-14 -8.814814297184799825e-14 -8.817537996225799901e-14 -8.831243748506799685e-14 -8.828397691472799901e-14 -8.819435411056299531e-14 -8.811655194493399687e-14 -8.812211791358199631e-14 -8.820813881427600103e-14 -8.829598937355500576e-14 -8.832834703522699569e-14 -8.828046054774199399e-14 -8.821237924039100165e-14 -8.816216662050299466e-14 -8.813090533325199879e-14 -8.806093004107500493e-14 -8.797225244272999632e-14 -8.806309641127300237e-14 -8.878542019730500241e-14
