5.876577214532777725e+04 -9.250369035419026829e-14 3.972868761067292944e-15
5.890319770752610930e+04 -8.801837328809150672e-14 2.625268638181394589e-16
5.893722091262709728e+04 -8.818242866940474692e-14 3.062968223406799976e-17
5.897701752186827071e+04 -8.816628294641154117e-14 4.267504025173412792e-17
5.899997094668961654e+04 -8.814695102981660256e-14 1.277642121372034714e-17
5.902596337251691148e+04 -8.817800525725914904e-14 2.083687417270862212e-17
5.908473664145155635e+04 -8.831192623803284433e-14 4.510051735715316400e-18
5.911165671596103493e+04 -8.828189428037588599e-14 1.853859089332626008e-17
5.913972454549420218e+04 -8.819349261460073932e-14 9.550867183534247062e-18
5.916959574324901769e+04 -8.811814523362763876e-14 1.036761800057251184e-17
5.919546179728679272e+04 -8.812417589220508560e-14 1.493064650880233738e-17
5.922533000721393910e+04 -8.820805611850690730e-14 9.261044807948969425e-19
5.925241321787897323e+04 -8.829359817323038772e-14 1.480349663496390656e-17
5.927517605806695065e+04 -8.832566366687470400e-14 1.446822358111818619e-17
5.931105377105288062e+04 -8.828080429189790694e-14 8.809199107872694927e-18
5.933797868621694943e+04 -8.821486390449983490e-14 1.923599916833850800e-17
5.936889270140574081e+04 -8.816351801190979048e-14 1.822360526155755334e-18
5.939981176880566636e+04 -8.812889383294939734e-14 2.408779466136992853e-17
5.942875965270645975e+04 -8.805921050452715842e-14 7.676649899642630090e-18
5.945565333938683762e+04 -8.797529826641488304e-14 4.083748025865014116e-17
5.948761349103638349e+04 -8.806527139226313924e-14 3.476636218582012919e-18
5.951848246310632385e+04 -8.875119743399354943e-14 4.330118934193844638e-16
