5.877469993882592826e+04
5.880157635507290252e+04
5.881136879259911075e+04
5.883357564195301529e+04
5.884473649863335595e+04
5.886250951551496837e+04
5.890324152767629130e+04
5.890849458998210321e+04
5.893726491562512092e+04
5.898204265758346446e+04
5.900490534351019596e+04
5.902598631923018547e+04
5.908475988161451096e+04
5.911168024003577011e+04
5.913947546397655969e+04
5.913974820068763802e+04
5.916388496963687066e+04
5.916961973165425297e+04
5.919550426309824979e+04
5.922535384207897732e+04
5.923968433685245691e+04
5.925243679219471232e+04
5.927519938747995911e+04
5.929951991921893932e+04
5.931106313027376018e+04
5.933798786391542671e+04
5.935798791736075509e+04
5.936890178671466128e+04
5.939982103234964598e+04
5.940784902615934698e+04
5.942876913887292903e+04
5.945698696416470921e+04
5.949595854892874195e+04
