5.877469993882592826e+04 -9.063328559505827511e-15 1.115182870071618892e-15
5.880157635507290252e+04 -7.678274706427695423e-15 1.893594778661246736e-16
5.881136879259911075e+04 -7.488255852918010569e-15 2.990956125238571332e-17
5.883357564195301529e+04 -7.425870149252215161e-15 1.080179065224822427e-16
5.884473649863335595e+04 -7.483656687591257018e-15 9.405519386493635255e-17
5.886250951551496837e+04 -7.572984813283195076e-15 3.912460042652588619e-17
5.890324152767629130e+04 -7.543694804095195513e-15 2.434157840373773701e-17
5.890849458998210321e+04 -7.527215861749045067e-15 2.127861879558842565e-17
5.893726491562512092e+04 -7.481079922353869124e-15 1.307460367466110635e-17
5.898204265758346446e+04 -7.566322303080188491e-15 7.936181465959370015e-18
5.900490534351019596e+04 -7.576372196881654226e-15 1.358820636594986068e-17
5.902598631923018547e+04 -7.538955688487874068e-15 9.583895629338961002e-18
5.908475988161451096e+04 -7.492741430556486233e-15 1.149650895051667429e-17
5.911168024003577011e+04 -7.556137721684734903e-15 6.732317968493462118e-18
5.913947546397655969e+04 -7.591302454344158859e-15 1.271416470656808842e-17
5.913974820068763802e+04 -7.591300906368466151e-15 1.268880444066850324e-17
5.916388496963687066e+04 -7.566762822482526534e-15 5.298093258163425553e-18
5.916961973165425297e+04 -7.556129654363700101e-15 4.335936940246635091e-18
5.919550426309824979e+04 -7.511280447005683553e-15 1.104689847429643197e-17
5.922535384207897732e+04 -7.501971082318644925e-15 5.077972168085693106e-18
5.923968433685245691e+04 -7.510979841229961605e-15 7.130373937807705951e-18
5.925243679219471232e+04 -7.518887234985505364e-15 1.149743240271315310e-17
5.927519938747995911e+04 -7.521838237137529348e-15 1.016898266847321832e-17
5.929951991921893932e+04 -7.517692360331004121e-15 9.409760328392239279e-18
5.931106313027376018e+04 -7.523371114229594112e-15 1.386804853100306009e-17
5.933798786391542671e+04 -7.572035757190376284e-15 1.045571808801337242e-17
5.935798791736075509e+04 -7.612496166351545573e-15 1.643473874617197545e-17
5.936890178671466128e+04 -7.613158319599848281e-15 2.214126931868535269e-17
5.939982103234964598e+04 -7.447764247253545435e-15 2.044781882323363984e-17
5.940784902615934698e+04 -7.368635020268943855e-15 4.305090414584706995e-17
5.942876913887292903e+04 -7.190869473202380975e-15 1.018264075352066290e-16
5.945698696416470921e+04 -7.478700505034780609e-15 3.061428942328992704e-17
5.949595854892874195e+04 -1.023681735681768407e-14 1.192140095949319615e-15
