5.877471204151531128e+04
5.888155252966468834e+04
5.898219124091447156e+04
5.900505010875832522e+04
5.903399326554713480e+04
5.909085363662464079e+04
5.911777920596423792e+04
5.912291862489745108e+04
5.914669323282795085e+04
5.917365890904965636e+04
5.918366100564315275e+04
5.920758272813501389e+04
5.923254838931201812e+04
5.925746051023694599e+04
5.928052719766447262e+04
5.928435719174629776e+04
5.931108557963056955e+04
5.933435396294941893e+04
5.933800739753766538e+04
5.936892767244765855e+04
5.939984291289056273e+04
5.940716810421033006e+04
5.941505280619510449e+04
5.942878425485672051e+04
5.944600979942605773e+04
