5.877471204151531128e+04 -3.178470796550456027e-15 4.258471682507288331e-15
5.888155252966468834e+04 -1.775967894235782546e-16 7.069977797717138657e-16
5.898219124091447156e+04 -5.635361054242794639e-16 1.572700847189503057e-16
5.900505010875832522e+04 -4.976690128385320048e-16 1.015960240515477044e-16
5.903399326554713480e+04 -4.792403840085398958e-16 2.207641059595440829e-17
5.909085363662464079e+04 -5.059447313963120333e-16 1.372799958829699689e-17
5.911777920596423792e+04 -4.627497956054069758e-16 2.520262492115084763e-17
5.912291862489745108e+04 -4.526340690168099927e-16 2.645079860186849242e-17
5.914669323282795085e+04 -4.165786773364474389e-16 1.673309301278185885e-17
5.917365890904965636e+04 -4.194180643760920033e-16 1.463013073406020921e-17
5.918366100564315275e+04 -4.317761272528219668e-16 1.735855101353850507e-17
5.920758272813501389e+04 -4.668998396731511459e-16 1.084093132959755792e-17
5.923254838931201812e+04 -4.798674300770711335e-16 1.812140412049793714e-17
5.925746051023694599e+04 -4.584000945598370093e-16 2.087292151634859104e-17
5.928052719766447262e+04 -4.430807141579509005e-16 1.291116376835529401e-17
5.928435719174629776e+04 -4.447059935395364600e-16 1.628335558484655415e-17
5.931108557963056955e+04 -5.107456610198154748e-16 3.828956330456803856e-17
5.933435396294941893e+04 -6.334997219626415493e-16 2.298927176421187556e-17
5.933800739753766538e+04 -6.536649368553430201e-16 2.211226180629531476e-17
5.936892767244765855e+04 -7.303839909855288783e-16 7.811337308424309239e-17
5.939984291289056273e+04 -4.401017401130015386e-16 8.651158370854891957e-17
5.940716810421033006e+04 -3.053029804826866397e-16 1.777499772848475393e-16
5.941505280619510449e+04 -1.379309061851906782e-16 3.185793921624296581e-16
5.942878425485672051e+04 1.852569994618037639e-16 6.614873092307331352e-16
5.944600979942605773e+04 5.678717799761884020e-16 1.246192438521878778e-15
