5.851644130201482767e+04
5.851743886135121284e+04
5.851843578792763583e+04
5.852441971139538509e+04
5.852541724230683030e+04
5.853040416103061580e+04
5.853140204032531619e+04
5.853239847635907063e+04
5.853543221271018410e+04
5.853642971875475632e+04
5.853742707194043032e+04
5.853842458509768039e+04
5.853942186008195858e+04
5.854341117688010127e+04
5.854740055768981983e+04
5.855017746489877027e+04
5.856934370427306567e+04
5.857034018658004788e+04
5.857234860403453786e+04
5.858032744780254143e+04
5.858132475129100203e+04
5.858631168822749896e+04
5.858730906992995733e+04
5.858830649429422192e+04
5.859030119727808051e+04
5.859329318955734198e+04
5.859728290838511020e+04
5.860027468740798940e+04
5.860226946152644086e+04
5.860326686458302720e+04
5.860426421432099596e+04
5.860725618177936121e+04
5.860825360261848255e+04
5.860925224276650988e+04
5.861024863270939386e+04
5.861124566607803717e+04
5.861324021627588809e+04
5.861922415840299800e+04
5.862022170367862418e+04
5.862221632855539065e+04
5.862321388805758033e+04
5.863218955257092603e+04
5.863318681703825860e+04
5.863617885928422038e+04
5.864714925913327897e+04
5.864814651295878139e+04
5.864914372768290195e+04
5.865014099217148032e+04
5.865113822467203863e+04
5.865213570601389802e+04
5.865413000039275357e+04
5.865810547895762284e+04
5.865910289276833646e+04
5.866010005774069577e+04
5.866109732580262789e+04
5.866209462230774807e+04
5.866309190104062145e+04
5.866408970944577595e+04
5.866508640163362725e+04
5.867406157616535347e+04
5.867805092579640041e+04
5.867904820810828824e+04
5.869101537912451749e+04
5.869201204646956467e+04
5.869600160239294928e+04
5.870098719649724808e+04
5.870198419090220705e+04
5.870298130261865299e+04
5.870397880536872981e+04
5.871395077580052748e+04
5.871494815059439134e+04
5.872192821717458719e+04
5.872292547822558845e+04
5.872392254020743712e+04
5.872890850778443564e+04
5.872990571907754202e+04
5.873688601688668132e+04
5.874486339100323676e+04
5.875184344013665395e+04
5.875284064435559412e+04
5.875383784502351045e+04
5.875782674724286335e+04
5.875882398346561240e+04
5.876779825638428156e+04
5.876879900479465869e+04
5.877876722944570793e+04
5.877976417420431972e+04
5.878076125049470284e+04
5.878380046601474896e+04
5.880074682095706521e+04
5.883764338807030435e+04
5.885354161001078319e+04
5.885856705853623862e+04
5.889738960738561582e+04
5.891638206861269282e+04
5.899815970517083770e+04
5.899915720482492179e+04
5.900015439165565476e+04
5.900115159270706499e+04
5.900406033276928065e+04
5.900804983020013606e+04
5.901503093442389218e+04
5.902201197829165903e+04
5.902300964505995216e+04
5.902500376284978120e+04
5.902599852887789166e+04
5.902699832855346904e+04
5.903098745997637889e+04
5.903196394352258358e+04
5.903296132236313133e+04
5.903395830306850985e+04
5.903695034007070353e+04
5.903794834101728338e+04
5.903894492358512798e+04
5.903994195762004529e+04
5.904093922272011696e+04
5.904193652692489559e+04
5.904293376714548504e+04
5.904393093626719201e+04
5.904492785655675834e+04
5.904891719071901025e+04
5.905190880832235416e+04
5.905290630450331082e+04
5.905490063922917761e+04
5.905589784036470519e+04
5.905689513748489844e+04
5.905789229240962595e+04
5.905888961441609717e+04
5.905988742343497142e+04
5.906088394560364395e+04
5.908082795103204990e+04
5.909379164820649021e+04
5.909478887073360238e+04
5.909578573777765268e+04
5.910077149495531194e+04
5.910176895566313760e+04
5.911090550075019564e+04
5.913068692752897914e+04
5.913168399014348688e+04
5.913467601338743407e+04
5.913883090370819991e+04
5.920350385617051506e+04
5.920450117129299178e+04
5.921363952014628012e+04
5.922949053612962598e+04
5.925237129297237698e+04
5.926134760616387939e+04
5.926533697011393087e+04
5.927132042420432845e+04
5.927331551679164113e+04
5.927531038187289232e+04
5.927644104241263267e+04
5.929126797680915479e+04
5.929230688004828698e+04
5.929330537195967190e+04
5.929529876185026660e+04
5.929632409985784761e+04
5.930627050604291435e+04
5.930926208930179564e+04
5.931325118694052799e+04
5.931833034547408170e+04
5.933326618313226209e+04
5.934018028586755099e+04
5.934117076170566725e+04
5.934715472484981728e+04
5.934815218949980044e+04
5.935214166419110552e+04
5.935723315474833362e+04
5.936211434145706153e+04
5.936311172436790366e+04
5.936410910728167801e+04
5.936710060549729678e+04
5.936909638090912631e+04
5.938206102951569483e+04
5.938305909143162717e+04
5.938405520885394799e+04
5.938505175997035985e+04
5.938604882298166922e+04
5.938704721194882586e+04
5.939414684553755069e+04
5.940486805392317183e+04
5.941604634288875241e+04
5.941895940751473245e+04
5.943089941920737328e+04
5.944301494388993888e+04
5.945475040027445357e+04
5.946692164030704589e+04
5.947867449448257685e+04
5.949684019693321170e+04
