5.851644130201482767e+04 -5.807200349059660872e-14 8.086429777477680144e-16
5.851743886135121284e+04 -5.810390744467214229e-14 7.843686594277244142e-16
5.851843578792763583e+04 -5.813525813104996663e-14 7.604225365228604551e-16
5.852441971139538509e+04 -5.831187357374174555e-14 6.235553246132081596e-16
5.852541724230683030e+04 -5.833933635200681338e-14 6.019275150640249912e-16
5.853040416103061580e+04 -5.846790051450365429e-14 4.991236334870319841e-16
5.853140204032531619e+04 -5.849186004045036841e-14 4.796376444551026817e-16
5.853239847635907063e+04 -5.851519278939245291e-14 4.605465198646962486e-16
5.853543221271018410e+04 -5.858257900745454391e-14 4.046965053545088026e-16
5.853642971875475632e+04 -5.860353363685975188e-14 3.870857079415400707e-16
5.853742707194043032e+04 -5.862389068450796183e-14 3.698519344181382980e-16
5.853842458509768039e+04 -5.864365738730979749e-14 3.529904981106727594e-16
5.853942186008195858e+04 -5.866282715470220112e-14 3.365085717540926992e-16
5.854341117688010127e+04 -5.873362563979541663e-14 2.743341042905095095e-16
5.854740055768981983e+04 -5.879514061526521286e-14 2.181499314506916302e-16
5.855017746489877027e+04 -5.883260490135471540e-14 1.825454865462479885e-16
5.856934370427306567e+04 -5.898204921706070285e-14 1.577118330381128749e-17
5.857034018658004788e+04 -5.898518176265695237e-14 1.329856081022319126e-17
5.857234860403453786e+04 -5.899029616098574166e-14 1.486540681310566811e-17
5.858032744780254143e+04 -5.899619102891350553e-14 4.157877299783652921e-17
5.858132475129100203e+04 -5.899547001868063896e-14 4.434592774263354968e-17
5.858631168822749896e+04 -5.898770671934570535e-14 5.514674711174313601e-17
5.858730906992995733e+04 -5.898539322068135100e-14 5.671709349676766794e-17
5.858830649429422192e+04 -5.898284955486989518e-14 5.810012834852482122e-17
5.859030119727808051e+04 -5.897711266986105546e-14 6.032307289065290688e-17
5.859329318955734198e+04 -5.896703258813599697e-14 6.237653557555201429e-17
5.859728290838511020e+04 -5.895125141342903729e-14 6.294694786035063813e-17
5.860027468740798940e+04 -5.893800048425384678e-14 6.193939266650906220e-17
5.860226946152644086e+04 -5.892863116073869707e-14 6.066573445014322814e-17
5.860326686458302720e+04 -5.892381347326994782e-14 5.986450825758683750e-17
5.860426421432099596e+04 -5.891891929262965861e-14 5.896086313569674975e-17
5.860725618177936121e+04 -5.890386350837056716e-14 5.568797418493777592e-17
5.860825360261848255e+04 -5.889874812291474478e-14 5.442687550719086471e-17
5.860925224276650988e+04 -5.889359205115853748e-14 5.308762023596987990e-17
5.861024863270939386e+04 -5.888842129644970219e-14 5.168002169720555383e-17
5.861124566607803717e+04 -5.888322878577444916e-14 5.020515022300858488e-17
5.861324021627588809e+04 -5.887281668871949754e-14 4.707512543649678250e-17
5.861922415840299800e+04 -5.884190561481171791e-14 3.659248928322982217e-17
5.862022170367862418e+04 -5.883687201995760024e-14 3.473481645139652924e-17
5.862221632855539065e+04 -5.882696646593880416e-14 3.096750242911000758e-17
5.862321388805758033e+04 -5.882210384788519679e-14 2.906632657021023305e-17
5.863218955257092603e+04 -5.878203288979319997e-14 1.248543084032829439e-17
5.863318681703825860e+04 -5.877807361674194722e-14 1.087926669568571181e-17
5.863617885928422038e+04 -5.876688711868216410e-14 7.075370957803970793e-18
5.864714925913327897e+04 -5.873578311331745149e-14 1.571821366075112207e-17
5.864814651295878139e+04 -5.873378428709785454e-14 1.697027295074568735e-17
5.864914372768290195e+04 -5.873192844011780464e-14 1.819007209702849060e-17
5.865014099217148032e+04 -5.873021586729953978e-14 1.937268292609726937e-17
5.865113822467203863e+04 -5.872864699165855011e-14 2.051414569431132401e-17
5.865213570601389802e+04 -5.872722152039194505e-14 2.161174083158707485e-17
5.865413000039275357e+04 -5.872480227547730386e-14 2.366461301101976846e-17
5.865810547895762284e+04 -5.872168053912890034e-14 2.715089933221159230e-17
5.865910289276833646e+04 -5.872124829626739470e-14 2.789302734497520487e-17
5.866010005774069577e+04 -5.872095473048738797e-14 2.858055793575188531e-17
5.866109732580262789e+04 -5.872079835885029781e-14 2.921337840482705122e-17
5.866209462230774807e+04 -5.872077772681565097e-14 2.979119091152295284e-17
5.866309190104062145e+04 -5.872089120330959820e-14 3.031384550737229476e-17
5.866408970944577595e+04 -5.872113718101490585e-14 3.078157320985161519e-17
5.866508640163362725e+04 -5.872151323463524111e-14 3.119373914353666072e-17
5.867406157616535347e+04 -5.873039349872309408e-14 3.248552039692061963e-17
5.867805092579640041e+04 -5.873719026862916187e-14 3.173860421187595002e-17
5.867904820810828824e+04 -5.873912792891689555e-14 3.143515495331653293e-17
5.869101537912451749e+04 -5.876827484497795197e-14 2.469177006818067396e-17
5.869201204646956467e+04 -5.877108075954864488e-14 2.391445217757613239e-17
5.869600160239294928e+04 -5.878267788013774822e-14 2.055981142340623792e-17
5.870098719649724808e+04 -5.879770142791909048e-14 1.595564572395491179e-17
5.870198419090220705e+04 -5.880073811554020858e-14 1.499995093055050201e-17
5.870298130261865299e+04 -5.880377711057154798e-14 1.403791723263287848e-17
5.870397880536872981e+04 -5.880681551926269564e-14 1.307205358368246683e-17
5.871395077580052748e+04 -5.883630271862745921e-14 4.581716298633837383e-18
5.871494815059439134e+04 -5.883908788203484319e-14 4.218873916904433985e-18
5.872192821717458719e+04 -5.885722011001028507e-14 7.126117461399063077e-18
5.872292547822558845e+04 -5.885958319888699974e-14 7.904496061983400780e-18
5.872392254020743712e+04 -5.886188125338564118e-14 8.696847424694714502e-18
5.872890850778443564e+04 -5.887232543113256319e-14 1.261583775848602018e-17
5.872990571907754202e+04 -5.887419026075279323e-14 1.336179640053373815e-17
5.873688601688668132e+04 -5.888494189911183804e-14 1.797922034044829111e-17
5.874486339100323676e+04 -5.889190715257339150e-14 2.164597998125961154e-17
5.875184344013665395e+04 -5.889309733924320127e-14 2.325334368016616922e-17
5.875284064435559412e+04 -5.889289206712808600e-14 2.335749993123272300e-17
5.875383784502351045e+04 -5.889259394862777687e-14 2.343040045558252912e-17
5.875782674724286335e+04 -5.889048536549705082e-14 2.341300962340346288e-17
5.875882398346561240e+04 -5.888973305396204244e-14 2.333265591522826659e-17
5.876779825638428156e+04 -5.887913659022585711e-14 2.132369242291358915e-17
5.876879900479465869e+04 -5.887755307453854816e-14 2.096584249054396577e-17
5.877876722944570793e+04 -5.885799811659031780e-14 1.618744535604397428e-17
5.877976417420431972e+04 -5.885570763717085218e-14 1.560667973278834368e-17
5.878076125049470284e+04 -5.885336441127805711e-14 1.501088201248749279e-17
5.878380046601474896e+04 -5.884592161670990297e-14 1.311368198688019940e-17
5.880074682095706521e+04 -5.879891718234149877e-14 3.009508030436616064e-18
5.883764338807030435e+04 -5.870538414510869897e-14 1.789828276295851802e-17
5.885354161001078319e+04 -5.868288305084366364e-14 1.714426710248530329e-17
5.885856705853623862e+04 -5.867835475605665016e-14 1.580300384317759763e-17
5.889738960738561582e+04 -5.866879656068483829e-14 5.855464871794030157e-18
5.891638206861269282e+04 -5.866428913084530738e-14 1.329214959614473860e-17
5.899815970517083770e+04 -5.856055608733084600e-14 1.147283599043668284e-17
5.899915720482492179e+04 -5.855988333672448928e-14 1.180240635430361732e-17
5.900015439165565476e+04 -5.855926985018505012e-14 1.212039691592152277e-17
5.900115159270706499e+04 -5.855871679962160797e-14 1.242626167418133163e-17
5.900406033276928065e+04 -5.855746146335597018e-14 1.324365795219804627e-17
5.900804983020013606e+04 -5.855665213027601323e-14 1.416550133892706689e-17
5.901503093442389218e+04 -5.855796753973017337e-14 1.515787757666477788e-17
5.902201197829165903e+04 -5.856299813007853898e-14 1.529630324509138965e-17
5.902300964505995216e+04 -5.856403150167200816e-14 1.524459215081575964e-17
5.902500376284978120e+04 -5.856633571863555482e-14 1.508790797603676341e-17
5.902599852887789166e+04 -5.856760443827368732e-14 1.498336890191203477e-17
5.902699832855346904e+04 -5.856895965610919712e-14 1.486078763985813235e-17
5.903098745997637889e+04 -5.857516496761706511e-14 1.420069795133081938e-17
5.903196394352258358e+04 -5.857687761008004752e-14 1.399861326565779704e-17
5.903296132236313133e+04 -5.857870500786380823e-14 1.377633040560981536e-17
5.903395830306850985e+04 -5.858061019400874531e-14 1.353844521685718792e-17
5.903695034007070353e+04 -5.858679454725305770e-14 1.273426811432514778e-17
5.903794834101728338e+04 -5.858901122462224925e-14 1.243740852435740343e-17
5.903894492358512798e+04 -5.859130049669730646e-14 1.212752354523074484e-17
5.903994195762004529e+04 -5.859366582250778781e-14 1.180462074153310336e-17
5.904093922272011696e+04 -5.859610597270195889e-14 1.146937764919019966e-17
5.904193652692489559e+04 -5.859861966634285513e-14 1.112252869990642672e-17
5.904293376714548504e+04 -5.860120574375409272e-14 1.076484709886158330e-17
5.904393093626719201e+04 -5.860386321931715519e-14 1.039714564901661238e-17
5.904492785655675834e+04 -5.860659057848240273e-14 1.002038491541768417e-17
5.904891719071901025e+04 -5.861818843195244331e-14 8.442796663821117580e-18
5.905190880832235416e+04 -5.862756968392955666e-14 7.226951555776257706e-18
5.905290630450331082e+04 -5.863082092016203426e-14 6.826043642554733003e-18
5.905490063922917761e+04 -5.863749739328615556e-14 6.049410137449829207e-18
5.905589784036470519e+04 -5.864092076978895111e-14 5.681862827492138505e-18
5.905689513748489844e+04 -5.864439907374290668e-14 5.335154892438932227e-18
5.905789229240962595e+04 -5.864792984870675411e-14 5.015935594768176304e-18
5.905888961441609717e+04 -5.865151253109694454e-14 4.731784334795854426e-18
5.905988742343497142e+04 -5.865514662148850400e-14 4.491275783686337455e-18
5.906088394560364395e+04 -5.865882386832065850e-14 4.303846698020330308e-18
5.908082795103204990e+04 -5.873956100724796024e-14 1.013759799181974978e-17
5.909379164820649021e+04 -5.879442292815355276e-14 1.486556825578037306e-17
5.909478887073360238e+04 -5.879855930500369108e-14 1.513741598184381693e-17
5.909578573777765268e+04 -5.880267255339759807e-14 1.539320852402289646e-17
5.910077149495531194e+04 -5.882285635683554972e-14 1.641877664377755511e-17
5.910176895566313760e+04 -5.882680444212270608e-14 1.657070267377789793e-17
5.911090550075019564e+04 -5.886119690341216756e-14 1.707809085800369798e-17
5.913068692752897914e+04 -5.892125979786695493e-14 1.267851700620856813e-17
5.913168399014348688e+04 -5.892368210078755400e-14 1.227951386211246567e-17
5.913467601338743407e+04 -5.893058582452549280e-14 1.100361531250598047e-17
5.913883090370819991e+04 -5.893926592068434521e-14 9.072792209473929901e-18
5.920350385617051506e+04 -5.898225888875324033e-14 2.014612873379370825e-17
5.920450117129299178e+04 -5.898249981872729549e-14 2.005265814053487702e-17
5.921363952014628012e+04 -5.898541436856475292e-14 1.810988963587039550e-17
5.922949053612962598e+04 -5.899412228961344299e-14 1.060078404680490012e-17
5.925237129297237698e+04 -5.901298332985419021e-14 6.604713450867088456e-18
5.926134760616387939e+04 -5.902026981295974076e-14 1.265039624482385144e-17
5.926533697011393087e+04 -5.902305458107016206e-14 1.508849352776457620e-17
5.927132042420432845e+04 -5.902640978130600169e-14 1.824221738523255562e-17
5.927331551679164113e+04 -5.902725911006094896e-14 1.913187535768815637e-17
5.927531038187289232e+04 -5.902795313573719887e-14 1.993036884908741866e-17
5.927644104241263267e+04 -5.902827305477204252e-14 2.034045687628425225e-17
5.929126797680915479e+04 -5.902658343719934041e-14 2.250315302608603278e-17
5.929230688004828698e+04 -5.902599925442941100e-14 2.241389114388398626e-17
5.929330537195967190e+04 -5.902537460272089650e-14 2.229727000670580610e-17
5.929529876185026660e+04 -5.902393925781465151e-14 2.197402150110995333e-17
5.929632409985784761e+04 -5.902310182681595764e-14 2.176091073288145031e-17
5.930627050604291435e+04 -5.901137331104799823e-14 1.808724655901060132e-17
5.930926208930179564e+04 -5.900654912561524651e-14 1.644577708709129127e-17
5.931325118694052799e+04 -5.899919260836389584e-14 1.391670711991875264e-17
5.931833034547408170e+04 -5.898834608196866004e-14 1.021769368724620004e-17
5.933326618313226209e+04 -5.894807051673124215e-14 3.887194983413347960e-18
5.934018028586755099e+04 -5.892625815046999179e-14 9.813187168321143086e-18
5.934117076170566725e+04 -5.892302957634495201e-14 1.067568698461799921e-17
5.934715472484981728e+04 -5.890320333026605056e-14 1.565194774311498387e-17
5.934815218949980044e+04 -5.889986867477969578e-14 1.642544915734448402e-17
5.935214166419110552e+04 -5.888654269524900915e-14 1.930111266157816119e-17
5.935723315474833362e+04 -5.886977484306820391e-14 2.235316655472628621e-17
5.936211434145706153e+04 -5.885426517837219679e-14 2.448030108658175080e-17
5.936311172436790366e+04 -5.885119377489135513e-14 2.480611841397061403e-17
5.936410910728167801e+04 -5.884816173176765212e-14 2.509260285789582155e-17
5.936710060549729678e+04 -5.883933003262409289e-14 2.570662608730719728e-17
5.936909638090912631e+04 -5.883368273055125427e-14 2.590324272590008029e-17
5.938206102951569483e+04 -5.880314552448654960e-14 2.269929218963143024e-17
5.938305909143162717e+04 -5.880131338931981686e-14 2.212180889128656931e-17
5.938405520885394799e+04 -5.879956741891648844e-14 2.149880612387058947e-17
5.938505175997035985e+04 -5.879790462779276042e-14 2.082937782162711338e-17
5.938604882298166922e+04 -5.879632627505129067e-14 2.011399358090349319e-17
5.938704721194882586e+04 -5.879483247645524609e-14 1.935265501182856780e-17
5.939414684553755069e+04 -5.878678810573826458e-14 1.273901007146325405e-17
5.940486805392317183e+04 -5.878336504594734525e-14 3.567122528883716671e-18
5.941604634288875241e+04 -5.879001760082815680e-14 1.817192174325468549e-17
5.941895940751473245e+04 -5.879311628346638913e-14 2.230346802986631260e-17
5.943089941920737328e+04 -5.880895794870844279e-14 3.611284161740819145e-17
5.944301494388993888e+04 -5.882344919504224855e-14 3.902355753886769223e-17
5.945475040027445357e+04 -5.882500421296298877e-14 2.300295615456637967e-17
5.946692164030704589e+04 -5.879984726513151341e-14 2.570185751281105979e-17
5.947867449448257685e+04 -5.873547758121174802e-14 1.073071793468219647e-16
5.949684019693321170e+04 -5.852797517967061527e-14 3.223468602160448680e-16
