59122.918624901437514 0.00036757889999418617366 1623.5021432855924104
59280.527197664943102 -0.00040105597574407367901 1555.3765994209370547
59334.353962947444924 -0.00080942201734080601461 1546.1749860546497075
59407.168104211690263 0.0014934893272221221851 1624.8219716750584212
59415.052806186307258 -0.0015904499231784420719 1643.1318962098459906
59446.009799425879432 0.0029196179704065517087 1891.3399171366440896
59486.804286906908025 0.0029546688355219376127 1566.1962059395957567
59568.747603333888321 -0.0018224795413481581587 1632.991427565968479
59612.64147313167825 0.001845270093071108213 1682.5393057352719097
59699.399421709989252 0.00051344884293173656726 1758.6840340716878472
