59232.548389311739534 0.00048759297937447274462 373.4312143850156076
58982.191240914581709 -0.0027497077589365664311 385.71148250027215454
59090.853636622582563 0.00096813310339825356388 384.84567820571680841
59183.661005643184399 0.0011919290640416896232 371.87924711027164903
59284.357191746384707 -0.00053714674618221550613 373.49774239352285576
59399.84291289072392 0.00032738029473792421864 391.38578078594599674
59005.050108758217263 -0.0023176016627460983079 374.57945930857545136
59117.779205964029803 0.00015870133105627956313 373.18107689845527375
59207.582728135527116 0.0010032173827506436646 424.4550007393727924
59311.085579632301677 -0.0008995564651809791259 404.47894377724657033
59428.784254856230945 0.0013384628486604873281 383.99107552954461653
58881.55252966459156 -0.00093744887944575470803 372.94032138155762368
59173.65890904939118 0.0014184135013280207254 379.18731843917851165
59257.460510237117564 0.00020398449980858996215 374.49840212231214309
59368.927672445866552 -0.0019683395634831007493 434.48426005167590347
58774.712041515252249 -0.00029503515801018396958 378.57393864946965323
59033.993265546451681 -0.001890404416204263117 379.01418439977527441
59146.693232827886469 0.0012086230968225568422 373.17926100431196801
59338.007397538232318 -0.0021818639633259188585 377.65328409616614636
