5.903399326554649451e+04 -1.050513689969711401e-15 7.799523499706918980e-17
5.909085363662209420e+04 -4.890171574113179585e-16 1.262854791497850704e-16
5.911777920596388867e+04 -8.926958132579774496e-16 4.777508240070986288e-17
5.914669323282793630e+04 -2.846919853256905283e-16 3.279115840525756598e-17
5.917365890904950356e+04 -3.079122134734535721e-16 5.018613740863461146e-17
5.918366100564316002e+04 -4.513956503138379502e-16 2.544148313834591310e-17
5.920758272813521035e+04 -6.088833533742513842e-16 5.537581198387232231e-17
5.923254838931155246e+04 -4.407156494579004902e-16 3.248886075818564295e-17
5.925746051023701148e+04 -4.150930860618475457e-16 4.559049775549742387e-17
5.928435719174641417e+04 -4.932426189666634341e-16 6.414297326833649497e-17
5.931108557963104977e+04 -4.430705522561580340e-16 1.208314742244775384e-16
5.933800739753847301e+04 -6.543770570150990667e-16 1.018815300579769491e-16
5.936892767244826246e+04 -8.155018717906681036e-16 1.747743936322078327e-16
5.939984291288937675e+04 -2.823833868528269411e-16 5.607374461847794284e-16
