5.877465539495775010e+04 -1.699185781027524971e-14 2.518808477331445943e-16
5.877555879372266645e+04 -1.699815496393345080e-14 2.477014336137976920e-16
5.888147641180174105e+04 -1.753984792987170045e-14 3.179132047633555459e-17
5.890324924021669722e+04 -1.752631861196085009e-14 2.247765959125315146e-17
5.893727291322777455e+04 -1.746416432986740055e-14 1.513194030035486662e-18
5.898210377501085168e+04 -1.740569460374504831e-14 1.032142201257403421e-17
5.900496458674625319e+04 -1.740696281837125095e-14 3.818590259137280711e-18
5.903386363614726724e+04 -1.743085102714529958e-14 6.223374721707783229e-18
5.909072325174613070e+04 -1.747590193348389955e-14 2.988575892886611808e-18
5.911764858414763876e+04 -1.747759573118785159e-14 5.705746040146882021e-18
5.914656278660313546e+04 -1.747346372976699875e-14 8.738742756544104924e-18
5.917352879822411342e+04 -1.747555569538620215e-14 1.960239812082713856e-18
5.918359365357441129e+04 -1.747890678887124541e-14 2.711486914914217311e-18
5.920240299972658977e+04 -1.748759229557694942e-14 1.012519368124288988e-17
5.923241968342324253e+04 -1.749561533158494477e-14 8.590999134960789314e-18
5.925733196492215939e+04 -1.747594985313100505e-14 2.048493237955644103e-17
5.928422872417715553e+04 -1.740511112314630065e-14 8.892652511506027560e-17
