-1.730568151758200143e-14 -1.730664161100199972e-14 -1.750079746953900031e-14 -1.750008298316999853e-14 -1.746760811130299962e-14 -1.741861826710799898e-14 -1.741061708661299989e-14 -1.742158812918599918e-14 -1.747202764911899981e-14 -1.748513046836400120e-14 -1.748496747526400125e-14 -1.747796067620899915e-14 -1.747577991549000112e-14 -1.747487251689000132e-14 -1.748563805723899889e-14 -1.750390092018600012e-14 -1.752209424997600042e-14
-1.684473376549800118e-14 -1.685353131033299920e-14 -1.755756485902799989e-14 -1.753853231312400063e-14 -1.746329906162200034e-14 -1.740055850574700075e-14 -1.740572056492900079e-14 -1.743486272832999859e-14 -1.747686279827299893e-14 -1.747385939487300012e-14 -1.746883761519000081e-14 -1.747573380465999995e-14 -1.748166338857499884e-14 -1.749439661837199961e-14 -1.749923623058300117e-14 -1.745942195474200113e-14 -1.734425759804700007e-14
-1.681387449097400142e-14 -1.682329594510800155e-14 -1.756104139239700122e-14 -1.754004319787299942e-14 -1.746194302499800118e-14 -1.739962073205599948e-14 -1.740617094761999878e-14 -1.743648686180600004e-14 -1.747634651267999865e-14 -1.747193526682900057e-14 -1.746711064242499928e-14 -1.747601538465799919e-14 -1.748289846175699877e-14 -1.749708915539199983e-14 -1.750115636670299967e-14 -1.745552115923799890e-14 -1.732783637956000042e-14
-1.677751130753499950e-14 -1.678734165927100027e-14 -1.756693430401600023e-14 -1.754553024360699875e-14 -1.746320592408200096e-14 -1.739680269110200093e-14 -1.740375486474200024e-14 -1.743629775174800075e-14 -1.747890949801200027e-14 -1.747313261882100115e-14 -1.746595803157900044e-14 -1.747359242388799915e-14 -1.748051919551900150e-14 -1.749566977116699961e-14 -1.750302576320900010e-14 -1.746002400296999912e-14 -1.733239709765200078e-14
-1.681607589164500144e-14 -1.682527769806199985e-14 -1.756246348361700099e-14 -1.754230343022000115e-14 -1.746326765023400050e-14 -1.739800781192300078e-14 -1.740394419802499855e-14 -1.743506875630999953e-14 -1.747846480481200138e-14 -1.747406841508599911e-14 -1.746736646914700108e-14 -1.747389136667299982e-14 -1.748014114772300021e-14 -1.749410073426500004e-14 -1.750166993523000135e-14 -1.746307903312899937e-14 -1.734597788635000042e-14
-1.727627735123399899e-14 -1.727782999499200111e-14 -1.750411429386799996e-14 -1.750109067140999937e-14 -1.746533255362200089e-14 -1.741707730988700109e-14 -1.741106382435700131e-14 -1.742410411973100091e-14 -1.747286024622899998e-14 -1.748371962166200145e-14 -1.748244005986899952e-14 -1.747647749170499979e-14 -1.747509907215800048e-14 -1.747581634665999992e-14 -1.748746583806799929e-14 -1.750241628823900056e-14 -1.751126609517600056e-14
-1.677347742130000119e-14 -1.678335923981000125e-14 -1.756796961634399953e-14 -1.754632458892699995e-14 -1.746317058215499999e-14 -1.739604988616700055e-14 -1.740306320709399996e-14 -1.743597159283399908e-14 -1.747906622400499884e-14 -1.747310797919000001e-14 -1.746563082595100064e-14 -1.747319081630600113e-14 -1.748019433899000064e-14 -1.749566773342700128e-14 -1.750393366432399882e-14 -1.746176416485900138e-14 -1.733462713379600059e-14
-1.671761937203300005e-14 -1.672849157665100019e-14 -1.757407710255099860e-14 -1.755016612490999972e-14 -1.746249306573600143e-14 -1.739492284423399884e-14 -1.740372184557599940e-14 -1.743840859923599961e-14 -1.747866627469600098e-14 -1.747045543905200093e-14 -1.746290425862000129e-14 -1.747319021834699897e-14 -1.748159013771999883e-14 -1.749934004639100088e-14 -1.750698264006799968e-14 -1.745665590921999948e-14 -1.731101070609299943e-14
-1.727866313914599895e-14 -1.728023339886300111e-14 -1.750356265961400118e-14 -1.750011393045900146e-14 -1.746443006858100140e-14 -1.741702815448800015e-14 -1.741139846922799938e-14 -1.742466000212699957e-14 -1.747323335341999949e-14 -1.748402732179799931e-14 -1.748277314880999950e-14 -1.747677773329799984e-14 -1.747532545361599871e-14 -1.747575649669099873e-14 -1.748646237264699844e-14 -1.750023299641700031e-14 -1.750771708075399973e-14
-1.729583367847400083e-14 -1.729705765373599861e-14 -1.750144408317500098e-14 -1.749940487014000017e-14 -1.746581627643899920e-14 -1.741818450035999997e-14 -1.741139485122200058e-14 -1.742332709685999950e-14 -1.747250268002500150e-14 -1.748455872084800151e-14 -1.748410017330399897e-14 -1.747779204158700038e-14 -1.747600511234399906e-14 -1.747573808393100020e-14 -1.748622384145699895e-14 -1.750197208484299963e-14 -1.751469442891499895e-14
-1.667768257070900017e-14 -1.668915769075300049e-14 -1.757958771420999857e-14 -1.755475598942500130e-14 -1.746328331916400095e-14 -1.739286389401100042e-14 -1.740204236254599989e-14 -1.743806742213899974e-14 -1.747941468356099989e-14 -1.747067724725500054e-14 -1.746277405513100024e-14 -1.747338872570099912e-14 -1.748200211020900012e-14 -1.749996624506599940e-14 -1.750606156459299909e-14 -1.745100728625600071e-14 -1.729568316120699867e-14
-1.727077636621800127e-14 -1.727242795256000045e-14 -1.750507046667700094e-14 -1.750162381101299906e-14 -1.746495778569899871e-14 -1.741626595947500048e-14 -1.741051138372499915e-14 -1.742412678604799932e-14 -1.747365278763799953e-14 -1.748444946756699879e-14 -1.748289563678100037e-14 -1.747661204970000037e-14 -1.747510783788399942e-14 -1.747556477136500098e-14 -1.748660666779899937e-14 -1.750069800080800038e-14 -1.750813815452100138e-14
-1.675022424695900144e-14 -1.676043270718200147e-14 -1.757064035215499860e-14 -1.754894024043199906e-14 -1.746424080900500088e-14 -1.739565142144100029e-14 -1.740265617126599885e-14 -1.743591015186699920e-14 -1.747914227283100077e-14 -1.747297912353900076e-14 -1.746552464788700117e-14 -1.747341448638499999e-14 -1.748054344598500094e-14 -1.749604982988199983e-14 -1.750304002653699975e-14 -1.745771455425199992e-14 -1.732462837917100062e-14
-1.725001543885900050e-14 -1.725212442211600102e-14 -1.750680180953999872e-14 -1.750224651741400095e-14 -1.746443384403299988e-14 -1.741664673333900141e-14 -1.741158791173700049e-14 -1.742527038544099847e-14 -1.747246803732799959e-14 -1.748280807505200027e-14 -1.748230477958699980e-14 -1.747788638597399982e-14 -1.747696776192100103e-14 -1.747777736156500011e-14 -1.748572516236799905e-14 -1.749258337830599864e-14 -1.748778209799500111e-14
-1.733307053107899897e-14 -1.733364693231800003e-14 -1.749703895845400087e-14 -1.749683338614800024e-14 -1.746688461861900068e-14 -1.741974108959099843e-14 -1.741141963844100111e-14 -1.742151355070100104e-14 -1.747203480622399891e-14 -1.748602696407100074e-14 -1.748626722292699873e-14 -1.747838783812599939e-14 -1.747556613203100129e-14 -1.747321376410300037e-14 -1.748218873013299921e-14 -1.750113834356499943e-14 -1.752388248584600109e-14
-1.691693670091699847e-14 -1.692427713649999957e-14 -1.755041632180300075e-14 -1.753541452126800148e-14 -1.746592852512700076e-14 -1.740189912629000055e-14 -1.740415685688199863e-14 -1.743110036095600033e-14 -1.747784027201099970e-14 -1.747729527515300143e-14 -1.747113537254500036e-14 -1.747368758285800105e-14 -1.747788712129300005e-14 -1.748874018924600146e-14 -1.749919585789500120e-14 -1.747669862470299902e-14 -1.739407588478700083e-14
-1.733466794568699854e-14 -1.733540425207400136e-14 -1.749591625923699914e-14 -1.749435693488000036e-14 -1.746464072925500094e-14 -1.742039585679300075e-14 -1.741317562307499981e-14 -1.742331071369999921e-14 -1.747087940801199924e-14 -1.748413077526099960e-14 -1.748513066922400154e-14 -1.747902183088800124e-14 -1.747687996423999969e-14 -1.747541072252299922e-14 -1.748362489898099899e-14 -1.749913360114199860e-14 -1.751560445910900060e-14
-1.681944344152500105e-14 -1.682871832603299970e-14 -1.756083918313000142e-14 -1.754030426943199873e-14 -1.746238342483900113e-14 -1.739923678193900007e-14 -1.740540338185499948e-14 -1.743574540882999958e-14 -1.747701293570199848e-14 -1.747295462836700115e-14 -1.746768207209199867e-14 -1.747554568992899989e-14 -1.748201354763499856e-14 -1.749562960675800014e-14 -1.750004710484399938e-14 -1.745649980504800100e-14 -1.733294418736999968e-14
-1.686748873936099990e-14 -1.687595969002600071e-14 -1.755518204944800035e-14 -1.753631059867000128e-14 -1.746253543911299848e-14 -1.740081539636500020e-14 -1.740577633596399993e-14 -1.743448218503500142e-14 -1.747679635083900030e-14 -1.747425628654700037e-14 -1.746924768041200001e-14 -1.747550376366199979e-14 -1.748110737340899876e-14 -1.749334106756299980e-14 -1.749863182379099866e-14 -1.746145678713199849e-14 -1.735211272465700067e-14
-1.671710228877000157e-14 -1.672789008127899885e-14 -1.757549621863100054e-14 -1.755199361669500019e-14 -1.746343178372199991e-14 -1.739350511258499995e-14 -1.740167684252800078e-14 -1.743671794002099971e-14 -1.747985707426100116e-14 -1.747234153442200079e-14 -1.746422375859499981e-14 -1.747304359717000072e-14 -1.748084425892599852e-14 -1.749770485028200144e-14 -1.750539008522999894e-14 -1.745707816756500056e-14 -1.731549227194400063e-14
