5.879280193813804362e+04 -3.011746504833270380e-14 2.037847943223494852e-14
5.898215432247300487e+04 -4.830865125606359942e-15 8.894623803609626606e-16
5.900501539013137517e+04 -5.633529850777319755e-15 2.253859865629225168e-16
5.903394126786661946e+04 -6.090150657061201691e-15 1.323081271080430860e-16
5.909079713554018235e+04 -5.907482756888599860e-15 4.695939888125947210e-17
5.911772590239024430e+04 -5.867697957436769885e-15 7.735151258023970284e-17
5.914663969830982387e+04 -5.952026165837109713e-15 5.551789878604361836e-18
5.917360584341614594e+04 -6.030976460388239356e-15 5.677913669058440205e-17
5.922545880132591992e+04 -5.953607842880155340e-15 2.413762281753875877e-17
5.923249416795397701e+04 -5.934688724460815578e-15 4.038729804872372133e-17
5.925740881802800868e+04 -5.906498476478840769e-15 5.996579541546440214e-17
5.928430523746266408e+04 -5.962219166338844701e-15 3.662880484867212944e-18
5.931106823534767318e+04 -6.034906201394519886e-15 7.298562164231645653e-17
5.933799009320708137e+04 -5.995056682891985222e-15 4.535481018327617400e-17
5.936891005682974355e+04 -5.808567540302634738e-15 1.129306783656506662e-16
5.939982514551653003e+04 -5.952955014824183919e-15 1.868121362319253180e-17
5.942876605563003250e+04 -7.281365783798229769e-15 1.176226616254999014e-15
