-2.712900720754299877e-14 -4.948604013158599907e-15 -5.661235016029199782e-15 -6.072679105178900308e-15 -5.914863740388600131e-15 -5.876643192084300076e-15 -5.950127631961699803e-15 -6.022586539440799917e-15 -5.959905242764100292e-15 -5.942998553868000376e-15 -5.915161261474900328e-15 -5.959573316094300077e-15 -6.021734576644700142e-15 -5.989563504162200141e-15 -5.828829021896800144e-15 -5.943529943329100083e-15 -7.071485806137400185e-15
-3.806011535827300255e-14 -4.489464747889700165e-15 -5.547043899402599968e-15 -6.139817029756500122e-15 -5.889464075782499641e-15 -5.839401515255399940e-15 -5.951848691898300001e-15 -6.052999418620899612e-15 -5.942737548304399940e-15 -5.917710627018200004e-15 -5.883397555874600380e-15 -5.963487479778100386e-15 -6.064432650090899784e-15 -6.011436119722700034e-15 -5.762020277065400009e-15 -5.963951281375000310e-15 -7.762495021197600038e-15
-4.139754249889400096e-14 -4.323524818602900135e-15 -5.502580703145999615e-15 -6.165816089545300167e-15 -5.882463013722199940e-15 -5.822459006843899783e-15 -5.946742321948199732e-15 -6.062205058621600122e-15 -5.942958158498300097e-15 -5.914503796149399794e-15 -5.872618030661700394e-15 -5.958453970834299780e-15 -6.073166825843300015e-15 -6.022815948195600050e-15 -5.751469520506000276e-15 -5.953231097745499927e-15 -7.884025049562800413e-15
-4.036221416104800173e-14 -4.378089972068799672e-15 -5.517327896249900056e-15 -6.156861409603800294e-15 -5.884604486036599707e-15 -5.828440578087599608e-15 -5.948894576579600366e-15 -6.059071491163400025e-15 -5.942050108815400285e-15 -5.914843190272699653e-15 -5.876269751211300237e-15 -5.961181606849000103e-15 -6.071385446108800275e-15 -6.018858350526099669e-15 -5.753317946760600033e-15 -5.958413798098299946e-15 -7.857719286312000665e-15
-3.567883573155399814e-14 -4.639158911475900014e-15 -5.595038103485800269e-15 -6.120476307509799905e-15 -5.891786762210599698e-15 -5.854553137391800108e-15 -5.960010642254900000e-15 -6.047090060748899779e-15 -5.937668959294399709e-15 -5.915712673071099747e-15 -5.891331088689200346e-15 -5.972422868707600109e-15 -6.063157088813499782e-15 -6.001098140066200389e-15 -5.760905926976000239e-15 -5.980863030612299801e-15 -7.741919602398000145e-15
-3.929621667649300208e-14 -4.432087357827199668e-15 -5.532465348480200100e-15 -6.148887471433399781e-15 -5.885959424741400354e-15 -5.833114946991300021e-15 -5.950443886341300003e-15 -6.056742000768099978e-15 -5.942781973738400334e-15 -5.916546581976499766e-15 -5.879798674395700257e-15 -5.962276258559100006e-15 -6.067930675720700021e-15 -6.015010857090399888e-15 -5.757423318814599797e-15 -5.963170918286100342e-15 -7.819757740520100232e-15
-3.684008856908399888e-14 -4.572979174961900148e-15 -5.577060224811899969e-15 -6.132053719173799981e-15 -5.889012045523000033e-15 -5.846046831409999909e-15 -5.956075124079600119e-15 -6.050696355128200304e-15 -5.940326002388300019e-15 -5.916733753876799645e-15 -5.887200712680100262e-15 -5.967908788041199798e-15 -6.063921885139500378e-15 -6.006216040371499771e-15 -5.760588544313999713e-15 -5.970584371321300288e-15 -7.750289975318899354e-15
-2.573631096382999949e-14 -5.006551539886799832e-15 -5.675074373036299728e-15 -6.063607269596999790e-15 -5.918316685915200233e-15 -5.881669668793699977e-15 -5.950024874662199808e-15 -6.018619820171399754e-15 -5.961917803465799699e-15 -5.946065950849399611e-15 -5.919125795490399691e-15 -5.959013193895299687e-15 -6.016243515382899944e-15 -5.986975100822499714e-15 -5.838588764884799787e-15 -5.944347313471900041e-15 -6.989604529300999614e-15
-3.728498117643700170e-14 -4.526065589116299680e-15 -5.557363596422199644e-15 -6.135174525868799959e-15 -5.890833122749100329e-15 -5.842091889278800377e-15 -5.951840960582000198e-15 -6.050600406800600331e-15 -5.943696219774700354e-15 -5.919403831498700041e-15 -5.886254893355899937e-15 -5.964271884273100015e-15 -6.061963789158000345e-15 -6.009097745975200278e-15 -5.765175339482300156e-15 -5.964137012066999834e-15 -7.723952416811699504e-15
-2.177411765897900112e-14 -5.186126458400800238e-15 -5.721651029571100278e-15 -6.036624424313300385e-15 -5.926940062917599705e-15 -5.898135731820500075e-15 -5.952805643732899847e-15 -6.008153756584299857e-15 -5.964618128369100109e-15 -5.952038333184400223e-15 -5.930171359832600197e-15 -5.960584925314699705e-15 -6.004253170894000202e-15 -5.978777482408400385e-15 -5.857712398353099667e-15 -5.938162417919499857e-15 -6.766512166255599909e-15
1.789220977351100033e-14 -6.927377823177499940e-15 -6.163910808328900192e-15 -5.777275161616300223e-15 -6.018616655498300338e-15 -6.050962354172500280e-15 -5.963256276786700207e-15 -5.896959276903700052e-15 -6.009213420783000314e-15 -6.029053584041499849e-15 -6.048049569318500119e-15 -5.965285368447299666e-15 -5.863372496549900268e-15 -5.887311217994099860e-15 -6.073107187710599736e-15 -5.916792468482800384e-15 -4.527116734424700195e-15
1.756222033089399947e-14 -6.911397001303000211e-15 -6.160611701707099952e-15 -5.781004965354099700e-15 -6.017606687839199719e-15 -6.048562145818799977e-15 -5.962169238587799890e-15 -5.897733213676299982e-15 -6.009505510703499966e-15 -6.028971335806799981e-15 -6.047018530797500179e-15 -5.964721133688700392e-15 -5.864396560814600082e-15 -5.888966489572699845e-15 -6.072312691635299750e-15 -5.913726643416699923e-15 -4.532761939270000310e-15
-4.245192104383400242e-14 -4.306227119088399723e-15 -5.505062256859599905e-15 -6.170733538346999700e-15 -5.877421771762900240e-15 -5.821698964739100135e-15 -5.951308541415799759e-15 -6.066223382722899723e-15 -5.937094237529599667e-15 -5.908314882177199956e-15 -5.869458552325999757e-15 -5.962977090200999635e-15 -6.081118509488000055e-15 -6.022864359253000213e-15 -5.738253631490999813e-15 -5.965344885289399861e-15 -8.011706098870099625e-15
-3.849343738319200088e-14 -4.477448537023099741e-15 -5.546284537239199666e-15 -6.142955493877399612e-15 -5.887616696609200331e-15 -5.838111739317399646e-15 -5.952695965950399710e-15 -6.054585652345899998e-15 -5.941175598869299670e-15 -5.915845375786200196e-15 -5.881840645718699640e-15 -5.964369302242299703e-15 -6.067317685219500323e-15 -6.012717725226900088e-15 -5.758058162917900115e-15 -5.963707169115199947e-15 -7.794085847275300033e-15
-1.233237990553600047e-14 -5.589904957423299715e-15 -5.822330840121599688e-15 -5.976676982707999814e-15 -5.949638502758599700e-15 -5.932472420670499718e-15 -5.952427357397899758e-15 -5.980607609627400093e-15 -5.977580206712499838e-15 -5.972611414760399649e-15 -5.958946664123099985e-15 -5.960186712869499808e-15 -5.968750430487499995e-15 -5.957338695106100336e-15 -5.912169795577399660e-15 -5.931183064149000236e-15 -6.212391756818300364e-15
-2.117031704912700015e-14 -5.210193548652099912e-15 -5.727777275441799831e-15 -6.033584000277899710e-15 -5.928035838072199807e-15 -5.899299867357600211e-15 -5.951925117216299738e-15 -6.006401646725299974e-15 -5.966486586172100055e-15 -5.954305202764299948e-15 -5.932260815224900035e-15 -5.959880834260199904e-15 -6.000997875130699931e-15 -5.977067093397899669e-15 -5.861868905954099787e-15 -5.937360640269700290e-15 -6.725854356950300253e-15
-3.145160844810400139e-14 -4.783791141755700041e-15 -5.623791844891800117e-15 -6.097215452528999841e-15 -5.903196529591900157e-15 -5.864309784698099845e-15 -5.954390683593400246e-15 -6.035786184469399637e-15 -5.949862154393999830e-15 -5.929949504124500216e-15 -5.901833213909699674e-15 -5.963466980947300068e-15 -6.041417398159099931e-15 -5.997708145929999686e-15 -5.798616755732799849e-15 -5.957245772407000291e-15 -7.381009267798400184e-15
-2.207431023359000137e-14 -5.171581958679000306e-15 -5.717585761297299764e-15 -6.038915090090899672e-15 -5.926687656878899930e-15 -5.896628092864899918e-15 -5.951827906897899846e-15 -6.008372822801900355e-15 -5.965371871459800317e-15 -5.952667903832799958e-15 -5.930302200002599832e-15 -5.960281818484399761e-15 -6.003421656033899774e-15 -5.977143036033400073e-15 -5.856780890598800176e-15 -5.946431131061099629e-15 -6.800503402737700103e-15
-7.447400899182600119e-14 -2.879738598135899974e-15 -5.135248325931300272e-15 -6.378711594948300005e-15 -5.807021489225800044e-15 -5.698012351488100153e-15 -5.939760932781399636e-15 -6.153745165794899970e-15 -5.904040684525499635e-15 -5.849274457853400291e-15 -5.776252297164499741e-15 -5.957721839388600227e-15 -6.190850441268600282e-15 -6.093929259773799793e-15 -5.567062167796799633e-15 -5.987485026988400334e-15 -9.813321201220500014e-15
-5.179631801371500107e-14 -3.856989243500300204e-15 -5.381153473092600251e-15 -6.233943509494500144e-15 -5.859569889548200325e-15 -5.781344929651100316e-15 -5.941946942073900336e-15 -6.090349344648900268e-15 -5.933166441040900367e-15 -5.896223536304000039e-15 -5.842677917324900186e-15 -5.956317953900899915e-15 -6.108291350942300127e-15 -6.046238346210999814e-15 -5.697089557584400354e-15 -5.959432311078399940e-15 -8.460803476784200541e-15
