-1.538650317479700131e-14 -1.552194878998800057e-14 -1.737045286341700145e-14 -1.753138457484400086e-14 -1.743679751964100055e-14 -1.745842857802199857e-14 -1.746586160092199922e-14 -1.736922596725299854e-14 -1.753521298358799880e-14 -1.750482208301799954e-14 -1.743106930335599848e-14 -1.748566884367600052e-14 -1.750492116914600152e-14 -1.749250840022599861e-14 -1.747729278688899917e-14 -1.755584210117199855e-14 -1.681548603530800024e-14
-1.620547371491300082e-14 -1.627378905581600077e-14 -1.743138539335800050e-14 -1.750783435803299856e-14 -1.744128492925099864e-14 -1.745390198789400044e-14 -1.745233502842299923e-14 -1.737925628595299899e-14 -1.752808932748599864e-14 -1.750922361517499883e-14 -1.742567086032399903e-14 -1.747308077319499966e-14 -1.750489088166699975e-14 -1.752280562885000059e-14 -1.744962278981800114e-14 -1.749870360792699924e-14 -1.748688757422700081e-14
-1.492800202592200014e-14 -1.508614320968499882e-14 -1.731453577869799917e-14 -1.752361513931099926e-14 -1.744745582726299944e-14 -1.744888946006400060e-14 -1.747512540762399875e-14 -1.737665472416099869e-14 -1.753470327147100089e-14 -1.751089371639700025e-14 -1.742106406000299844e-14 -1.747982667950800135e-14 -1.750803391451099846e-14 -1.750902262963400029e-14 -1.747623078995800129e-14 -1.754344101605199963e-14 -1.683306144081300041e-14
-1.550012699474299881e-14 -1.561141755948099856e-14 -1.738007526827599957e-14 -1.752117757465400019e-14 -1.744968320050799901e-14 -1.744491922980699928e-14 -1.745996140497599848e-14 -1.738204506338199994e-14 -1.752652248679000054e-14 -1.750708299216199868e-14 -1.742920143038099914e-14 -1.748371698868900132e-14 -1.751077361184799867e-14 -1.751031903570400106e-14 -1.744607925952500143e-14 -1.753537758046400110e-14 -1.727914075792499924e-14
-1.489816166153899937e-14 -1.503483801227199981e-14 -1.729903437526099995e-14 -1.750554765039700004e-14 -1.746046205964600119e-14 -1.743680870595800103e-14 -1.748564756181499943e-14 -1.739082617028900089e-14 -1.752584392036399867e-14 -1.753533161412799849e-14 -1.741698985168500124e-14 -1.746252338234699904e-14 -1.750604274813999878e-14 -1.753705408335800152e-14 -1.743651593700900106e-14 -1.751369876172799904e-14 -1.750560301451200094e-14
-1.591589164496999850e-14 -1.600398916758500105e-14 -1.741507680006200087e-14 -1.752454279028400104e-14 -1.744195433185700003e-14 -1.744937540962399852e-14 -1.746235173336900082e-14 -1.738377511561000122e-14 -1.752250402712900021e-14 -1.751256260199100156e-14 -1.743189325663999957e-14 -1.747310329666200142e-14 -1.750074196555099973e-14 -1.751325982005599902e-14 -1.745855601385600118e-14 -1.751365446114799861e-14 -1.732758667432700088e-14
-1.546034955002500032e-14 -1.558362248799899844e-14 -1.738483431426400119e-14 -1.751309562826299981e-14 -1.744193362105200118e-14 -1.745385180835700141e-14 -1.745232808979800081e-14 -1.737782755528899905e-14 -1.752212144235199882e-14 -1.749573954396299882e-14 -1.744565721823599980e-14 -1.748687542951600140e-14 -1.749635980249600030e-14 -1.747885940976799946e-14 -1.749631795731900085e-14 -1.755851684584900146e-14 -1.672859062182600140e-14
-1.610036947651500051e-14 -1.618696718675599898e-14 -1.744433461963799958e-14 -1.751742305873399896e-14 -1.743281860984200082e-14 -1.746126193251800034e-14 -1.744506813611999911e-14 -1.737417022122599992e-14 -1.752436982085899976e-14 -1.749087457718500048e-14 -1.744245130470299922e-14 -1.748851427122999891e-14 -1.750108983874999999e-14 -1.748835287539100103e-14 -1.748450935528100006e-14 -1.753350225982699907e-14 -1.692825622031399994e-14
-1.763323518811600080e-14 -1.762094212277700095e-14 -1.761262004724400104e-14 -1.753711103316000138e-14 -1.741689447661100038e-14 -1.746847420682300043e-14 -1.742721471340300018e-14 -1.737697116804199854e-14 -1.751134777207499888e-14 -1.749012703659700139e-14 -1.745405988102400011e-14 -1.747482335949399900e-14 -1.748540397113299889e-14 -1.749247071365200149e-14 -1.748749124039499870e-14 -1.749081481761299983e-14 -1.739518715389000001e-14
-1.408695828708200031e-14 -1.428944835200899976e-14 -1.724359987322900137e-14 -1.750668022177799849e-14 -1.745571335259999955e-14 -1.744563823506700066e-14 -1.748271869293700139e-14 -1.737814773357499909e-14 -1.753322190432599902e-14 -1.751521459113900081e-14 -1.742858951063399918e-14 -1.748471645559100089e-14 -1.750676947803699890e-14 -1.749270730197199913e-14 -1.747640391859900101e-14 -1.757620397199900153e-14 -1.662440045442100137e-14
-1.404718472207899987e-14 -1.426035559360400064e-14 -1.720881297213200145e-14 -1.750424614636199942e-14 -1.746291838798599913e-14 -1.744448376930399900e-14 -1.748151874585400065e-14 -1.737346792651299957e-14 -1.754131700542100143e-14 -1.751370694047599958e-14 -1.741978623130100093e-14 -1.748883565496599892e-14 -1.751485338283100051e-14 -1.749727191180600088e-14 -1.746150649447299976e-14 -1.758247951977300151e-14 -1.666551149957299928e-14
-1.511915193514700108e-14 -1.527398327316700039e-14 -1.734651194603099936e-14 -1.752141458770100060e-14 -1.743903715103699946e-14 -1.745927889077700056e-14 -1.746040423345399938e-14 -1.736959317151000137e-14 -1.753235547741799909e-14 -1.748952709179999891e-14 -1.743767878324200139e-14 -1.750107560292799924e-14 -1.751103929158200058e-14 -1.747569843311899967e-14 -1.748170042682200125e-14 -1.758639993767899961e-14 -1.658897256684900139e-14
-1.671587743752199959e-14 -1.674830145544799899e-14 -1.748123010458499946e-14 -1.751860718272599939e-14 -1.743741875099999981e-14 -1.745263084745999924e-14 -1.745551000543000051e-14 -1.738448848990200028e-14 -1.751938282618200137e-14 -1.752001257029000106e-14 -1.743100023769099880e-14 -1.746298991333700017e-14 -1.749767583597600152e-14 -1.752963403975999863e-14 -1.743956346430699979e-14 -1.748694398770300053e-14 -1.784393436882500078e-14
-1.526531085064699945e-14 -1.539974128318199847e-14 -1.732821315636100064e-14 -1.752003011645700007e-14 -1.745341711336000082e-14 -1.744189774243800154e-14 -1.747067015788199951e-14 -1.738373407932300018e-14 -1.752704081013100137e-14 -1.751530576126799944e-14 -1.742817188654100015e-14 -1.747777594737499880e-14 -1.750564871034399879e-14 -1.750873745720599929e-14 -1.745638724111400033e-14 -1.754192942243200133e-14 -1.714597848822699851e-14
-1.769736438756099916e-14 -1.766684258938699914e-14 -1.757985101222999865e-14 -1.751950688202500076e-14 -1.743192561429300002e-14 -1.745719854230199869e-14 -1.743616495259699992e-14 -1.738584426022000003e-14 -1.751272785270199896e-14 -1.751239532631599945e-14 -1.743708790649700151e-14 -1.745818604944099947e-14 -1.749062369632500109e-14 -1.753193279767899883e-14 -1.744455389780400049e-14 -1.746175728061999859e-14 -1.810013762642099994e-14
-1.721693409040300019e-14 -1.721815291803400027e-14 -1.754036198017200140e-14 -1.752129579144800085e-14 -1.743524818767899904e-14 -1.745552633082599864e-14 -1.744126693447600000e-14 -1.738557847897300079e-14 -1.751254635378100087e-14 -1.751020086057599889e-14 -1.743926270590699954e-14 -1.746333863317800084e-14 -1.749203977248199956e-14 -1.752418000228500100e-14 -1.745496953731800131e-14 -1.746677410699400024e-14 -1.779697175169599871e-14
-1.475705578708600145e-14 -1.492681388939199981e-14 -1.729898221589899902e-14 -1.752123619459400149e-14 -1.744963853227299971e-14 -1.744874149480099972e-14 -1.747313688453799843e-14 -1.737531118125799895e-14 -1.753493749954199975e-14 -1.750613473885300046e-14 -1.742744999832100069e-14 -1.749097237151799861e-14 -1.751251515324600103e-14 -1.749308413352899914e-14 -1.746125861747899886e-14 -1.757999579544500045e-14 -1.683307823091499868e-14
-1.726732311624099983e-14 -1.725730504647899950e-14 -1.754804253616199981e-14 -1.751085053486799995e-14 -1.744074749449999916e-14 -1.744825929917300100e-14 -1.743341358919100141e-14 -1.739276295296200082e-14 -1.750738252438899849e-14 -1.751039766548400042e-14 -1.744337172201400111e-14 -1.745812329067500064e-14 -1.748556885797199882e-14 -1.752314874507599985e-14 -1.745944246481700075e-14 -1.745907121095300127e-14 -1.786760589721400124e-14
-1.597482282809800094e-14 -1.605861265296399848e-14 -1.742954923208399886e-14 -1.752737678443100117e-14 -1.743658487390300030e-14 -1.745440166827000149e-14 -1.746225720188599878e-14 -1.737697194342099952e-14 -1.753161792113300095e-14 -1.751365456547400135e-14 -1.742179496566799886e-14 -1.747114793342200001e-14 -1.750470886596599944e-14 -1.752379663912199969e-14 -1.745565928633000081e-14 -1.750709875977699954e-14 -1.738646338835700142e-14
-1.567361052709099909e-14 -1.577427422085999946e-14 -1.737506572810000102e-14 -1.752041991555199915e-14 -1.744762199992899911e-14 -1.744536003314199979e-14 -1.747184637420699912e-14 -1.738443554242199915e-14 -1.752807015262899969e-14 -1.752268612059600006e-14 -1.742033771249900150e-14 -1.746847492796900062e-14 -1.750666079076300148e-14 -1.753069858750100000e-14 -1.744169245592200009e-14 -1.750552638563799851e-14 -1.749284229045800087e-14
