5.878685759445595613e+04 4.573093739872464505e-14 4.560105894535247615e-14
5.897708734672169521e+04 -6.385027860117492875e-15 5.641453292009803404e-15
5.900003981205030868e+04 -2.673716138361209994e-15 3.386351782157800883e-16
5.903402528102391079e+04 -2.865622710338935385e-15 3.974757124941308599e-17
5.909088302806004504e+04 -2.715647256905985334e-15 1.717239571288318822e-16
5.911781228908277990e+04 -2.797696534896319533e-15 1.050925505769503290e-16
5.914672606539400294e+04 -2.960513897944849854e-15 1.331828932843196287e-16
5.917369144845365372e+04 -2.828490706415379174e-15 3.843180854416724241e-17
5.922550191082504170e+04 -2.865285725740894655e-15 5.620048064395182203e-17
5.923257746403414058e+04 -2.886769089534695458e-15 7.535165036205926721e-17
5.925749144857605279e+04 -2.869379643609040379e-15 7.722454550065396501e-18
5.928438742839657789e+04 -2.828994296810529908e-15 5.153788251412682316e-17
5.931108990643008292e+04 -2.884857772012689961e-15 8.006590893886027419e-17
5.933801181437417108e+04 -2.817812554057464910e-15 3.939335782411518503e-17
5.936893249459208164e+04 -2.841191640276554937e-15 4.837126835924317123e-17
5.939984829401692696e+04 -3.099410112886229837e-15 3.452760577221213219e-16
5.942879022663977230e+04 2.844568298082951351e-16 3.586962014052958131e-15
