1.493524159109199866e-14 -7.022291005402400099e-15 -2.661136003110000124e-15 -2.828890909686899861e-15 -2.680484335600400193e-15 -2.755765805067299869e-15 -3.008002613950199971e-15 -2.824083997100200165e-15 -2.879203511515999839e-15 -2.913819156626900029e-15 -2.879112629632899908e-15 -2.805517789145999974e-15 -2.917849114324599809e-15 -2.805351226496700170e-15 -2.803324550664799840e-15 -3.323669768624999931e-15 2.642823024760800084e-15
5.955952360881399778e-14 -8.556501388962399268e-15 -2.533326444598500109e-15 -2.872408643221699966e-15 -2.658338573057499818e-15 -2.777156398813000015e-15 -2.996126008667200137e-15 -2.811282552344400078e-15 -2.882848715857600007e-15 -2.907099743160500114e-15 -2.866615352789000055e-15 -2.819709099479199931e-15 -2.901523273484799818e-15 -2.804897170903300166e-15 -2.840424158984099952e-15 -3.142276674950299850e-15 7.199041594071799671e-16
6.355635614020400485e-14 -4.693913994130100059e-15 -2.785432394290599816e-15 -2.864295367208799951e-15 -2.772730751598299894e-15 -2.821239656659899945e-15 -2.920670272521300169e-15 -2.845407669830100116e-15 -2.842321450481200164e-15 -2.860404511205400045e-15 -2.875371048623200105e-15 -2.847537804462699857e-15 -2.859575637754999890e-15 -2.828081247657799956e-15 -2.850159213061500045e-15 -3.019870192729699993e-15 -5.314618837965599688e-16
-5.266437190447099691e-15 -1.943714946813400081e-14 -1.863020069108899996e-15 -2.846129881983599803e-15 -2.342699977092500083e-15 -2.608633989771999892e-15 -3.213688895372600074e-15 -2.741321726731400027e-15 -2.976634717014099895e-15 -3.021787962882099880e-15 -2.844911978917700147e-15 -2.753621055630600194e-15 -3.027839367760199879e-15 -2.731894661048300152e-15 -2.802751055834099952e-15 -3.502943857772299970e-15 4.176287176992000380e-15
3.399517883044200088e-14 -9.048216499086900573e-15 -2.523298597075499804e-15 -2.835037451239399957e-15 -2.626769655975299845e-15 -2.736954785270800130e-15 -3.040661203362300080e-15 -2.806929228483699863e-15 -2.898554165794699831e-15 -2.935700233858399856e-15 -2.876003447000699920e-15 -2.792101813304600080e-15 -2.932499121102000015e-15 -2.797838523145199859e-15 -2.803888188759299902e-15 -3.367984541117800050e-15 3.151439345100199838e-15
-3.731583300302800197e-16 -8.485220843032000399e-15 -2.583481522329899941e-15 -2.796446361978899959e-15 -2.607981308233499820e-15 -2.706998668728599832e-15 -3.081787813877300190e-15 -2.798612289711399886e-15 -2.922384343240000021e-15 -2.970354399010700025e-15 -2.874290885872199967e-15 -2.758844262225700146e-15 -2.989247105124600124e-15 -2.771853421498799868e-15 -2.751377831552599892e-15 -3.742752084988899884e-15 7.332732967309399564e-15
2.820435015671499863e-14 -4.911005342928000184e-15 -2.767983846499500101e-15 -2.866136938590999982e-15 -2.753873884414699927e-15 -2.815315027096299908e-15 -2.933062189605900058e-15 -2.841613059384099887e-15 -2.852366646750500152e-15 -2.869428106307600170e-15 -2.867557835529300023e-15 -2.839489955425999804e-15 -2.871232080570200038e-15 -2.823839255097200172e-15 -2.850148743817399888e-15 -3.035547691487199838e-15 -3.840233882413700072e-16
7.474883083460199449e-14 -7.086945838928799933e-15 -2.620229769753299945e-15 -2.879103367109100064e-15 -2.712157064790999993e-15 -2.798163206450999894e-15 -2.950678181283299976e-15 -2.831721014510600167e-15 -2.859775522165600004e-15 -2.876529677937999914e-15 -2.864622312573599905e-15 -2.839776813306099833e-15 -2.875351973172599879e-15 -2.818701294374899906e-15 -2.854603218622499856e-15 -3.014400783357599967e-15 -6.823295147683100479e-16
7.837207843407200331e-14 -3.359762742147599946e-15 -2.839786048586600148e-15 -2.903002772761000085e-15 -2.814177319665399910e-15 -2.864437676649600137e-15 -2.875049859005799856e-15 -2.855171063131900081e-15 -2.823391325710200104e-15 -2.831042542260100185e-15 -2.871689607539800005e-15 -2.871243733833500147e-15 -2.823320589579999987e-15 -2.842432917491900163e-15 -2.883491620516800081e-15 -2.809807475167800040e-15 -2.767688668258500072e-15
1.762069914661699871e-14 -1.238398663940000040e-14 -2.310606488694699994e-15 -2.831339524642300153e-15 -2.543397014461800059e-15 -2.688363738068399804e-15 -3.090319422431200086e-15 -2.792534719550299958e-15 -2.918411184308999863e-15 -2.957321329991400093e-15 -2.865152859655300031e-15 -2.782568173111200067e-15 -2.960628392036500085e-15 -2.781420380440500002e-15 -2.803450336859099982e-15 -3.379826832666899810e-15 3.163255499044900141e-15
2.414362955330799976e-14 -8.651362984088399914e-15 -2.532816262986800038e-15 -2.867839323524099817e-15 -2.642257839309699830e-15 -2.765600822294000081e-15 -3.008587787069600101e-15 -2.809929347539499849e-15 -2.889530304351100160e-15 -2.914404800598200038e-15 -2.861865309942100128e-15 -2.814705290989500179e-15 -2.917391095479199928e-15 -2.797816760646200108e-15 -2.828258101333799981e-15 -3.186883970444900100e-15 1.070331617892200032e-15
-2.490336777091600105e-14 -1.121960694860899985e-14 -2.400403234962200078e-15 -2.820348015366799937e-15 -2.557497364691100140e-15 -2.697570831454200017e-15 -3.090295006467100099e-15 -2.791595883529499960e-15 -2.921126117039299815e-15 -2.961835958527800130e-15 -2.866796582469199898e-15 -2.777899132716200145e-15 -2.966968540533200194e-15 -2.776523322696699898e-15 -2.796012237036099932e-15 -3.439634505524700004e-15 3.792320525663800385e-15
1.038500886390299949e-13 1.771460675758900039e-15 -3.154047771959099822e-15 -2.920174428950500112e-15 -2.975334861771700029e-15 -2.962578514491800011e-15 -2.754895499710599947e-15 -2.882834093102199849e-15 -2.779696777328899989e-15 -2.770521763804999955e-15 -2.871690888277800056e-15 -2.909684362361300093e-15 -2.757600318484699987e-15 -2.875582272443099920e-15 -2.924985278216399977e-15 -2.556113701335200094e-15 -5.215809139085900328e-15
8.358807330827599976e-14 -2.578472510157600022e-15 -2.878550278867600183e-15 -2.917642176670800118e-15 -2.856796591697700079e-15 -2.894630959138100127e-15 -2.830302513443099977e-15 -2.860755335601999890e-15 -2.810109923402500101e-15 -2.807804300475199953e-15 -2.865929385199000144e-15 -2.890319694136099936e-15 -2.794283118678399976e-15 -2.855568184978299921e-15 -2.914454833892000065e-15 -2.618360298529400133e-15 -4.818733655793499646e-15
3.233777096980999803e-14 -7.127812075794399274e-15 -2.625055713703999829e-15 -2.864624612822799862e-15 -2.691284761784799920e-15 -2.783366794627300190e-15 -2.979884888631500001e-15 -2.821755581067099966e-15 -2.874664586285799906e-15 -2.899667118736799958e-15 -2.870610883647199943e-15 -2.815943960220800034e-15 -2.890483331137700104e-15 -2.823789240034200096e-15 -2.836645749646500020e-15 -3.114440057110500093e-15 4.228674915455600151e-16
9.143150201161200335e-15 -5.736494361848399965e-15 -2.727026406762900120e-15 -2.833353569839699844e-15 -2.722458510431599941e-15 -2.772819365649300048e-15 -2.974798382317699803e-15 -2.836637526260699845e-15 -2.863773870621000064e-15 -2.894493108371500057e-15 -2.882447161874799972e-15 -2.818010556869499874e-15 -2.892702197992200145e-15 -2.819949016006400126e-15 -2.818693515570799845e-15 -3.204219282010000193e-15 1.420466107547499974e-15
3.070360958862500247e-14 -4.888354421133600060e-15 -2.774738736178299871e-15 -2.848303932457600145e-15 -2.735959387652899881e-15 -2.803307681321100046e-15 -2.966520636233299831e-15 -2.828460893219699942e-15 -2.869177908301099880e-15 -2.897839674075799976e-15 -2.878302908259599806e-15 -2.810533347647599943e-15 -2.894725162661800191e-15 -2.829790271217700019e-15 -2.811401857885700079e-15 -3.228860479893200149e-15 1.806716649459400043e-15
2.736974333800699961e-14 -9.873466928638899829e-15 -2.468231093859799849e-15 -2.844339184761699849e-15 -2.611071761306399930e-15 -2.732930270383400174e-15 -3.039932409759199850e-15 -2.807347123033299828e-15 -2.899537108592500079e-15 -2.931899988390600076e-15 -2.867005844604600015e-15 -2.795896258225099858e-15 -2.929811495126100107e-15 -2.801043266440800069e-15 -2.811215296436800105e-15 -3.277088796279700010e-15 1.982966695060699847e-15
1.824935511416100099e-13 1.005526182431200018e-14 -3.657744023158600068e-15 -2.966188541547400021e-15 -3.212064119437300017e-15 -3.109813128017699996e-15 -2.576650935229000009e-15 -2.934175916337799853e-15 -2.709845717468399836e-15 -2.675301219663899977e-15 -2.868994528173099982e-15 -2.969563410914600064e-15 -2.674932175202399881e-15 -2.919609313557900192e-15 -2.949000642004299803e-15 -2.284824802734900139e-15 -7.940605566249400540e-15
8.053983578350099427e-14 -4.466715709998300121e-15 -2.767408060737400049e-15 -2.906849202414599927e-15 -2.795610055146099872e-15 -2.858283377972600017e-15 -2.878363439958800031e-15 -2.847645107837700042e-15 -2.832360618588400093e-15 -2.838126194808000057e-15 -2.868621421599700067e-15 -2.866919422204299983e-15 -2.819191350047599982e-15 -2.850269334973400191e-15 -2.889546374836499947e-15 -2.738696460998600045e-15 -3.652322847424199967e-15
