5.879280193813800724e+04 2.483294480542011803e-14 2.817224680728748203e-14
5.898215432247302670e+04 -4.428525161213565751e-15 4.518975000359613320e-15
5.900501539013134607e+04 -6.041351027412539442e-15 3.436625912866975371e-16
5.903394126786661946e+04 -5.895835437166055857e-15 1.003820997390939884e-16
5.909079713554020418e+04 -6.017724995635889121e-15 1.670941697485705871e-16
5.911772590239024430e+04 -5.910735989190460891e-15 8.376426370905752814e-17
5.914663969830984570e+04 -5.954219203416825673e-15 1.382293090534597586e-16
5.917360584341618232e+04 -6.023950160980175815e-15 4.837163515809826316e-17
5.922545880132589809e+04 -5.929452181488928162e-15 7.018310529687965083e-17
5.923249416795394063e+04 -5.953384357881425411e-15 8.423064531476590157e-17
5.925740881802800868e+04 -6.040303328908314473e-15 2.104831689807365683e-17
5.928430523746264953e+04 -5.968070058175554796e-15 5.414989516061144206e-17
5.931106823534770956e+04 -5.882177484806911426e-15 1.137202086829444208e-16
5.933799009320710320e+04 -5.976271270391505502e-15 6.046493968483586724e-17
5.936891005682974355e+04 -5.948417655960320769e-15 6.141256855208429179e-17
5.939982514551654458e+04 -5.941062909912755745e-15 4.385412810447122010e-16
5.942876605563001067e+04 -5.271636403728950689e-15 4.531830208609920670e-15
