3.649089714693400246e-14 -3.424396955145000075e-15 -6.126647813450400163e-15 -5.915172723122099788e-15 -6.055566968649300190e-15 -5.928618606964199696e-15 -5.923382723143799961e-15 -6.035910666997599907e-15 -5.914129345550500113e-15 -5.934567920898699622e-15 -6.043191226548399917e-15 -5.979895450160399909e-15 -5.860675041877400321e-15 -5.986188995721399626e-15 -5.959878625181499909e-15 -5.870743830981400276e-15 -5.960678020686399725e-15
1.574508109754600011e-14 -5.846807026474099986e-15 -5.936546452015099868e-15 -5.859245106036399932e-15 -5.968241880651500285e-15 -5.884392889219799630e-15 -5.997099721810100133e-15 -6.008504186733500292e-15 -5.952019437115900206e-15 -5.981268708608199785e-15 -6.036332911345900323e-15 -5.948461964958599859e-15 -5.914154445417200190e-15 -5.963482077855399630e-15 -5.927327058967600136e-15 -6.065574579821000001e-15 -4.031425737598100073e-15
-2.540623075671400003e-15 -5.692927436438799917e-15 -5.937866510637899970e-15 -5.862220844336899967e-15 -5.959140009213199633e-15 -5.880682629240100011e-15 -6.007117966465900037e-15 -6.004665142616799825e-15 -5.958929137515699649e-15 -5.989061431111099615e-15 -6.031956278378199978e-15 -5.942900068520300053e-15 -5.931574653026200017e-15 -5.953338717082199991e-15 -5.916861831684899739e-15 -6.142134372348399747e-15 -3.175785535785200092e-15
1.863199647331100115e-14 -5.920299767182699655e-15 -5.931885916095399811e-15 -5.858889849752800240e-15 -5.963769025860100224e-15 -5.880752014928999747e-15 -5.999788787992500296e-15 -6.008573239468100221e-15 -5.952865079757299973e-15 -5.981880810853299736e-15 -6.033950713990500253e-15 -5.949370412022400141e-15 -5.920975388244499968e-15 -5.956334791463899655e-15 -5.926285804265499766e-15 -6.096815366531700042e-15 -3.638402975009600016e-15
2.351098706387800037e-14 -4.576132250216400383e-15 -6.026306768443300238e-15 -5.907812701683000381e-15 -6.021312311439800127e-15 -5.920132522493600127e-15 -5.941308007822899961e-15 -6.024621781785500024e-15 -5.922650780816100239e-15 -5.941961783608100385e-15 -6.038152548136600147e-15 -5.982379110999500332e-15 -5.866729305469399756e-15 -5.975278423687000015e-15 -5.971341639800999796e-15 -5.823883441733199643e-15 -6.577472987565700104e-15
-2.436033191481499794e-16 -5.665670205350499956e-15 -5.955699788448699667e-15 -5.855830439939399960e-15 -5.966962330065000370e-15 -5.881165328294799969e-15 -6.003171180001800050e-15 -6.008821670740799733e-15 -5.952970950585499666e-15 -5.984448491705999983e-15 -6.038393065593999770e-15 -5.945086443840900228e-15 -5.919024141152199717e-15 -5.962387172006399827e-15 -5.922085923083600382e-15 -6.096606420758100194e-15 -3.664594329659099936e-15
1.968904461184800065e-14 -6.827171701773100323e-15 -5.855381195127900270e-15 -5.853210320392800123e-15 -5.930935253608399820e-15 -5.872057350023399875e-15 -6.021668141029700364e-15 -5.999137563065599799e-15 -5.962519369701099635e-15 -5.992359806927399638e-15 -6.029765421252099945e-15 -5.945029969840199948e-15 -5.933663388571299975e-15 -5.947581996163400168e-15 -5.924573716594500162e-15 -6.119969557661899904e-15 -3.458829184357499997e-15
2.397768083848399887e-14 -5.583653966746699759e-15 -5.957234713614999975e-15 -5.871542705260299899e-15 -5.978230429710700288e-15 -5.889934556275299961e-15 -5.985679790328499733e-15 -6.014906816846899624e-15 -5.942675457057000357e-15 -5.969830841135600046e-15 -6.036950051758300357e-15 -5.958971564287400240e-15 -5.904560503404100223e-15 -5.962496598223900158e-15 -5.938277845268100217e-15 -6.020914602839800071e-15 -4.432854265416200114e-15
1.141860653318900040e-14 -4.571278272851000028e-15 -6.032339669166900349e-15 -5.882480928192699864e-15 -6.005491381202800122e-15 -5.899733393797000040e-15 -5.969802187297100336e-15 -6.020993565252999716e-15 -5.936941075296699652e-15 -5.963733504883300392e-15 -6.039158213997500207e-15 -5.960341784207700262e-15 -5.899411035244299928e-15 -5.965874621869699747e-15 -5.935082708443800386e-15 -6.034900413775800122e-15 -4.293933049375899976e-15
8.630005698917300409e-16 -8.236686872632199981e-15 -5.747512641288200100e-15 -5.815746509819000326e-15 -5.875502350471900234e-15 -5.842430739880099871e-15 -6.070326392698399733e-15 -5.981306481088699837e-15 -5.988679419593000059e-15 -6.024711956858200198e-15 -6.025203991368999706e-15 -5.923974061960100003e-15 -5.973302408894800165e-15 -5.926950414840200174e-15 -5.900217697694299870e-15 -6.283528856884900279e-15 -1.796049341873899822e-15
1.190100264524300031e-13 9.413792955762800623e-15 -7.089501537077299776e-15 -6.225186672166900226e-15 -6.549924439557399859e-15 -6.186307689407899699e-15 -5.500539769658099874e-15 -6.179567355349600309e-15 -5.696232957211300307e-15 -5.671380478867700002e-15 -6.108591651459800345e-15 -6.154151659928499738e-15 -5.492870059958699624e-15 -6.180751554430399648e-15 -6.168579528333900356e-15 -4.373773017391100041e-15 -2.158593178586099964e-14
1.471221943482900017e-14 -5.542616895915599979e-15 -5.955747861927400366e-15 -5.868696425778899901e-15 -5.976396414694600092e-15 -5.887653338869800087e-15 -5.988796262634500085e-15 -6.013270259037400312e-15 -5.946358713649799960e-15 -5.973118168571599947e-15 -6.032324058281399694e-15 -5.955374280339699671e-15 -5.914634562241499743e-15 -5.958832624423099864e-15 -5.933073780849200183e-15 -6.057141706813200083e-15 -4.031450571553799958e-15
8.517462344766299694e-15 -6.466959387818199849e-15 -5.893342328339700236e-15 -5.845795210235600139e-15 -5.944262048521399848e-15 -5.871802140103799984e-15 -6.015793414345999654e-15 -6.002064024149599677e-15 -5.961653452947100250e-15 -5.991964601583399641e-15 -6.031031766684399652e-15 -5.943485996112699941e-15 -5.933728024692699869e-15 -5.949065194437499900e-15 -5.920985371674600282e-15 -6.135700253968500313e-15 -3.266375017114600178e-15
1.780818959042899956e-14 -4.114110550058999705e-15 -6.063566186183900294e-15 -5.898170894509199922e-15 -6.024870498586999771e-15 -5.915243988961900389e-15 -5.949787412108100276e-15 -6.022854906680000332e-15 -5.932311812537099754e-15 -5.955340576191400205e-15 -6.037461222088899606e-15 -5.964017702923699803e-15 -5.885414462574799696e-15 -5.978889230814799985e-15 -5.945244146463799636e-15 -5.957443686724899742e-15 -5.082385922067400199e-15
-2.558799795400799837e-15 -9.551032508643999827e-15 -5.644008413104799807e-15 -5.785792256278600031e-15 -5.824859456008799911e-15 -5.814610642659299726e-15 -6.113623783847499700e-15 -5.970218989532100165e-15 -6.008463490616500299e-15 -6.048413951871299634e-15 -6.015776703491300271e-15 -5.905349733995400282e-15 -6.011713704025300173e-15 -5.911686702339199999e-15 -5.878042135822000133e-15 -6.429772785213000180e-15 -2.392452351258000061e-16
1.102175880812699934e-15 -1.059863186178899974e-14 -5.581216796142999681e-15 -5.755036004312199732e-15 -5.795196383236800265e-15 -5.795815053470000014e-15 -6.139455620153599674e-15 -5.961388316059100128e-15 -6.021213708844799978e-15 -6.065017892265299757e-15 -6.016148655072199700e-15 -5.896401586343399983e-15 -6.028541662153700353e-15 -5.897570567895099800e-15 -5.868745041784100312e-15 -6.515354428145400285e-15 6.352621645825499916e-16
3.890195892418600299e-14 -3.602173764761099815e-15 -6.107676150873099991e-15 -5.917463623361199702e-15 -6.053334339775899705e-15 -5.930161318229600358e-15 -5.921957404604200247e-15 -6.033333730424200370e-15 -5.914726184957700160e-15 -5.934190360966100032e-15 -6.042276606459999961e-15 -5.981476920649299659e-15 -5.857940858495299623e-15 -5.986947025289899806e-15 -5.965399581749099810e-15 -5.841983677145000020e-15 -6.266450041880300343e-15
5.969335607947799896e-14 -3.730581511969700179e-15 -6.082492725531100073e-15 -5.933250792900900077e-15 -6.054563281079099908e-15 -5.938215735871500062e-15 -5.912435683943799926e-15 -6.034039532485200393e-15 -5.908955468654800171e-15 -5.925245111109699987e-15 -6.041237169244699649e-15 -5.991617422493200210e-15 -5.846997925161199910e-15 -5.987922930916100172e-15 -5.977549576062099791e-15 -5.771652601171599793e-15 -7.030246740094399824e-15
2.941254755391099714e-14 -4.366938490996999679e-15 -6.035225274810099997e-15 -5.907004066504000390e-15 -6.018903896640599678e-15 -5.916298053749499930e-15 -5.950030157137299646e-15 -6.024810083715299942e-15 -5.926323058075400142e-15 -5.948645430461900317e-15 -6.039333494086500279e-15 -5.972562898709099766e-15 -5.876470724075000322e-15 -5.976291094000199787e-15 -5.956708332465500369e-15 -5.907525092124999652e-15 -5.616329401487699767e-15
6.251669170269899677e-14 6.333773246730000146e-15 -6.866821805971600036e-15 -6.098160668738199974e-15 -6.387037213743500235e-15 -6.078711791368599712e-15 -5.672619661312700369e-15 -6.130014907574499919e-15 -5.788424729295299737e-15 -5.790545329150199830e-15 -6.088830828926599951e-15 -6.060552131218599837e-15 -5.671167401458599758e-15 -6.097554674370300259e-15 -6.032092773017299938e-15 -5.275839506221200311e-15 -1.191955009664899951e-14
