5.876577214532778453e+04
5.890319770752607292e+04
5.893722091262704635e+04
5.897701752186828526e+04
5.899997094668967475e+04
5.902596337251692603e+04
5.908473664145152725e+04
5.911165671596112952e+04
5.913972454549420218e+04
5.916959574324903224e+04
5.919546179728681454e+04
5.922533000721394637e+04
5.925241321787897323e+04
5.927517605806693609e+04
5.931105377105284424e+04
5.933797868621700763e+04
5.936889270140578446e+04
5.939981176880565181e+04
5.942875965270645975e+04
5.945565333938682306e+04
5.948761349103634711e+04
5.951848246310632385e+04
