5.876577214532778453e+04 -8.924164170090218987e-14 7.490780801912139721e-18
5.890319770752607292e+04 -8.804704121515953724e-14 9.174423137670872945e-19
5.893722091262704635e+04 -8.806424143278875022e-14 8.663196340493641561e-19
5.897701752186828526e+04 -8.815602322282008905e-14 4.662261645891589479e-19
5.899997094668967475e+04 -8.821054229160524890e-14 3.299424713337960694e-19
5.902596337251692603e+04 -8.825386994201275342e-14 3.466761211390587796e-19
5.908473664145152725e+04 -8.825326282040175632e-14 2.598497040756654382e-19
5.911165671596112952e+04 -8.822197347119105517e-14 2.102599909583466361e-19
5.913972454549420218e+04 -8.818953457010745020e-14 2.747268089578175390e-19
5.916959574324903224e+04 -8.817193148888460972e-14 3.183892306473652499e-19
5.919546179728681454e+04 -8.817819371627974429e-14 2.759976799364511249e-19
5.922533000721394637e+04 -8.820832592200891521e-14 2.022155099335021367e-19
5.925241321787897323e+04 -8.824606242548041392e-14 2.516027584453093385e-19
5.927517605806693609e+04 -8.827389467388545539e-14 3.279809109890342093e-19
5.931105377105284424e+04 -8.828701644463259125e-14 3.357323620137760249e-19
5.933797868621700763e+04 -8.825986282054010177e-14 2.598852329907090314e-19
5.936889270140578446e+04 -8.819011812041124118e-14 3.237340286150950939e-19
5.939981176880565181e+04 -8.809915678117890070e-14 4.812652978088895552e-19
5.942875965270645975e+04 -8.802830721626505610e-14 4.428548067079513299e-19
5.945565333938682306e+04 -8.800924106627479180e-14 5.195241206745844435e-19
5.948761349103634711e+04 -8.808551420307054942e-14 1.729764404168060417e-18
5.951848246310632385e+04 -8.828690944181310173e-14 3.755819639739073618e-18
