-8.924550000894599896e-14 -8.804667124688299514e-14 -8.806403382646400378e-14 -8.815607727517300370e-14 -8.821067910541099693e-14 -8.825400748367000236e-14 -8.825315608503200094e-14 -8.822176248927599446e-14 -8.818929837563199924e-14 -8.817178484196000248e-14 -8.817820148003199450e-14 -8.820853661228599938e-14 -8.824640493935400166e-14 -8.827426159504700278e-14 -8.828721616518699829e-14 -8.825979710344700293e-14 -8.818971088370499810e-14 -8.809855184800000271e-14 -8.802783940864400561e-14 -8.800931374534400488e-14 -8.808682530943899887e-14 -8.828997101732600510e-14
-8.925403574782699652e-14 -8.804557305756300005e-14 -8.806297644071200029e-14 -8.815563459965799746e-14 -8.821061951305600384e-14 -8.825425926388199968e-14 -8.825341963123499713e-14 -8.822180438855099535e-14 -8.818909963097600441e-14 -8.817143485934499474e-14 -8.817786121952900548e-14 -8.820836323224199638e-14 -8.824646322865300148e-14 -8.827450517576599933e-14 -8.828760055327199921e-14 -8.826010577112700367e-14 -8.818976974428700593e-14 -8.809833773264800341e-14 -8.802757335864699596e-14 -8.800938767153400008e-14 -8.808800950748100329e-14 -8.829304807255599491e-14
-8.924884349637700315e-14 -8.804598477117699593e-14 -8.806328634225099634e-14 -8.815566807566999664e-14 -8.821054591660700188e-14 -8.825415985180299833e-14 -8.825354854607300264e-14 -8.822204536757600508e-14 -8.818937418140000400e-14 -8.817162117921300055e-14 -8.817788534257600478e-14 -8.820816791486700091e-14 -8.824612081042199535e-14 -8.827413095005699514e-14 -8.828739965960800525e-14 -8.826018839812399886e-14 -8.819021655697599927e-14 -8.809898253996300080e-14 -8.802803238616599783e-14 -8.800919599989000271e-14 -8.808634957564700017e-14 -8.828931668197900438e-14
-8.923864222905999973e-14 -8.804776461653300316e-14 -8.806454865530399683e-14 -8.815583065675899615e-14 -8.821017171360300488e-14 -8.825343145345900531e-14 -8.825306312515299738e-14 -8.822193017096300327e-14 -8.818959647771500221e-14 -8.817200795782799724e-14 -8.817821312089499993e-14 -8.820825164898100117e-14 -8.824594071468300316e-14 -8.827379961874700453e-14 -8.828711443170499877e-14 -8.826019013194900048e-14 -8.819068033515499445e-14 -8.809974532039099721e-14 -8.802855636795500532e-14 -8.800874967494899914e-14 -8.808357182121699711e-14 -8.828308385203799581e-14
-8.922907612226500059e-14 -8.804858957920499789e-14 -8.806556728682800157e-14 -8.815639972645199683e-14 -8.821040351548900336e-14 -8.825337313987200059e-14 -8.825299135485500547e-14 -8.822207658532199982e-14 -8.818997751908199800e-14 -8.817252023177400340e-14 -8.817867633733600211e-14 -8.820846907935600070e-14 -8.824582585587899693e-14 -8.827340284050700256e-14 -8.828643723926799961e-14 -8.825953016334500079e-14 -8.819029311409500235e-14 -8.809977807271000414e-14 -8.802889364556900008e-14 -8.800905910543100213e-14 -8.808318014314700006e-14 -8.828114839836300502e-14
-8.923885277812000092e-14 -8.804741134542500592e-14 -8.806479550667399394e-14 -8.815641759587100229e-14 -8.821074251713500473e-14 -8.825383858065300268e-14 -8.825295125746099576e-14 -8.822170567717799598e-14 -8.818940519145799389e-14 -8.817199408490899824e-14 -8.817840257636300094e-14 -8.820862359915599979e-14 -8.824633971885900318e-14 -8.827408323141199540e-14 -8.828698350227499801e-14 -8.825966374006099612e-14 -8.818981126528400504e-14 -8.809889318768500590e-14 -8.802823745552399380e-14 -8.800945439883400591e-14 -8.808610263506999919e-14 -8.828776945032899698e-14
-8.923334226967899806e-14 -8.804799244043699374e-14 -8.806524000716999699e-14 -8.815651541854700597e-14 -8.821069016765699869e-14 -8.825371702973299660e-14 -8.825300435381900157e-14 -8.822187218595399624e-14 -8.818962375639000128e-14 -8.817215956736399824e-14 -8.817844383183599530e-14 -8.820848879500000189e-14 -8.824608630666399759e-14 -8.827380569814499528e-14 -8.828684493493200273e-14 -8.825973494736299538e-14 -8.819010522790200475e-14 -8.809918694059599648e-14 -8.802812288415999977e-14 -8.800847144594300609e-14 -8.808341542734599488e-14 -8.828285004163699522e-14
-8.925677916725500442e-14 -8.804512629960699385e-14 -8.806232756107799711e-14 -8.815520232144200534e-14 -8.821043874830299797e-14 -8.825437652591300195e-14 -8.825388010314500049e-14 -8.822218699718800043e-14 -8.818927340539999816e-14 -8.817132637919699872e-14 -8.817754032332500197e-14 -8.820791757465900443e-14 -8.824605625867100556e-14 -8.827423861956099840e-14 -8.828767594174399520e-14 -8.826042926798599476e-14 -8.819023008303900505e-14 -8.809866272447199483e-14 -8.802748086485999591e-14 -8.800868880756299695e-14 -8.808645100436499616e-14 -8.829073131532600169e-14
-8.923467852861799515e-14 -8.804775112177599921e-14 -8.806447329412499782e-14 -8.815568500082300342e-14 -8.821007366390300583e-14 -8.825347963947400109e-14 -8.825358803494499858e-14 -8.822257998606899833e-14 -8.819022151259299883e-14 -8.817241442087400316e-14 -8.817830523471299597e-14 -8.820792996526799809e-14 -8.824530490838999554e-14 -8.827301726284900122e-14 -8.828640661195899742e-14 -8.825978053406199714e-14 -8.819076369904099661e-14 -8.810028091151799527e-14 -8.802924979967300217e-14 -8.800918376836600611e-14 -8.808305177802300556e-14 -8.828098015187699571e-14
-8.924931208288600259e-14 -8.804641494313299533e-14 -8.806361902643099679e-14 -8.815575533681500622e-14 -8.821046980467700585e-14 -8.825392561720600564e-14 -8.825323222449700385e-14 -8.822184082986200619e-14 -8.818934996267200240e-14 -8.817179589340300221e-14 -8.817817917383200303e-14 -8.820848183090600437e-14 -8.824632262537499418e-14 -8.827415361148699709e-14 -8.828706343262900389e-14 -8.825962212072199648e-14 -8.818956147617600399e-14 -8.809854262614400083e-14 -8.802812659263099891e-14 -8.801005986144499810e-14 -8.808836226991100371e-14 -8.829248359339400566e-14
-8.925219021880100561e-14 -8.804599072593199753e-14 -8.806286638066400372e-14 -8.815507392662300183e-14 -8.820999004972399711e-14 -8.825373883070299498e-14 -8.825359733746100566e-14 -8.822229047277999746e-14 -8.818975609265400478e-14 -8.817204359596400085e-14 -8.817824666634400010e-14 -8.820835808978200399e-14 -8.824609014252500150e-14 -8.827389643203699620e-14 -8.828688587105700015e-14 -8.825956398892300176e-14 -8.818963852825000484e-14 -8.809868459954800317e-14 -8.802822318051100462e-14 -8.801001810873000355e-14 -8.808807731555799905e-14 -8.829196881987199375e-14
-8.923721851428099433e-14 -8.804751143190700116e-14 -8.806476389033000075e-14 -8.815629671968999436e-14 -8.821063665660900187e-14 -8.825380214473199441e-14 -8.825311500370900024e-14 -8.822189412859399736e-14 -8.818954101637700628e-14 -8.817199789833900106e-14 -8.817826391457299638e-14 -8.820834792357600552e-14 -8.824601845596700544e-14 -8.827380655092400537e-14 -8.828693041605199943e-14 -8.825985336213899515e-14 -8.819025056994100417e-14 -8.809940896959999910e-14 -8.802854169402299546e-14 -8.800924787686299524e-14 -8.808488921246100341e-14 -8.828527076729000364e-14
-8.923987973879799659e-14 -8.804727013482500007e-14 -8.806442564303100306e-14 -8.815612351252599470e-14 -8.821060746418800405e-14 -8.825391016092799617e-14 -8.825325015092200133e-14 -8.822191207548500021e-14 -8.818940534502799494e-14 -8.817173142738900018e-14 -8.817795968652800467e-14 -8.820811571571999614e-14 -8.824594868860100090e-14 -8.827391381017000227e-14 -8.828729254706399702e-14 -8.826029935581199796e-14 -8.819059807433699521e-14 -8.809942117716500259e-14 -8.802806361155600425e-14 -8.800824733574999482e-14 -8.808334368784299963e-14 -8.828346241072400093e-14
-8.924564481462500148e-14 -8.804652113255599862e-14 -8.806362221268699451e-14 -8.815568906773500509e-14 -8.821044645977000176e-14 -8.825401501561899704e-14 -8.825357910689599994e-14 -8.822217997262699412e-14 -8.818955722837299658e-14 -8.817175703662500429e-14 -8.817790510004799863e-14 -8.820801206018199826e-14 -8.824582713055500600e-14 -8.827377891995499728e-14 -8.828711070889099375e-14 -8.826006250208600600e-14 -8.819032301938500038e-14 -8.809923031150400386e-14 -8.802817730300200211e-14 -8.800893045116000140e-14 -8.808512948218499926e-14 -8.828673056523999620e-14
-8.924223376377200027e-14 -8.804642879634700623e-14 -8.806436431195200542e-14 -8.815671186552299381e-14 -8.821132272713099856e-14 -8.825455066018899902e-14 -8.825327474392600605e-14 -8.822170085844199499e-14 -8.818910734390400384e-14 -8.817153618282399824e-14 -8.817796581671100510e-14 -8.820837082236699633e-14 -8.824633216238799589e-14 -8.827427424087299704e-14 -8.828735486027800235e-14 -8.826001289817799801e-14 -8.818999093163099923e-14 -8.809886626928900478e-14 -8.802815169708799856e-14 -8.800958275091999767e-14 -8.808696970239699459e-14 -8.828989513384299591e-14
-8.923498309105699726e-14 -8.804761689910699454e-14 -8.806521453325400611e-14 -8.815681462129799407e-14 -8.821106864611000586e-14 -8.825408099580499541e-14 -8.825308323929499472e-14 -8.822181273954300379e-14 -8.818947550325199766e-14 -8.817199408482300609e-14 -8.817831423656399651e-14 -8.820842132480200206e-14 -8.824605634520700213e-14 -8.827377546754900527e-14 -8.828676105581200164e-14 -8.825961327088899835e-14 -8.819003799998300510e-14 -8.809939726919800084e-14 -8.802889007755199666e-14 -8.801004943106499464e-14 -8.808628324080699863e-14 -8.828714889185200153e-14
-8.923911553090400310e-14 -8.804713560055900493e-14 -8.806472714367900432e-14 -8.815661919473500629e-14 -8.821106696088300119e-14 -8.825424439564500393e-14 -8.825326787706700371e-14 -8.822187518106899664e-14 -8.818938826501299703e-14 -8.817178358624900474e-14 -8.817806100459299898e-14 -8.820820137359300031e-14 -8.824592219844999402e-14 -8.827372588920999870e-14 -8.828680420995600169e-14 -8.825965796876999947e-14 -8.819001141815800543e-14 -8.809927465398600156e-14 -8.802874659924599716e-14 -8.801003959876000006e-14 -8.808672927907000438e-14 -8.828839837117400621e-14
-8.924430019624699959e-14 -8.804677559649300296e-14 -8.806388830391099841e-14 -8.815576734552500033e-14 -8.821038077324300370e-14 -8.825381037391700022e-14 -8.825333084775400029e-14 -8.822205386960699537e-14 -8.818961559750199370e-14 -8.817201544034300436e-14 -8.817828780041199535e-14 -8.820843515466199412e-14 -8.824617500535100468e-14 -8.827399076120700130e-14 -8.828703514233800292e-14 -8.825978488002000087e-14 -8.818991688535600271e-14 -8.809887485645300568e-14 -8.802805478908100524e-14 -8.800916113101399536e-14 -8.808586686245100608e-14 -8.828791776012300343e-14
-8.923389283804599946e-14 -8.804804803677199908e-14 -8.806501427209699463e-14 -8.815612649969700169e-14 -8.821030774846000488e-14 -8.825342056739400482e-14 -8.825304909743299567e-14 -8.822204658477100165e-14 -8.818986304254799575e-14 -8.817237311475900383e-14 -8.817856575572499450e-14 -8.820846081517200069e-14 -8.824592742299699681e-14 -8.827357446987299413e-14 -8.828662192075200305e-14 -8.825963410380399499e-14 -8.819025089013299392e-14 -8.809963732461799845e-14 -8.802883661454499789e-14 -8.800934373595699647e-14 -8.808429831184399654e-14 -8.828352239945799617e-14
-8.923431288048000149e-14 -8.804824652695399931e-14 -8.806507401713299932e-14 -8.815605569584000210e-14 -8.821018368014599810e-14 -8.825325710965800509e-14 -8.825287428735700146e-14 -8.822189886296400035e-14 -8.818976195417999835e-14 -8.817233799450999516e-14 -8.817859570366000527e-14 -8.820856490760099670e-14 -8.824608559061699864e-14 -8.827375833233300483e-14 -8.828678968787300131e-14 -8.825973190199500573e-14 -8.819020170539099894e-14 -8.809937828809000494e-14 -8.802834599486799855e-14 -8.800863642597799866e-14 -8.808337749514900042e-14 -8.828249114186099851e-14
