5.878860365442289913e+04 -8.736243212366840232e-16 2.456573974119604308e-17
5.890319919514425419e+04 -8.034981652165589593e-16 2.182756673807626009e-18
5.893722247345625510e+04 -8.091181130720534959e-16 3.348248374742608421e-18
5.897702033982778812e+04 -8.279175156660002614e-16 4.011998348721978338e-18
5.899997364790547726e+04 -8.420773359805455806e-16 3.531250787775610944e-18
5.902596485279830085e+04 -8.584837218662238427e-16 2.604503122164176880e-18
5.908473808243298845e+04 -8.855728737037394082e-16 1.954005840661416530e-18
5.911165821468011563e+04 -8.892738559655504128e-16 2.326480832075703668e-18
5.913972599372152763e+04 -8.860952113435910654e-16 2.352977273558898420e-18
5.916959720859117806e+04 -8.753833105035045074e-16 2.015332553047149075e-18
5.919546325738885207e+04 -8.614220751436035729e-16 1.908874130208481500e-18
5.922533143690125871e+04 -8.424898611819164076e-16 2.447654060822241798e-18
5.925241460067301523e+04 -8.255485470845766169e-16 3.024848635649638231e-18
5.927517751191311982e+04 -8.135589504644360817e-16 3.129419342805203699e-18
5.931104190681509499e+04 -8.025533581602376100e-16 2.375974811368451427e-18
5.933796362068621966e+04 -8.028310225496561168e-16 2.911949317419300577e-18
5.936888320432085311e+04 -8.133838316396444493e-16 6.925045276235589698e-18
5.939979806364841352e+04 -8.343637047947414856e-16 1.296813291563810742e-17
5.942873847774786555e+04 -8.614550228017175125e-16 1.956027192980614017e-17
