-8.531470532954999656e-16 -8.046938841158699972e-16 -8.125179671454700417e-16 -8.312022652392100035e-16 -8.443319987427199879e-16 -8.591243585586599626e-16 -8.828309135177900393e-16 -8.858910179736699515e-16 -8.829361775073599773e-16 -8.734247062028599813e-16 -8.610971109720100095e-16 -8.443168518261199657e-16 -8.290972968212299550e-16 -8.180311488750200493e-16 -8.068818282124599975e-16 -8.054118528951199841e-16 -8.120754886845299661e-16 -8.273473439869800368e-16 -8.479291218335799857e-16
-8.733988874390400396e-16 -8.008235963814699886e-16 -8.070911536547800072e-16 -8.271716032143399728e-16 -8.421762381726699741e-16 -8.595001015773200291e-16 -8.879615730215799895e-16 -8.917898521262200213e-16 -8.883727567855400908e-16 -8.770396810678899876e-16 -8.623193158083700301e-16 -8.423950597758699674e-16 -8.245909050837599582e-16 -8.120041652290800007e-16 -8.004658806293599562e-16 -8.007650305473699743e-16 -8.118267158836399987e-16 -8.337877587146699720e-16 -8.621132738904000073e-16
-8.659667046318099698e-16 -8.013719569303799942e-16 -8.086697739321999741e-16 -8.288526869682700401e-16 -8.434621330037399637e-16 -8.600692469750799515e-16 -8.866565241960600477e-16 -8.898811672009700100e-16 -8.861950378221600352e-16 -8.750462919065699835e-16 -8.608619023946999893e-16 -8.418896003594599848e-16 -8.251052082136999992e-16 -8.133564266327000118e-16 -8.028178229023099849e-16 -8.034021459313999923e-16 -8.141239155271299607e-16 -8.349603738893299886e-16 -8.615677656457300060e-16
-9.030750815716400597e-16 -8.056074832694399871e-16 -8.065439338061599629e-16 -8.229911666385499629e-16 -8.371484564819000471e-16 -8.544353319531600313e-16 -8.850259370972499718e-16 -8.901269480689200631e-16 -8.878204548474900292e-16 -8.772327580948099521e-16 -8.627621647541300477e-16 -8.427866902273100120e-16 -8.248420026285800310e-16 -8.122744720417600350e-16 -8.014622731774600352e-16 -8.031737803962800387e-16 -8.169974860417599713e-16 -8.429486815150500279e-16 -8.759091956673299950e-16
-8.631989945403300484e-16 -8.021705696271700112e-16 -8.101341650595600352e-16 -8.304626918370100341e-16 -8.448413370019900336e-16 -8.609572577998699842e-16 -8.859934228752400317e-16 -8.885770973179999922e-16 -8.844533396766100167e-16 -8.732142680925100380e-16 -8.593181345911899631e-16 -8.411026227825699974e-16 -8.253394930889699705e-16 -8.146188804769600121e-16 -8.058019919802399957e-16 -8.075633783848899637e-16 -8.192852001645599577e-16 -8.405465488170600316e-16 -8.669045009796900302e-16
-8.970830999330099406e-16 -8.039734188190999774e-16 -8.064817177367400451e-16 -8.242966971698600412e-16 -8.389125736486099643e-16 -8.563937762556700450e-16 -8.862727325395199629e-16 -8.906762839405700473e-16 -8.875519624652000297e-16 -8.761364951875399594e-16 -8.610915722838900450e-16 -8.407122470150800008e-16 -8.226876868354100149e-16 -8.102666006631400156e-16 -8.000227116142399927e-16 -8.023427930545099805e-16 -8.169194935943700322e-16 -8.435271328751300298e-16 -8.768833719635200014e-16
-8.344621436547100040e-16 -8.006605790225300175e-16 -8.123572854845800435e-16 -8.340717235806300330e-16 -8.481191952194699893e-16 -8.632516456351300339e-16 -8.856494948919700317e-16 -8.875906529415199989e-16 -8.834394131474700335e-16 -8.728384575871799581e-16 -8.598371293958000032e-16 -8.426356986984200408e-16 -8.273218354487999948e-16 -8.163089974277300157e-16 -8.052591350668200209e-16 -8.036699838796900191e-16 -8.097747725315999640e-16 -8.238922421923799955e-16 -8.428222376365499966e-16
-8.462658073922700082e-16 -8.030483991334700149e-16 -8.119230671607700176e-16 -8.315484352860700127e-16 -8.451142947431799782e-16 -8.603318819748800217e-16 -8.847719150405399843e-16 -8.880311020636700429e-16 -8.851357169211899794e-16 -8.754538506879499695e-16 -8.627269283617800319e-16 -8.451399770750900002e-16 -8.288436319180099895e-16 -8.166237557583400339e-16 -8.032676380620399917e-16 -7.999366892362899944e-16 -8.044278420834099830e-16 -8.177185840265600016e-16 -8.368491231349899771e-16
-8.519220469339400116e-16 -8.073603793137499788e-16 -8.145941633306699706e-16 -8.321387003784499904e-16 -8.445913853342400016e-16 -8.587441915358200455e-16 -8.819200350192200384e-16 -8.852026410336800267e-16 -8.827040942156799538e-16 -8.737754124921499549e-16 -8.618775382609299678e-16 -8.453184958049599516e-16 -8.299001827555399556e-16 -8.183037965751599962e-16 -8.056087050760100278e-16 -8.024689771573900061e-16 -8.068568637297199961e-16 -8.197543141444100121e-16 -8.383432377746199738e-16
-8.769918249523299683e-16 -8.012948842972800022e-16 -8.068355804361800471e-16 -8.263555673659599999e-16 -8.411832031060999861e-16 -8.584225588193500308e-16 -8.870231064709200014e-16 -8.909998312984300578e-16 -8.877532019847600301e-16 -8.765977410335699933e-16 -8.620214902365299643e-16 -8.422582352077099613e-16 -8.246100518018000121e-16 -8.121763783753099799e-16 -8.009503751587699523e-16 -8.015600515181100014e-16 -8.130672155067400126e-16 -8.355563870816299585e-16 -8.644193465545600380e-16
-8.775506801610999975e-16 -8.066197133396499718e-16 -8.093055320676199599e-16 -8.250696134284599841e-16 -8.381145163669700275e-16 -8.540472086218900277e-16 -8.832496059704600156e-16 -8.890011717078399163e-16 -8.881667881222799883e-16 -8.796285557397799726e-16 -8.668310467618300492e-16 -8.479692070154999693e-16 -8.296582939731900171e-16 -8.154107712247900074e-16 -7.990051863732299535e-16 -7.941556182341399622e-16 -7.983974972140899606e-16 -8.135088981446200365e-16 -8.363735353439599947e-16
-8.609595908353500230e-16 -8.036228471192200071e-16 -8.102251378708100258e-16 -8.287832847691699605e-16 -8.423966507629099979e-16 -8.580792345633799565e-16 -8.841672699277399728e-16 -8.880122287645100121e-16 -8.854104449280500116e-16 -8.756422778034799668e-16 -8.625624325074700334e-16 -8.444071116111900001e-16 -8.276518999862399996e-16 -8.152524014691699608e-16 -8.023054086200299923e-16 -8.000269330637100096e-16 -8.066146912072099653e-16 -8.228857032091999865e-16 -8.453913088985799577e-16
-8.581089914042199787e-16 -8.053808415616900174e-16 -8.122742548323500048e-16 -8.305274068549299799e-16 -8.437359115357700165e-16 -8.588546592083999646e-16 -8.837425038068399741e-16 -8.872674820944300216e-16 -8.845640512257400430e-16 -8.749517655326600107e-16 -8.621897540081600154e-16 -8.445269917462799766e-16 -8.282325443118000000e-16 -8.161513403332600230e-16 -8.034298485189200096e-16 -8.010069315811899725e-16 -8.070420646667699858e-16 -8.223612365361299968e-16 -8.436912115009499540e-16
-8.635275096778799957e-16 -8.040846263493199522e-16 -8.106067261789399713e-16 -8.292494415499900140e-16 -8.429354581294500392e-16 -8.586731620888999604e-16 -8.846362915821600318e-16 -8.882957141365900042e-16 -8.854486410734699582e-16 -8.754209755475099524e-16 -8.621783953018499663e-16 -8.439806010251500394e-16 -8.273785398011499707e-16 -8.152759309396500402e-16 -8.031212615126500474e-16 -8.016705698089200058e-16 -8.093763497805300373e-16 -8.268192345764600206e-16 -8.503282001267000180e-16
-9.081305899277000295e-16 -8.003041056094199561e-16 -8.027167962404900262e-16 -8.222085376946099836e-16 -8.382278224687900126e-16 -8.573016642977699685e-16 -8.893173673365299788e-16 -8.936191210048899459e-16 -8.896667314620500668e-16 -8.767992143041300301e-16 -8.603372255700000260e-16 -8.385945136197499540e-16 -8.200060041190800292e-16 -8.078639292769800479e-16 -7.997919365857700379e-16 -8.052088348298599942e-16 -8.247063837444499735e-16 -8.572073082867400245e-16 -8.962958013434499977e-16
-8.978697067934399544e-16 -8.074877519913300074e-16 -8.096749984033499528e-16 -8.264609793323499830e-16 -8.402588211626399515e-16 -8.567249906203200181e-16 -8.845521162440200004e-16 -8.883890816414400716e-16 -8.850517011253199856e-16 -8.738748955419100150e-16 -8.594101092463400168e-16 -8.400573497690700133e-16 -8.231833424933299708e-16 -8.117915709245699648e-16 -8.030661341398400291e-16 -8.062729525049399903e-16 -8.214354419989099565e-16 -8.480585618831999937e-16 -8.808794480234499639e-16
-8.578974670296099923e-16 -8.015728990113200333e-16 -8.104800715732699676e-16 -8.313965375806100402e-16 -8.458702062931399820e-16 -8.619147374947400453e-16 -8.863636752245600041e-16 -8.886232635591799068e-16 -8.842064198302700468e-16 -8.727453264654599868e-16 -8.587406755445900310e-16 -8.404781290555899667e-16 -8.247068076562400427e-16 -8.139682189935900086e-16 -8.050237773556700325e-16 -8.065544133395500061e-16 -8.178282104939399760e-16 -8.384435856077599555e-16 -8.640548252285499919e-16
-8.650537992222599935e-16 -8.020572782340599787e-16 -8.102328337400099998e-16 -8.310735866437200422e-16 -8.457667348425900357e-16 -8.621612187001799518e-16 -8.871661375943899513e-16 -8.893394305370500705e-16 -8.845356927740500405e-16 -8.723671547518199545e-16 -8.575930938648700134e-16 -8.384233975671599728e-16 -8.219872762013899657e-16 -8.109327393802599717e-16 -8.021578838132100330e-16 -8.044691062983800484e-16 -8.173683446267799557e-16 -8.403027773412299691e-16 -8.685261107197300112e-16
-8.758570678398799643e-16 -8.048696156113500158e-16 -8.096391505451499540e-16 -8.275335134957300312e-16 -8.413151641438199876e-16 -8.574753479135700244e-16 -8.847823979324700299e-16 -8.888807207964600301e-16 -8.862195016279299703e-16 -8.760648542393599961e-16 -8.624986178257799954e-16 -8.438240096402200072e-16 -8.268690850995800133e-16 -8.146639096338799851e-16 -8.029533580931700034e-16 -8.024640698857100139e-16 -8.119967420027200078e-16 -8.319574800024200022e-16 -8.582465797245299862e-16
-9.420193774976600266e-16 -8.029584745933599668e-16 -8.000579522419700092e-16 -8.169558742920900481e-16 -8.330446184502099595e-16 -8.532118627303899570e-16 -8.893744537855299802e-16 -8.952823111029699382e-16 -8.922720993292000357e-16 -8.794115277909499931e-16 -8.621868651818499773e-16 -8.389804338158300463e-16 -8.189588534537299837e-16 -8.059035750573699956e-16 -7.976740063125500346e-16 -8.044963384456700113e-16 -8.275559133100300147e-16 -8.656899430638699673e-16 -9.115722600434799689e-16
