5.878860365442289185e+04 -8.459501022082701176e-16 1.403293019068297967e-19
5.890319919514419598e+04 -8.466317815797770775e-16 1.196983919535744778e-19
5.893722247345633514e+04 -8.468723667085995160e-16 1.150976133296296339e-19
5.897702033982761350e+04 -8.471730790582755573e-16 1.110498932892535897e-19
5.899997364790531719e+04 -8.473551789043503073e-16 1.094680905144367067e-19
5.902596485279830813e+04 -8.475683626617233722e-16 1.084025580706659789e-19
5.908473808243295935e+04 -8.480744533856914911e-16 1.089628161300756565e-19
5.911165821468013746e+04 -8.483157367879974435e-16 1.105746182972473815e-19
5.913972599372153491e+04 -8.485724914806015421e-16 1.130933313298553339e-19
5.916959720859106164e+04 -8.488505679878540411e-16 1.166193950937565934e-19
5.919546325738879386e+04 -8.490945525119795695e-16 1.202848120006781514e-19
5.922533143690138968e+04 -8.493789884241330906e-16 1.251069235591796379e-19
5.925241460067311709e+04 -8.496385138413215049e-16 1.299196573726978589e-19
5.927517751191292336e+04 -8.498571913885428894e-16 1.342159081857953641e-19
5.931104190681518230e+04 -8.502014860680713390e-16 1.413153081838145393e-19
5.933796362068618328e+04 -8.504587187549355600e-16 1.468107219988842305e-19
5.936888320432086766e+04 -8.507516943146306048e-16 1.531943701492986350e-19
5.939979806364830438e+04 -8.510408218300817375e-16 1.595612328425889703e-19
5.942873847774804744e+04 -8.513069572372861242e-16 1.654307414009126111e-19
