-8.458910548494199946e-16 -8.465703096887500112e-16 -8.468107661866100057e-16 -8.471116744663999564e-16 -8.472940567449199602e-16 -8.475077091616400038e-16 -8.480154355672599726e-16 -8.482577302715799771e-16 -8.485157107246500078e-16 -8.487952797821599748e-16 -8.490407095223200281e-16 -8.493269856025999873e-16 -8.495883333321799896e-16 -8.498086517230399923e-16 -8.501557257213400069e-16 -8.504151935559299616e-16 -8.507108848041799838e-16 -8.510028769319500363e-16 -8.512718200319300263e-16
-8.461555344656200445e-16 -8.468141031378699691e-16 -8.470460040991799692e-16 -8.473355848338299856e-16 -8.475108119948199761e-16 -8.477158351759999540e-16 -8.482021004209999524e-16 -8.484337231720500145e-16 -8.486800571671799852e-16 -8.489466877811600101e-16 -8.491804943750599881e-16 -8.494529053810600467e-16 -8.497013077621699773e-16 -8.499104988994699608e-16 -8.502396399511399796e-16 -8.504853699672099970e-16 -8.507650454234900397e-16 -8.510408260089000168e-16 -8.512944659654300235e-16
-8.461715807456400183e-16 -8.468388528003099596e-16 -8.470731173739000000e-16 -8.473653096894199967e-16 -8.475419621193600234e-16 -8.477485231792300354e-16 -8.482379484119100213e-16 -8.484708626667099774e-16 -8.487184334315999613e-16 -8.489862530541199606e-16 -8.492209801674600272e-16 -8.494943249591699745e-16 -8.497434518338700235e-16 -8.499531604246400380e-16 -8.502829446782200335e-16 -8.505290175420399922e-16 -8.508089372758299964e-16 -8.510848014873100089e-16 -8.513383738995800006e-16
-8.457088918659299659e-16 -8.464729749735100347e-16 -8.467397553555899728e-16 -8.470718462122299706e-16 -8.472723349583600103e-16 -8.475065411798500228e-16 -8.480606741345199891e-16 -8.483240617882899926e-16 -8.486038375430800128e-16 -8.489063087981400365e-16 -8.491712663501399953e-16 -8.494796724399500444e-16 -8.497606378617800033e-16 -8.499970725206199775e-16 -8.503687680154100389e-16 -8.506460352095999990e-16 -8.509613757294999857e-16 -8.512720975006199884e-16 -8.515576825730599581e-16
-8.461331709874600168e-16 -8.468153451677699798e-16 -8.470542963740700157e-16 -8.473520751014600104e-16 -8.475319881417099724e-16 -8.477422653079700472e-16 -8.482401383965799889e-16 -8.484769191218099613e-16 -8.487285031399499607e-16 -8.490005602314900378e-16 -8.492389176812099959e-16 -8.495163967568199638e-16 -8.497692076261300293e-16 -8.499819570203499897e-16 -8.503164140182399580e-16 -8.505658874350500103e-16 -8.508495858996299795e-16 -8.511290795248999958e-16 -8.513859029646600411e-16
-8.458935544758200488e-16 -8.465946458978599550e-16 -8.468413992533600302e-16 -8.471494988618999801e-16 -8.473359272168699549e-16 -8.475540587749600477e-16 -8.480714542623099650e-16 -8.483179379168999957e-16 -8.485801078342600436e-16 -8.488639218932300195e-16 -8.491128385192700063e-16 -8.494029105737299829e-16 -8.496674764754100226e-16 -8.498903281243799862e-16 -8.502410627898600301e-16 -8.505030033201300371e-16 -8.508012334348400251e-16 -8.510954334235800059e-16 -8.513661366025000037e-16
-8.459358351865900159e-16 -8.466481580101599941e-16 -8.468977520992400492e-16 -8.472088568469099685e-16 -8.473968558552499583e-16 -8.476166173951400463e-16 -8.481370962127599893e-16 -8.483847045341199828e-16 -8.486478497459200186e-16 -8.489324772622800390e-16 -8.491819091532299761e-16 -8.494723560094300098e-16 -8.497370567337399754e-16 -8.499598705568100094e-16 -8.503102658002699616e-16 -8.505717274925000222e-16 -8.508691724694200145e-16 -8.511623388285799958e-16 -8.514318524441000090e-16
-8.460229898091500366e-16 -8.467056257291300393e-16 -8.469457801898999783e-16 -8.472455761465299659e-16 -8.474269471445399703e-16 -8.476391308908099980e-16 -8.481422901468299843e-16 -8.483819287269500170e-16 -8.486367729745399775e-16 -8.489126034484900134e-16 -8.491544715888100263e-16 -8.494362730655700142e-16 -8.496932402926100223e-16 -8.499096485437800287e-16 -8.502501584599299604e-16 -8.505043915636000304e-16 -8.507937662556900324e-16 -8.510791395020699847e-16 -8.513416330740200088e-16
-8.457405851634599727e-16 -8.464683368195299936e-16 -8.467242925506200182e-16 -8.470438119323899841e-16 -8.472371225460900493e-16 -8.474632871334899665e-16 -8.479996800293200197e-16 -8.482551974908799585e-16 -8.485269713332099927e-16 -8.488211817610199922e-16 -8.490792200524599663e-16 -8.493799307536300040e-16 -8.496542121516399532e-16 -8.498852594368799817e-16 -8.502489209079999628e-16 -8.505205430335400232e-16 -8.508298307701200291e-16 -8.511349820455700470e-16 -8.514158067011800255e-16
-8.460115525356899722e-16 -8.466142950125900040e-16 -8.468314334774800476e-16 -8.471049573043600244e-16 -8.472715535484999537e-16 -8.474673871136900029e-16 -8.479352758037899911e-16 -8.481596458725000064e-16 -8.483992280866900366e-16 -8.486596039874000387e-16 -8.488887861316199790e-16 -8.491567874933800407e-16 -8.494020654103500404e-16 -8.496092802040300438e-16 -8.499365210977800164e-16 -8.501818052238300250e-16 -8.504620078834399952e-16 -8.507394245091000433e-16 -8.509955956252700149e-16
-8.458762957772499846e-16 -8.465373873326700029e-16 -8.467727293188500181e-16 -8.470678705211400183e-16 -8.472470452366899751e-16 -8.474571803804199713e-16 -8.479574487537299742e-16 -8.481965777088300023e-16 -8.484514382612800097e-16 -8.487279001267299833e-16 -8.489708248828800079e-16 -8.492544314996499583e-16 -8.495135726807500432e-16 -8.497321986612099611e-16 -8.500769151312600092e-16 -8.503348676980200278e-16 -8.506290939127699549e-16 -8.509199205284799540e-16 -8.511880475684300243e-16
-8.458589214966200068e-16 -8.465160119814999947e-16 -8.467503644273399714e-16 -8.470444742020400153e-16 -8.472231181745499508e-16 -8.474327106512400299e-16 -8.479319872186200125e-16 -8.481707736099699846e-16 -8.484253532543199517e-16 -8.487016025947800334e-16 -8.489444158849399622e-16 -8.492279779646900194e-16 -8.494871568687599561e-16 -8.497058719462899614e-16 -8.500508346708600396e-16 -8.503090565587200037e-16 -8.506036804092799555e-16 -8.508949975906999681e-16 -8.511636665513699523e-16
-8.459192792501700383e-16 -8.465690173804199752e-16 -8.468006555862399649e-16 -8.470913085381399517e-16 -8.472678282886899755e-16 -8.474749067419499776e-16 -8.479681064830200424e-16 -8.482039450146100363e-16 -8.484553532542899972e-16 -8.487281282435899823e-16 -8.489678593849899953e-16 -8.492477882306700368e-16 -8.495036138442200072e-16 -8.497194744034900334e-16 -8.500598871200800250e-16 -8.503146630104199796e-16 -8.506053105243799901e-16 -8.508926460103000035e-16 -8.511575950940000237e-16
-8.456817054878900152e-16 -8.464221962545500067e-16 -8.466824111997900329e-16 -8.470071467993699848e-16 -8.472035690278099789e-16 -8.474333384183799711e-16 -8.479781536401599569e-16 -8.482376306641199935e-16 -8.485135846084900109e-16 -8.488122877748800258e-16 -8.490742415179399939e-16 -8.493794887099599863e-16 -8.496578853217000129e-16 -8.498923838671899772e-16 -8.502614516780999928e-16 -8.505370929929499527e-16 -8.508509394237499665e-16 -8.511605714561800446e-16 -8.514455061531100145e-16
-8.458985090170700148e-16 -8.466880797479999704e-16 -8.469603973857699712e-16 -8.472977229900499576e-16 -8.475006098887699758e-16 -8.477369754896500049e-16 -8.482937874510199550e-16 -8.485573742043999611e-16 -8.488366681931599608e-16 -8.491378553745999887e-16 -8.494010617601000063e-16 -8.497067137501100029e-16 -8.499845111858699816e-16 -8.502177965008799950e-16 -8.505836441994799702e-16 -8.508558247490799589e-16 -8.511646059290800134e-16 -8.514680256726800051e-16 -8.517461248240499919e-16
-8.460300273959799713e-16 -8.466562560974700161e-16 -8.468800138537999598e-16 -8.471610051753899701e-16 -8.473317565930100182e-16 -8.475321482093199578e-16 -8.480097086826899516e-16 -8.482381875626699551e-16 -8.484818215339499912e-16 -8.487462355926700383e-16 -8.489786758400199984e-16 -8.492501524345299848e-16 -8.494983061579499982e-16 -8.497077292750700299e-16 -8.500380516362300063e-16 -8.502853211207900190e-16 -8.505674492489200101e-16 -8.508464052068800221e-16 -8.511036626780399863e-16
-8.458671101016499584e-16 -8.465470567714099981e-16 -8.467879459762100210e-16 -8.470894885733400418e-16 -8.472722981434700346e-16 -8.474864873151799804e-16 -8.479956275462599595e-16 -8.482386584876900414e-16 -8.484974628809399900e-16 -8.487779692194199940e-16 -8.490242584606399639e-16 -8.493115793159700327e-16 -8.495739199918200076e-16 -8.497951043611900211e-16 -8.501435966109999954e-16 -8.504041686932399910e-16 -8.507011657304299640e-16 -8.509944990101900199e-16 -8.512647254835399724e-16
-8.460141303574799723e-16 -8.466487887363300098e-16 -8.468751409830700340e-16 -8.471591937123599865e-16 -8.473317169789199913e-16 -8.475341148548200476e-16 -8.480161852515299946e-16 -8.482467048204800378e-16 -8.484924412136399833e-16 -8.487590574592999864e-16 -8.489933694959399707e-16 -8.492669603656599539e-16 -8.495169817837499921e-16 -8.497279343098700479e-16 -8.500605838586800312e-16 -8.503095279602800175e-16 -8.505934962310700444e-16 -8.508741967314400288e-16 -8.511329953012300281e-16
-8.461261738255900362e-16 -8.467878955786999631e-16 -8.470209942693199770e-16 -8.473121162912500004e-16 -8.474882977100000016e-16 -8.476944561752100315e-16 -8.481834877216800436e-16 -8.484164619916999753e-16 -8.486642560656400429e-16 -8.489324928229200304e-16 -8.491677295796500095e-16 -8.494418324762799576e-16 -8.496918018425400293e-16 -8.499023308340300353e-16 -8.502336115977999511e-16 -8.504809678771300331e-16 -8.507625258975100102e-16 -8.510401979713799725e-16 -8.512956108268199552e-16
-8.460651413709199989e-16 -8.467202944770099970e-16 -8.469520842116499868e-16 -8.472420629669999967e-16 -8.474177777746799653e-16 -8.476235796855200106e-16 -8.481124815788399587e-16 -8.483457101336899863e-16 -8.485939783652400190e-16 -8.488629525487000451e-16 -8.490990198909100141e-16 -8.493743006998000369e-16 -8.496255376691900332e-16 -8.498372761576399854e-16 -8.501707234177400063e-16 -8.504199100946500344e-16 -8.507037790392800356e-16 -8.509839766608199738e-16 -8.512419403833999577e-16
