5.880157635507224040e+04 -7.484198046586480501e-15 1.830374396117145813e-16
5.881136879259951093e+04 -7.508293902306770159e-15 1.423256949667806960e-16
5.884473649863264291e+04 -7.557860660235239888e-15 4.289340210543311418e-17
5.886250951551456092e+04 -7.565469103701483291e-15 3.617086896029737673e-17
5.890849458998222690e+04 -7.546200190221284356e-15 4.696854781942285068e-17
5.913947546397794213e+04 -7.551995569469459937e-15 2.608657048653660730e-17
5.916388496963720536e+04 -7.541918857070005231e-15 3.343422061309728433e-17
5.923968433685290074e+04 -7.512249701525925004e-15 1.398359971537270540e-17
5.929951991921917943e+04 -7.535594907442413299e-15 1.987455548877755375e-17
5.935798791736089333e+04 -7.562850777469051088e-15 1.680460631723389346e-17
5.940784902615957253e+04 -7.513359442970978337e-15 2.416702574481556481e-17
5.945698696416469465e+04 -7.361980813770538605e-15 5.293768484161514009e-17
5.949595854892896023e+04 -7.196942671730196066e-15 1.744900086861228262e-16
