-7.679672354279799950e-15 -7.647678504377399350e-15 -7.555228598474199988e-15 -7.521745450877300526e-15 -7.494125346639700449e-15 -7.505138423945900195e-15 -7.494961233529200778e-15 -7.531260455017400642e-15 -7.570105938980899983e-15 -7.535124036725800588e-15 -7.459242136620500658e-15 -7.416921490671900007e-15 -7.457002726365600056e-15
-7.534116513289700725e-15 -7.558024300999700262e-15 -7.600370700676700618e-15 -7.600537286533599972e-15 -7.555514388123799628e-15 -7.561707492820999749e-15 -7.556954760605200469e-15 -7.522900918418099456e-15 -7.531456693093600198e-15 -7.553624837368699801e-15 -7.512789214779500451e-15 -7.376302792491999632e-15 -7.221060392652899552e-15
-7.715605546269899580e-15 -7.685935659362699394e-15 -7.584182591448000377e-15 -7.538447221351899887e-15 -7.476849077488400360e-15 -7.528294385153700774e-15 -7.496968161819699721e-15 -7.484045808150599782e-15 -7.552302517802000422e-15 -7.574463490751900193e-15 -7.502545357780900008e-15 -7.387949888792300196e-15 -7.332024233011699357e-15
-7.834926089999600448e-15 -7.768645207398100671e-15 -7.580089278575000683e-15 -7.512219561801899219e-15 -7.452430993684600579e-15 -7.502610170231800286e-15 -7.482937505228500386e-15 -7.517426136360500545e-15 -7.562812005424100255e-15 -7.527003204051500124e-15 -7.471227338392800237e-15 -7.502690420400900260e-15 -7.643944655371900653e-15
-7.675286361875800782e-15 -7.663385187917300071e-15 -7.609806874404100256e-15 -7.579045104148000302e-15 -7.517798883997599386e-15 -7.531285183975800027e-15 -7.519125618426200769e-15 -7.519557808810400770e-15 -7.557845896831399247e-15 -7.560050142795699604e-15 -7.494183070669999354e-15 -7.389789919346500266e-15 -7.325891800830299847e-15
-7.523106136243499580e-15 -7.552988916427900448e-15 -7.609382438953799415e-15 -7.612954790050199862e-15 -7.566334374659700421e-15 -7.565137157706900682e-15 -7.559320686223800757e-15 -7.518850027905400241e-15 -7.529596944797199320e-15 -7.559830018467000702e-15 -7.518086460381300357e-15 -7.362933033957999310e-15 -7.180848719693299711e-15
-7.640487310275399352e-15 -7.615902666746700623e-15 -7.533920991136800410e-15 -7.499534269032400397e-15 -7.466099775415699339e-15 -7.517994234569800760e-15 -7.484516467647199698e-15 -7.484910864065499810e-15 -7.569972429081399656e-15 -7.586499417535099797e-15 -7.481670847865500746e-15 -7.317438684047199874e-15 -7.224556581354499241e-15
-7.594781526318100238e-15 -7.602716236811699236e-15 -7.598555103543399353e-15 -7.581993942887300381e-15 -7.525921119942499556e-15 -7.555199154690799988e-15 -7.535775001673600424e-15 -7.497921282155699617e-15 -7.536896411750000073e-15 -7.573327531974900647e-15 -7.517438454360300481e-15 -7.359909258218400492e-15 -7.205079542595299531e-15
-7.639621628809499816e-15 -7.637632217129300274e-15 -7.610590128202299253e-15 -7.588445259020900302e-15 -7.532083624697899455e-15 -7.536382642167100225e-15 -7.526430586506500491e-15 -7.521590715693100175e-15 -7.554819958138100485e-15 -7.560582251147299451e-15 -7.495910298292899383e-15 -7.376714945029899219e-15 -7.285583345697700670e-15
-7.445372230940600787e-15 -7.486988075017399268e-15 -7.576988905401299346e-15 -7.593564112360099390e-15 -7.565265676358700057e-15 -7.568569358792500035e-15 -7.558684658631299448e-15 -7.507925900937099359e-15 -7.527254759677099629e-15 -7.571955564486200782e-15 -7.522494372014199821e-15 -7.323853808081300343e-15 -7.085195768966700296e-15
-7.223488795860199550e-15 -7.314303263822800181e-15 -7.545413904881899398e-15 -7.612995156315999592e-15 -7.627889600286499546e-15 -7.598309953052199295e-15 -7.609296231132500450e-15 -7.533020989676099335e-15 -7.496568316172499504e-15 -7.549460761884999769e-15 -7.547594344128700022e-15 -7.354698835892800024e-15 -7.041412878571100391e-15
-7.183759161603499376e-15 -7.278326979505300427e-15 -7.516397530987599493e-15 -7.586157434037099678e-15 -7.611296333134100511e-15 -7.586581417312799808e-15 -7.581353455700099253e-15 -7.507108644183500633e-15 -7.522133359264800573e-15 -7.594036583826200670e-15 -7.531256102198799833e-15 -7.214675474673900627e-15 -6.798878610330500379e-15
-7.353193194766300050e-15 -7.419871959618400420e-15 -7.573980152304500186e-15 -7.609531656268600468e-15 -7.586710675982400484e-15 -7.585963656448600312e-15 -7.575987524059100277e-15 -7.497196591732800276e-15 -7.513029404238399600e-15 -7.590259203345599872e-15 -7.556175800077600657e-15 -7.309980400935099584e-15 -6.977849118791800100e-15
-7.474294492242999957e-15 -7.503270586003699320e-15 -7.564593688707700142e-15 -7.575063202962100013e-15 -7.553498314250699365e-15 -7.555030672164599513e-15 -7.547277338390199484e-15 -7.515744762298900084e-15 -7.534380700230300685e-15 -7.560500029903200143e-15 -7.509597978859599757e-15 -7.349958186925399982e-15 -7.171765056806000292e-15
-7.358548659123200702e-15 -7.401673890173800571e-15 -7.509102243443199640e-15 -7.540439596859500547e-15 -7.554753517216500451e-15 -7.562798933296500570e-15 -7.552162518988000691e-15 -7.505056776773400639e-15 -7.521632595588099982e-15 -7.564149461000399239e-15 -7.526089234909500424e-15 -7.353277299215499857e-15 -7.136702842863699652e-15
-7.127235842326599482e-15 -7.205381422490700600e-15 -7.428952905181800509e-15 -7.512292539298099942e-15 -7.604613628920200553e-15 -7.555680605726200530e-15 -7.565516538471200730e-15 -7.535487661610199341e-15 -7.517478490905500603e-15 -7.542385491398099660e-15 -7.523626182842899533e-15 -7.371139684332000633e-15 -7.136860700100700109e-15
-7.321218862979100551e-15 -7.391508609740900540e-15 -7.561173480361000028e-15 -7.605397357098000595e-15 -7.598918410677400696e-15 -7.583682784209100376e-15 -7.579698729662599375e-15 -7.508860034985799217e-15 -7.511497967671299422e-15 -7.575397191966500574e-15 -7.547143663550000228e-15 -7.324979493623200521e-15 -7.015761450375100176e-15
-7.506188793585400444e-15 -7.514806304983499597e-15 -7.531663458748900491e-15 -7.534345611759999806e-15 -7.531990900463700506e-15 -7.532460303389499514e-15 -7.522836880737699679e-15 -7.516715631907199421e-15 -7.544097106619700438e-15 -7.553224142411399620e-15 -7.504079007094100330e-15 -7.400878856686700458e-15 -7.309254635758100212e-15
-7.431250774061300554e-15 -7.461745754226899930e-15 -7.534023977999100238e-15 -7.552569162876199215e-15 -7.551778632874700712e-15 -7.551524134829700050e-15 -7.545220247999499940e-15 -7.517620781084099916e-15 -7.533498686207899956e-15 -7.559352459305000536e-15 -7.518562017733999487e-15 -7.377384966998399910e-15 -7.212389396206800742e-15
-7.421806656879100210e-15 -7.455092303381200423e-15 -7.532796251273499512e-15 -7.552103358490500435e-15 -7.550130529610899271e-15 -7.555560724904700789e-15 -7.543352995968000221e-15 -7.501792238752699243e-15 -7.524517966374000665e-15 -7.565789729035499481e-15 -7.527476976866499676e-15 -7.368138835089399306e-15 -7.176790978260199846e-15
