5.877465539495771372e+04
5.877555879372263007e+04
5.884929135570098879e+04
5.888147641180172650e+04
5.890324924021666811e+04
5.890847413511433115e+04
5.893727291322777455e+04
5.898210377501086623e+04
5.900496458674625319e+04
5.903386363614733273e+04
5.909072325174613798e+04
5.911764858414763876e+04
5.914054089012010081e+04
5.914656278660301905e+04
5.917352879822409159e+04
5.918359365357442584e+04
5.920240299972661160e+04
5.923241968342322798e+04
5.924066990480457025e+04
5.925733196492215211e+04
5.928422872417717008e+04
5.929941604733996792e+04
