-1.830831641976200059e-14 -1.824729721336900111e-14 -1.746658278273399963e-14 -1.761175099487999975e-14 -1.752072698360499886e-14 -1.749529618826699961e-14 -1.742596619727400134e-14 -1.746712344111799961e-14 -1.742848429348199848e-14 -1.737698619331700142e-14 -1.751497383619899995e-14 -1.750858366115300102e-14 -1.745091780992599970e-14 -1.743954465474000104e-14 -1.745395328654400092e-14 -1.748285023625000103e-14 -1.752989149585299873e-14 -1.747191800873399863e-14 -1.743658443538799948e-14 -1.742299404896400041e-14 -1.792967335962100076e-14 -1.868279628870200084e-14
-2.898467862763099875e-14 -2.844242290746700301e-14 -1.688156977507500050e-14 -1.832617983640399882e-14 -1.790083292833499989e-14 -1.773159298317100086e-14 -1.714366825072999994e-14 -1.764062547560699976e-14 -1.760945736875900038e-14 -1.725177775059900030e-14 -1.764151167487100022e-14 -1.763276312173299885e-14 -1.734537732854500042e-14 -1.728575879544799933e-14 -1.736655241044800053e-14 -1.752501704929800045e-14 -1.776782394258800033e-14 -1.731841064876700055e-14 -1.708151145971600129e-14 -1.702411528297800069e-14 -2.073218610547300145e-14 -2.627994519451299896e-14
-1.997567031547600003e-14 -1.984234645601899857e-14 -1.737557172135200004e-14 -1.770985387614199895e-14 -1.757107945266399989e-14 -1.752478206432600078e-14 -1.738094743646300074e-14 -1.749425568261699911e-14 -1.745764151116599868e-14 -1.735932751825699847e-14 -1.753381895300799999e-14 -1.752741523742700119e-14 -1.743417834763000145e-14 -1.741512640705799857e-14 -1.743867773267500131e-14 -1.748784489983699895e-14 -1.756763745242000013e-14 -1.745421915378899991e-14 -1.738655265628000136e-14 -1.735497166703900050e-14 -1.830207975396399867e-14 -1.974636675601899966e-14
-2.762459227647099906e-14 -2.713342562530800089e-14 -1.698429909904000012e-14 -1.826784038830800042e-14 -1.785364737477100137e-14 -1.769703000538299862e-14 -1.717161006840100081e-14 -1.763087056009899965e-14 -1.758685807457799957e-14 -1.725556981158399927e-14 -1.763675846884299914e-14 -1.761758407648400066e-14 -1.734703868737600072e-14 -1.729277133458300035e-14 -1.737822372641600012e-14 -1.752800838623000150e-14 -1.775134063859699995e-14 -1.732100336738699904e-14 -1.710131784858700060e-14 -1.706139145871199906e-14 -2.055540285439400156e-14 -2.572544771359899997e-14
-2.141633931757599901e-14 -2.121738635137699979e-14 -1.730099673593199882e-14 -1.780281066435800147e-14 -1.761843485120999995e-14 -1.755341203840999979e-14 -1.734496904334600094e-14 -1.751799901466500120e-14 -1.747973161507000061e-14 -1.734202151278700046e-14 -1.755080394996500023e-14 -1.753928288452700134e-14 -1.741639241737400131e-14 -1.739223516257600050e-14 -1.743199171667300040e-14 -1.749953228805399865e-14 -1.760198061322599973e-14 -1.742438136627700083e-14 -1.733048105211600001e-14 -1.730911178949400077e-14 -1.876689116923399844e-14 -2.092526035208299854e-14
-1.232778727410199978e-14 -1.255054272193300042e-14 -1.777186228580100109e-14 -1.715349540574199863e-14 -1.728653505003300156e-14 -1.735044277761500119e-14 -1.759225597535499920e-14 -1.736114468326099979e-14 -1.732664213721799906e-14 -1.745775354381299970e-14 -1.743344880075699914e-14 -1.744001066983200008e-14 -1.752342103384699862e-14 -1.753960583392700028e-14 -1.750139571747899850e-14 -1.744903210947400005e-14 -1.738068795435700026e-14 -1.757592149559900019e-14 -1.766193872355800115e-14 -1.765501270968800000e-14 -1.613281103547200009e-14 -1.392081510698400072e-14
-1.928703192820100132e-14 -1.918457194253799953e-14 -1.740995007779199845e-14 -1.767034801031699985e-14 -1.755278056693100086e-14 -1.751479158633699980e-14 -1.739739788170499844e-14 -1.748211426491500065e-14 -1.744855537775400150e-14 -1.736850048267800096e-14 -1.752101403462399927e-14 -1.752256614077200075e-14 -1.744960282031100020e-14 -1.743395885213899950e-14 -1.744754830983500066e-14 -1.748437491872100055e-14 -1.754520593357100147e-14 -1.745917828600800109e-14 -1.740792703673799960e-14 -1.738688230741300028e-14 -1.812928141333900126e-14 -1.925330977197300000e-14
-2.006462743569899946e-14 -1.992543964000799971e-14 -1.737226456717400083e-14 -1.772304273688700070e-14 -1.757865049276000115e-14 -1.753030649776099869e-14 -1.737853448903399996e-14 -1.749390861403299908e-14 -1.745810532480200070e-14 -1.735955391652500097e-14 -1.753382137636400002e-14 -1.752553978450200122e-14 -1.743331679509499900e-14 -1.741520227062399908e-14 -1.744378747944300016e-14 -1.749333613275299863e-14 -1.756848262364700157e-14 -1.743975475657899993e-14 -1.737184126393400127e-14 -1.735725127177000108e-14 -1.841158407297199969e-14 -1.996449696725200052e-14
-1.924378437040300112e-14 -1.915477803540000097e-14 -1.738244406985200117e-14 -1.762383138376299866e-14 -1.754536598379100016e-14 -1.751575191408399951e-14 -1.741175851534300128e-14 -1.746659656981499880e-14 -1.744279174502300088e-14 -1.738220666160599883e-14 -1.751168638084300066e-14 -1.751636749769800127e-14 -1.745507102782999952e-14 -1.744110091421399870e-14 -1.744764645146199914e-14 -1.747832282907000150e-14 -1.753424378088800024e-14 -1.747581062688900096e-14 -1.743258466893600148e-14 -1.740012457158700038e-14 -1.794702192700699856e-14 -1.882777633589100015e-14
-1.923451244690599976e-14 -1.913608349168300091e-14 -1.740662361670899908e-14 -1.766073151895899849e-14 -1.755112897632500023e-14 -1.751506462127199978e-14 -1.740168494764900033e-14 -1.747888736189400139e-14 -1.744649173602199978e-14 -1.737150215067899977e-14 -1.752132004215900155e-14 -1.752035576894600112e-14 -1.744672269062500102e-14 -1.743092322487699909e-14 -1.744387101607999851e-14 -1.748110609287500011e-14 -1.754527165661699931e-14 -1.746923733426200123e-14 -1.741869308569299940e-14 -1.738876940847999880e-14 -1.806568257999200101e-14 -1.911906914327699943e-14
-2.868950998512900188e-14 -2.816817694873300090e-14 -1.688486525408300151e-14 -1.827380957222299850e-14 -1.787874748634300032e-14 -1.771863061248599854e-14 -1.715795590134399967e-14 -1.763108751509300074e-14 -1.760287904323499981e-14 -1.726065884388800050e-14 -1.763364421733400034e-14 -1.762750893511799875e-14 -1.735073969648399887e-14 -1.729264423318300023e-14 -1.736629157484700095e-14 -1.751867848004300120e-14 -1.775702651830399991e-14 -1.733826351617599873e-14 -1.711040621000999978e-14 -1.704106597477200083e-14 -2.052869515981399937e-14 -2.579374762103899956e-14
-3.902229937192099776e-14 -3.800506517620099949e-14 -1.638236032386599881e-14 -1.908392729948100107e-14 -1.827581663713900132e-14 -1.795679127867200021e-14 -1.685704943538099986e-14 -1.782720239731599880e-14 -1.778571114662199962e-14 -1.711345240905799989e-14 -1.778165936029300071e-14 -1.775244903245600103e-14 -1.722235968893999905e-14 -1.711449628670700014e-14 -1.727882637752399896e-14 -1.757519820812999973e-14 -1.801927434239400021e-14 -1.715518147471899844e-14 -1.671257465481199874e-14 -1.662872139768800083e-14 -2.368648930759299978e-14 -3.417227972891000174e-14
-2.465177477780999922e-14 -2.431353461901600058e-14 -1.710529823352200048e-14 -1.799850961235499981e-14 -1.773266949627500153e-14 -1.762772400307600146e-14 -1.726562265582499884e-14 -1.756519714908700045e-14 -1.753413718977100028e-14 -1.730746988570700042e-14 -1.758402616836499918e-14 -1.758249888371200140e-14 -1.739577142606800131e-14 -1.735620275969200049e-14 -1.740163239948700048e-14 -1.750238893912499883e-14 -1.766190914485799876e-14 -1.739181464173399875e-14 -1.724286004707099919e-14 -1.719719959146199862e-14 -1.947930273205300135e-14 -2.292318939848199985e-14
-1.281909027140599997e-14 -1.303221666607900078e-14 -1.777505876544199875e-14 -1.704087877034300022e-14 -1.720864639761399942e-14 -1.729041117870900058e-14 -1.762711830714300087e-14 -1.735914524662499956e-14 -1.728543399359400117e-14 -1.744429514316800147e-14 -1.745578734037199848e-14 -1.740514365881099925e-14 -1.748849178158999963e-14 -1.751574478814899946e-14 -1.754379182115300138e-14 -1.750072832684499913e-14 -1.739609694070400093e-14 -1.746633825520199973e-14 -1.755366347769700096e-14 -1.768482562534399844e-14 -1.691133049422299896e-14 -1.536595034511100010e-14
-2.426062904564499962e-14 -2.392977340575099963e-14 -1.715144217357399951e-14 -1.801087063520200107e-14 -1.772571263305500050e-14 -1.761938030634800108e-14 -1.726495994180800019e-14 -1.756788475205700070e-14 -1.753028261292799932e-14 -1.730525798908500128e-14 -1.758810548130600121e-14 -1.757715672375600031e-14 -1.738921785314899959e-14 -1.735110686038500141e-14 -1.740676458740900098e-14 -1.750959434566699985e-14 -1.766568376490300053e-14 -1.737930860243100015e-14 -1.722945565473900115e-14 -1.719563121862699973e-14 -1.953901142317299981e-14 -2.302341199526300107e-14
-2.702525197591800052e-14 -2.661634037947600117e-14 -1.687787872516700094e-14 -1.804318363930099903e-14 -1.780966174066700048e-14 -1.769221105976699988e-14 -1.723060546626300120e-14 -1.757096028200499905e-14 -1.757715948034299941e-14 -1.731350396300599972e-14 -1.757685943036699852e-14 -1.761536961256600102e-14 -1.740855060626100040e-14 -1.735683800562700104e-14 -1.736298045689800120e-14 -1.747053232450600099e-14 -1.767650262744199891e-14 -1.745342412855500045e-14 -1.728168610176600013e-14 -1.713562851337299865e-14 -1.927834514785199867e-14 -2.285330125454499902e-14
-2.302129312870899919e-14 -2.275932565756100043e-14 -1.718117103781399986e-14 -1.788724938391000152e-14 -1.768102507648200082e-14 -1.759853613945699914e-14 -1.730902566513699866e-14 -1.753562389127000063e-14 -1.751083617438899989e-14 -1.733300654779300092e-14 -1.755854429498800059e-14 -1.756411315423900006e-14 -1.741660650897499857e-14 -1.738405218805699944e-14 -1.741163191163900027e-14 -1.748982248268799958e-14 -1.762038476197800098e-14 -1.742682188565000077e-14 -1.731059475499400018e-14 -1.725771261428300084e-14 -1.894293755123999997e-14 -2.154328415102700157e-14
-2.998471932464799800e-14 -2.941517508366299688e-14 -1.680900377422799873e-14 -1.828428558176700145e-14 -1.788746811998600076e-14 -1.772322744618499956e-14 -1.715050828996599990e-14 -1.764199209783000040e-14 -1.760394055008699967e-14 -1.724815415039700064e-14 -1.764779335796600000e-14 -1.762468988611099902e-14 -1.733338946878099919e-14 -1.727594533606599905e-14 -1.737730549706899990e-14 -1.754152023634800105e-14 -1.777836126412500041e-14 -1.728077934453900000e-14 -1.703882714485200155e-14 -1.702414496393400010e-14 -2.107466980162800122e-14 -2.700239577941200152e-14
-2.565916389928300147e-14 -2.526987869267299894e-14 -1.706037504898199931e-14 -1.808857981334600106e-14 -1.777596047452799942e-14 -1.765396940136300107e-14 -1.723544422779099925e-14 -1.758419543383299909e-14 -1.754987405022700005e-14 -1.729149099645200133e-14 -1.760396072305100047e-14 -1.759284550319000157e-14 -1.737510835792099922e-14 -1.733022348184699906e-14 -1.739077713892200054e-14 -1.751015238247700147e-14 -1.769633723417299968e-14 -1.737564596347199987e-14 -1.720042149139800044e-14 -1.714465426802699878e-14 -1.979473640697099907e-14 -2.379087545982400098e-14
1.785947865383900096e-14 1.620113176023900071e-14 -1.926092475906499998e-14 -1.484993765771600125e-14 -1.614964608414099906e-14 -1.666742064809999898e-14 -1.845637600652700070e-14 -1.680140243666899852e-14 -1.680133521963300086e-14 -1.787659920313300089e-14 -1.700700395154000137e-14 -1.708300406726900000e-14 -1.789515686244600133e-14 -1.805400542725700059e-14 -1.775071611069899915e-14 -1.728249958084199973e-14 -1.662142071014399954e-14 -1.810713611826099965e-14 -1.881516536722599908e-14 -1.885561890901900049e-14 -7.037180800246800213e-15 1.024542319347800032e-14
