5.877465539495771372e+04 -2.118707967694285277e-14 1.078965575389103222e-14
5.877555879372263007e+04 -2.100713246270079684e-14 1.028569045344554329e-14
5.884929135570098879e+04 -1.729202714136020367e-14 5.568285549502835025e-16
5.888147641180172650e+04 -1.775555583907019814e-14 7.940865563538248241e-16
5.890324924021666811e+04 -1.760522684033274911e-14 4.035288645862125070e-16
5.890847413511433115e+04 -1.754883863753944743e-14 2.466323971452189177e-16
5.893727291322777455e+04 -1.736017293512425121e-14 3.009371172203765587e-16
5.898210377501086623e+04 -1.750591084349044796e-14 1.914913905225120566e-16
5.900496458674625319e+04 -1.747331743223514999e-14 1.872200085992633849e-16
5.903386363614733273e+04 -1.735095443367659673e-14 1.418329166465345879e-16
5.909072325174613798e+04 -1.754182709216075416e-14 1.437522303920946223e-16
5.911764858414763876e+04 -1.753876241501510176e-14 1.277561288099355672e-16
5.914054089012010081e+04 -1.742887156045869664e-14 1.244385534731107301e-16
5.914656278660301905e+04 -1.740587434085780081e-14 1.746529889263752886e-16
5.917352879822409159e+04 -1.743221828613509689e-14 9.126022298870442114e-17
5.918359365357442584e+04 -1.749052701246165110e-14 5.476226433397669422e-17
5.920240299972661160e+04 -1.758427817003944992e-14 2.614053809930087745e-16
5.923241968342322798e+04 -1.743922744875150263e-14 1.767010005671182275e-16
5.924066990480457025e+04 -1.735625435677554719e-14 3.910482197813338106e-16
5.925733196492215211e+04 -1.732629137963269602e-14 4.200248413034608920e-16
5.928422872417717008e+04 -1.856226565481309220e-14 3.097498599213558333e-15
5.929941604733996792e+04 -2.043341480852140327e-14 8.285761458558536257e-15
