5.851644130201523512e+04
5.851743886135121284e+04
5.851843578792711196e+04
5.852441971139572706e+04
5.852541724230699765e+04
5.853040416103061580e+04
5.853140204032530164e+04
5.853239847635939805e+04
5.853543221271035873e+04
5.853642971875497460e+04
5.853742707194013201e+04
5.853842458509742573e+04
5.853942186008184217e+04
5.854341117688013765e+04
5.854740055768999446e+04
5.855017746489885030e+04
5.856934370427324757e+04
5.857034018658028072e+04
5.857234860403459606e+04
5.858032744780277426e+04
5.858132475129129307e+04
5.858631168822762265e+04
5.858730906992986274e+04
5.858830649429404002e+04
5.859030119727835699e+04
5.859329318955726922e+04
5.859728290838535031e+04
5.860027468740755285e+04
5.860226946152674645e+04
5.860326686458310724e+04
5.860426421432090137e+04
5.860725618177941215e+04
5.860825360261878086e+04
5.860925224276655354e+04
5.861024863270940114e+04
5.861124566607817542e+04
5.861324021627606271e+04
5.861922415840270696e+04
5.862022170367922809e+04
5.862221632855532516e+04
5.862321388805800962e+04
5.863218955257131893e+04
5.863318681703791663e+04
5.863617885928433680e+04
5.864714925913363550e+04
5.864814651295911608e+04
5.864914372768314934e+04
5.865014099217136391e+04
5.865113822467213322e+04
5.865213570601413085e+04
5.865413000039233884e+04
5.865810547895797208e+04
5.865910289276819822e+04
5.866010005774003366e+04
5.866109732580259151e+04
5.866209462230864301e+04
5.866309190104017034e+04
5.866408970944579050e+04
5.866508640163372183e+04
5.867406157616504061e+04
5.867805092579672055e+04
5.867904820810826641e+04
5.869101537912433560e+04
5.869201204646953556e+04
5.869600160239322577e+04
5.870098719649740815e+04
5.870198419090201787e+04
5.870298130261845654e+04
5.870397880536872981e+04
5.871395077580079669e+04
5.871494815059427492e+04
5.872192821717431070e+04
5.872292547822543565e+04
5.872392254020710243e+04
5.872890850778431923e+04
5.872990571907731646e+04
5.873688601688640483e+04
5.874486339100304758e+04
5.875184344013661757e+04
5.875284064435560867e+04
5.875383784502359049e+04
5.875782674724340905e+04
5.875882398346574337e+04
5.876779825638428883e+04
5.876879900479428761e+04
5.877876722944588255e+04
5.877976417420439248e+04
5.878076125049492111e+04
5.878380046601477079e+04
5.880074682095707249e+04
5.883764338807010790e+04
5.885354161001095781e+04
5.885856705853612948e+04
5.889738960738560127e+04
5.891638206861265644e+04
5.899815970517108508e+04
5.899915720482506731e+04
5.900015439165577845e+04
5.900115159270713048e+04
5.900406033276943344e+04
5.900804983020054351e+04
5.901503093442360114e+04
5.902201197829141893e+04
5.902300964505902812e+04
5.902500376284946833e+04
5.902599852887876477e+04
5.902699832855330169e+04
5.903098745997624064e+04
5.903196394352217612e+04
5.903296132236356789e+04
5.903395830306808057e+04
5.903695034007077629e+04
5.903794834101713786e+04
5.903894492358518619e+04
5.903994195762018353e+04
5.904093922272017517e+04
5.904193652692475735e+04
5.904293376714497572e+04
5.904393093626729387e+04
5.904492785655699117e+04
5.904891719071939588e+04
5.905190880832214316e+04
5.905290630450339813e+04
5.905490063922939589e+04
5.905589784036441415e+04
5.905689513748498575e+04
5.905789229241025168e+04
5.905888961441654101e+04
5.905988742343495687e+04
5.906088394560386951e+04
5.908082795103198441e+04
5.909379164820634469e+04
5.909478887073365331e+04
5.909578573777801648e+04
5.910077149495524645e+04
5.910176895566309395e+04
5.911090550075015199e+04
5.913068692752930656e+04
5.913168399014347233e+04
5.913467601338729582e+04
5.913883090370825812e+04
5.920350385617009306e+04
5.920450117129288992e+04
5.921363952014620008e+04
5.922949053612960415e+04
5.925237129297256615e+04
5.926134760616360290e+04
5.926533697011401819e+04
5.927132042420441576e+04
5.927331551679169934e+04
5.927531038187271770e+04
5.927644104241261812e+04
5.929126797680884920e+04
5.929230688004847616e+04
5.929330537195967918e+04
5.929529876185017929e+04
5.929632409985804406e+04
5.930627050604314718e+04
5.930926208930156281e+04
5.931325118694041157e+04
5.931833034547405259e+04
5.933326618313221115e+04
5.934018028586738365e+04
5.934117076170556538e+04
5.934715472485000646e+04
5.934815218949980044e+04
5.935214166419104731e+04
5.935723315474837000e+04
5.936211434145701060e+04
5.936311172436834022e+04
5.936410910728166346e+04
5.936710060549741320e+04
5.936909638090943918e+04
5.938206102951579669e+04
5.938305909143165627e+04
5.938405520885418809e+04
5.938505175997059268e+04
5.938604882298169832e+04
5.938704721194870217e+04
5.939414684553757252e+04
5.940486805392328097e+04
5.941604634288880334e+04
5.941895940751465969e+04
5.943089941920733690e+04
5.944301494388998253e+04
5.945475040027444629e+04
5.946692164030706044e+04
5.947867449448257685e+04
5.949684019693326263e+04
