5.851644130201523512e+04 -5.905462656178974074e-14 9.203804905858058482e-18
5.851743886135121284e+04 -5.905082410981010837e-14 9.108382176462159737e-18
5.851843578792711196e+04 -5.904704686526754914e-14 9.013140078754300621e-18
5.852441971139572706e+04 -5.902487383288904716e-14 8.444626467692914112e-18
5.852541724230699765e+04 -5.902126408072400725e-14 8.350489602865617867e-18
5.853040416103061580e+04 -5.900360854760810095e-14 7.883275090530386365e-18
5.853140204032530164e+04 -5.900015599271929166e-14 7.790543414345263951e-18
5.853239847635939805e+04 -5.899673583643308203e-14 7.698223384710885774e-18
5.853543221271035873e+04 -5.898649433238761194e-14 7.418965029760848956e-18
5.853642971875497460e+04 -5.898318417300654863e-14 7.327777476942962214e-18
5.853742707194013201e+04 -5.897990329573885736e-14 7.236934929380438605e-18
5.853842458509742573e+04 -5.897665091624585060e-14 7.146419549205694776e-18
5.853942186008184217e+04 -5.897342856648740410e-14 7.056277482778324584e-18
5.854341117688013765e+04 -5.896083548842376267e-14 6.699409837797745293e-18
5.854740055768999446e+04 -5.894872740709034431e-14 6.348966570664235559e-18
5.855017746489885030e+04 -5.894059202234358897e-14 6.109157992110838883e-18
5.856934370427324757e+04 -5.889123910776049469e-14 4.563229965083470684e-18
5.857034018658028072e+04 -5.888900462078568789e-14 4.488755228385197556e-18
5.857234860403459606e+04 -5.888460153256090175e-14 4.340614389054159026e-18
5.858032744780277426e+04 -5.886843576513409305e-14 3.779237398621689404e-18
5.858132475129129307e+04 -5.886656370676965356e-14 3.712254282807681457e-18
5.858631168822762265e+04 -5.885769416783319922e-14 3.388507401154211245e-18
5.858730906992986274e+04 -5.885601804285440659e-14 3.326056033036778911e-18
5.858830649429404002e+04 -5.885437423162689577e-14 3.264387577624078391e-18
5.859030119727835699e+04 -5.885118358495259624e-14 3.143449473286576168e-18
5.859329318955726922e+04 -5.884663784365189198e-14 2.968149054582968892e-18
5.859728290838535031e+04 -5.884101919490510509e-14 2.746148956710935357e-18
5.860027468740755285e+04 -5.883713299252499100e-14 2.588800867510333280e-18
5.860226946152674645e+04 -5.883469519235949774e-14 2.488367282597071114e-18
5.860326686458310724e+04 -5.883352175096666900e-14 2.439520255795397199e-18
5.860426421432090137e+04 -5.883237844283214435e-14 2.391601420661131137e-18
5.860725618177941215e+04 -5.882912708450371383e-14 2.253491095869027583e-18
5.860825360261878086e+04 -5.882810201795179956e-14 2.209360065554051801e-18
5.860925224276655354e+04 -5.882710481868040695e-14 2.166146519159392599e-18
5.861024863270940114e+04 -5.882613868999564515e-14 2.124007453311047211e-18
5.861124566607817542e+04 -5.882520053552133663e-14 2.082826405535807847e-18
5.861324021627606271e+04 -5.882340872047324131e-14 2.003433787825957592e-18
5.861922415840270696e+04 -5.881869553854479801e-14 1.789669019669723892e-18
5.862022170367922809e+04 -5.881800385441084963e-14 1.757657200073490553e-18
5.862221632855532516e+04 -5.881669902765095365e-14 1.696789433254331687e-18
5.862321388805800962e+04 -5.881608502774774699e-14 1.667922490806543167e-18
5.863218955257131893e+04 -5.881166614810890685e-14 1.455055441934879477e-18
5.863318681703791663e+04 -5.881129258810961151e-14 1.436493385296230813e-18
5.863617885928433680e+04 -5.881030470892854494e-14 1.386600532440289400e-18
5.864714925913363550e+04 -5.880826232816611256e-14 1.269805331075224133e-18
5.864814651295911608e+04 -5.880818964319430139e-14 1.263538764089940552e-18
5.864914372768314934e+04 -5.880813428712150076e-14 1.257865041704175810e-18
5.865014099217136391e+04 -5.880809590161088826e-14 1.252751250368439936e-18
5.865113822467213322e+04 -5.880807413466019457e-14 1.248165452536799203e-18
5.865213570601413085e+04 -5.880806862806849592e-14 1.244074074936640846e-18
5.865413000039233884e+04 -5.880810495705091403e-14 1.237251521051416106e-18
5.865810547895797208e+04 -5.880835560046630846e-14 1.228178776874566954e-18
5.865910289276819822e+04 -5.880845361177025107e-14 1.226673018351461017e-18
5.866010005774003366e+04 -5.880856495045885705e-14 1.225419064952066157e-18
5.866109732580259151e+04 -5.880868928334689073e-14 1.224389002848638153e-18
5.866209462230864301e+04 -5.880882623305999365e-14 1.223556453830281405e-18
5.866309190104017034e+04 -5.880897542205665720e-14 1.222895883282920627e-18
5.866408970944579050e+04 -5.880913656903438373e-14 1.222382426856923770e-18
5.866508640163372183e+04 -5.880930902499965416e-14 1.221993206641203039e-18
5.867406157616504061e+04 -5.881131748211380660e-14 1.220651581885189818e-18
5.867805092579672055e+04 -5.881242790183905469e-14 1.219243677630247079e-18
5.867904820810826641e+04 -5.881272204502710104e-14 1.218655537871725891e-18
5.869101537912433560e+04 -5.881660359436440433e-14 1.200494189429844525e-18
5.869201204646953556e+04 -5.881694500487954949e-14 1.197888845300676749e-18
5.869600160239322577e+04 -5.881831900518839675e-14 1.185601027549084485e-18
5.870098719649740815e+04 -5.882002605597324425e-14 1.166013930578196640e-18
5.870198419090201787e+04 -5.882036260415580748e-14 1.161536321565887881e-18
5.870298130261845654e+04 -5.882069678473090580e-14 1.156874156758176005e-18
5.870397880536872981e+04 -5.882102834854999943e-14 1.152027894994107568e-18
5.871395077580079669e+04 -5.882411913820678229e-14 1.094148694802874472e-18
5.871494815059427492e+04 -5.882439879777435097e-14 1.087492308170832067e-18
5.872192821717431070e+04 -5.882615418582544909e-14 1.037236464990634840e-18
5.872292547822543565e+04 -5.882637263395488645e-14 1.029595114122115182e-18
5.872392254020710243e+04 -5.882658209887928139e-14 1.021857077426346874e-18
5.872890850778431923e+04 -5.882748591897099571e-14 9.819060925342696369e-19
5.872990571907731646e+04 -5.882763610263529384e-14 9.737100208304260979e-19
5.873688601688640483e+04 -5.882837143270844190e-14 9.152619856540173965e-19
5.874486339100304758e+04 -5.882846125777435478e-14 8.485711937044589681e-19
5.875184344013661757e+04 -5.882780419007831137e-14 7.934053269301825059e-19
5.875284064435560867e+04 -5.882765044019424954e-14 7.859445261876466950e-19
5.875383784502359049e+04 -5.882748124224381637e-14 7.786138144276117042e-19
5.875782674724340905e+04 -5.882664706100473865e-14 7.507529163547938842e-19
5.875882398346574337e+04 -5.882639849211670651e-14 7.441927686001061356e-19
5.876779825638428883e+04 -5.882341675371415972e-14 6.939445152312463951e-19
5.876879900479428761e+04 -5.882299935312524608e-14 6.894329958637099531e-19
5.877876722944588255e+04 -5.881788549777257329e-14 6.578701744191617163e-19
5.877976417420439248e+04 -5.881727745900774233e-14 6.560763754464951719e-19
5.878076125049492111e+04 -5.881665165932759610e-14 6.545274110886744405e-19
5.878380046601477079e+04 -5.881463495871041047e-14 6.512884304553398193e-19
5.880074682095707249e+04 -5.880039844959760699e-14 6.676581987477442394e-19
5.883764338807010790e+04 -5.875357582674179979e-14 7.615855768769913217e-19
5.885354161001095781e+04 -5.872841881278889950e-14 7.698863113251947525e-19
5.885856705853612948e+04 -5.872009476569430403e-14 7.658456446208085990e-19
5.889738960738560127e+04 -5.865511479975229314e-14 6.401939552489520978e-19
5.891638206861265644e+04 -5.862679652534894498e-14 5.527098579009553613e-19
5.899815970517108508e+04 -5.858898079488969593e-14 6.332603970816455086e-19
5.899915720482506731e+04 -5.858964478797934418e-14 6.359699893807069724e-19
5.900015439165577845e+04 -5.859033819000394760e-14 6.385949604594900209e-19
5.900115159270713048e+04 -5.859106119833525513e-14 6.411331695812050713e-19
5.900406033276943344e+04 -5.859333899539849649e-14 6.480155473288319413e-19
5.900804983020054351e+04 -5.859687081455380784e-14 6.560982795539463959e-19
5.901503093442360114e+04 -5.860417567966430187e-14 6.660818654927548281e-19
5.902201197829141893e+04 -5.861288730898033875e-14 6.702880378972034573e-19
5.902300964505902812e+04 -5.861424502189785887e-14 6.703936817152191488e-19
5.902500376284946833e+04 -5.861704197855959015e-14 6.702252749542418412e-19
5.902599852887876477e+04 -5.861847840990860081e-14 6.699510360551410669e-19
5.902699832855330169e+04 -5.861994952038225360e-14 6.695473245759015099e-19
5.903098745997624064e+04 -5.862608948681914298e-14 6.666523276364604030e-19
5.903196394352217612e+04 -5.862765750564534803e-14 6.656304054812783335e-19
5.903296132236356789e+04 -5.862928513335165490e-14 6.644593720479681922e-19
5.903395830306808057e+04 -5.863093824166245814e-14 6.631605730747630153e-19
5.903695034007077629e+04 -5.863605429019037929e-14 6.584967315011926567e-19
5.903794834101713786e+04 -5.863781177092244765e-14 6.566869615051203164e-19
5.903894492358518619e+04 -5.863959186989846023e-14 6.547540776221881090e-19
5.903994195762018353e+04 -5.864139767485314716e-14 6.526951133616641571e-19
5.904093922272017517e+04 -5.864322859188160763e-14 6.505113896165295170e-19
5.904193652692475735e+04 -5.864508405326945103e-14 6.482043698368686173e-19
5.904293376714497572e+04 -5.864696363654033895e-14 6.457749875969177868e-19
5.904393093626729387e+04 -5.864886708887919445e-14 6.432244962831773183e-19
5.904492785655699117e+04 -5.865079382067674833e-14 6.405546549022224016e-19
5.904891719071939588e+04 -5.865873669760195406e-14 6.286981629717553704e-19
5.905190880832214316e+04 -5.866493027020385118e-14 6.186205750290438469e-19
5.905290630450339813e+04 -5.866703916301876303e-14 6.150441061177698402e-19
5.905490063922939589e+04 -5.867131952484800454e-14 6.075818788800669965e-19
5.905589784036441415e+04 -5.867349119048359242e-14 6.036994410720885172e-19
5.905689513748498575e+04 -5.867568362425994974e-14 5.997191418016231100e-19
5.905789229241025168e+04 -5.867789600650941112e-14 5.956443068384870971e-19
5.905888961441654101e+04 -5.868012872571443057e-14 5.914765964547020656e-19
5.905988742343495687e+04 -5.868238221477886338e-14 5.872174472255629621e-19
5.906088394560386951e+04 -5.868465213813661664e-14 5.828772223957927941e-19
5.908082795103198441e+04 -5.873364230624665185e-14 4.837310407018200335e-19
5.909379164820634469e+04 -5.876826094417350252e-14 4.197952970876928965e-19
5.909478887073365331e+04 -5.877098446360944995e-14 4.154616599360024256e-19
5.909578573777801648e+04 -5.877371365966284914e-14 4.112575856256284530e-19
5.910077149495524645e+04 -5.878744903203880288e-14 3.924831853430802336e-19
5.910176895566309395e+04 -5.879021119478994077e-14 3.892435321772518741e-19
5.911090550075015199e+04 -5.881563535837514749e-14 3.695961485398735590e-19
5.913068692752930656e+04 -5.887023430281811854e-14 3.988901761610249333e-19
5.913168399014347233e+04 -5.887292631307473153e-14 4.027090873718920953e-19
5.913467601338729582e+04 -5.888095015570014323e-14 4.151535281832594370e-19
5.913883090370825812e+04 -5.889194040489499527e-14 4.344980324567527737e-19
5.920350385617009306e+04 -5.902054832352184078e-14 6.780389443074823399e-19
5.920450117129288992e+04 -5.902167344138378730e-14 6.778490844977417664e-19
5.921363952014620008e+04 -5.903051704416833820e-14 6.686129194722160352e-19
5.922949053612960415e+04 -5.903942268693580699e-14 6.220373231250017357e-19
5.925237129297256615e+04 -5.903772608867440216e-14 5.067160611373967884e-19
5.926134760616360290e+04 -5.903251504465740041e-14 4.603643691604788472e-19
5.926533697011401819e+04 -5.902942199947984906e-14 4.429355789539759621e-19
5.927132042420441576e+04 -5.902392578922815226e-14 4.232131452679386975e-19
5.927331551679169934e+04 -5.902187212247268881e-14 4.188195728464419630e-19
5.927531038187271770e+04 -5.901971159223909691e-14 4.156952064204475457e-19
5.927644104241261812e+04 -5.901844031269955356e-14 4.145218232548175073e-19
5.929126797680884920e+04 -5.899885428186711291e-14 4.425572149975888713e-19
5.929230688004847616e+04 -5.899729402144391120e-14 4.474548103508060835e-19
5.929330537195967918e+04 -5.899577324839004532e-14 4.524791330825739660e-19
5.929529876185017929e+04 -5.899267649500130142e-14 4.633898083388897268e-19
5.929632409985804406e+04 -5.899105290556835401e-14 4.694315658645314168e-19
5.930627050604314718e+04 -5.897431212724380049e-14 5.399019282176711654e-19
5.930926208930156281e+04 -5.896896211988894500e-14 5.640450704313506361e-19
5.931325118694041157e+04 -5.896163490731454657e-14 5.973195795847639853e-19
5.931833034547405259e+04 -5.895202667506109825e-14 6.403793953192569766e-19
5.933326618313221115e+04 -5.892251531320706005e-14 7.594553467850503431e-19
5.934018028586738365e+04 -5.890854384951510952e-14 8.051059570748684050e-19
5.934117076170556538e+04 -5.890654098322789214e-14 8.109460247597846727e-19
5.934715472485000646e+04 -5.889448165880185889e-14 8.419486586765863215e-19
5.934815218949980044e+04 -5.889248299649316922e-14 8.463559089461563055e-19
5.935214166419104731e+04 -5.888454034164583885e-14 8.616501729259601746e-19
5.935723315474837000e+04 -5.887456194067154306e-14 8.754787169640568717e-19
5.936211434145701060e+04 -5.886521936420995045e-14 8.824711588035427467e-19
5.936311172436834022e+04 -5.886334268857634314e-14 8.831326898007100113e-19
5.936410910728166346e+04 -5.886147811356025081e-14 8.835337237590778277e-19
5.936710060549741320e+04 -5.885596309217054823e-14 8.831861308475886946e-19
5.936909638090943918e+04 -5.885235327699195554e-14 8.816813008180208484e-19
5.938206102951579669e+04 -5.883053949612960321e-14 8.502202703666641375e-19
5.938305909143165627e+04 -5.882899528390206388e-14 8.465983519700137128e-19
5.938405520885418809e+04 -5.882747562808808077e-14 8.428846561513130261e-19
5.938505175997059268e+04 -5.882597729833260238e-14 8.390905823166140848e-19
5.938604882298169832e+04 -5.882450065237665286e-14 8.352374509538785956e-19
5.938704721194870217e+04 -5.882304498873060735e-14 8.313455183115351545e-19
5.939414684553757252e+04 -5.881339383381381457e-14 8.051988215109871562e-19
5.940486805392328097e+04 -5.880139647196480203e-14 7.941016461662813694e-19
5.941604634288880334e+04 -5.879264433337384132e-14 8.761469648115507260e-19
5.941895940751465969e+04 -5.879105214319039123e-14 9.204084527853634770e-19
5.943089941920733690e+04 -5.878772798792885045e-14 1.210189246562637185e-18
5.944301494388998253e+04 -5.878992557786525283e-14 1.667990306837267450e-18
5.945475040027444629e+04 -5.879768814904370560e-14 2.244424630099232223e-18
5.946692164030706044e+04 -5.881174066274405237e-14 2.961480605367639469e-18
5.947867449448257685e+04 -5.883109481002060855e-14 3.755896749869392512e-18
5.949684019693326263e+04 -5.887174864315919863e-14 5.154358331993647108e-18
