5.878685759445595613e+04 1.928607352371349691e-13 1.538343360637685823e-14
5.897708734672162973e+04 2.142592130191115344e-14 3.742388255463847032e-15
5.900003981205041055e+04 -4.461931535775960691e-15 2.270525331965334622e-16
5.903402528102387441e+04 -2.689864140890700022e-15 2.047384682075440862e-17
5.909088302806021966e+04 -3.662692326520779403e-15 1.698905556154765843e-16
5.911781228908283083e+04 -2.830601736653385373e-15 1.008158839792286776e-17
5.914672606539385015e+04 -2.780306616029020367e-15 3.211595834539655632e-17
5.917369144845361734e+04 -3.144627601911995328e-15 6.705466379516545300e-17
5.922550191082504898e+04 -2.758039152364720117e-15 2.168737228352554455e-17
5.923257746403402416e+04 -2.967663314286480421e-15 2.420594593409685347e-17
5.925749144857582723e+04 -3.132704758034735414e-15 6.033801817123695912e-17
5.928438742839670886e+04 -2.533142729440794925e-15 7.355005684815095553e-17
5.931108990643029392e+04 -3.062796983395055134e-15 5.041194065010506480e-17
5.933801181437414925e+04 -2.864953537890499850e-15 9.836848121319271042e-18
5.936893249459216895e+04 -2.496631676616899993e-15 9.033154240849779152e-17
5.939984829401694878e+04 -4.668912780375649907e-15 4.354425100200712575e-16
5.942879022663973592e+04 1.513757828024931757e-14 4.177623668346563675e-15
