1.876936615565400024e-13 2.263060064474400088e-14 -4.541728571560500193e-15 -2.679408089202300141e-15 -3.715253432419800009e-15 -2.828928983654900042e-15 -2.769673227976500099e-15 -3.162879286020599804e-15 -2.753532806816899985e-15 -2.974584841996499889e-15 -3.147755835716499933e-15 -2.511720205748900052e-15 -3.076879768324100168e-15 -2.869384821928000128e-15 -2.466315334713500177e-15 -4.778185953395700266e-15 1.607876903728900074e-14
1.780581998740899958e-13 2.229924522583299894e-14 -4.495694220904500340e-15 -2.702500528397600192e-15 -3.741975472378799945e-15 -2.828551591852900052e-15 -2.766920497875900024e-15 -3.183936994036099904e-15 -2.745701910971800192e-15 -2.985061093676699868e-15 -3.176812141381599998e-15 -2.477464306397300095e-15 -3.092744125251399999e-15 -2.883510849502200010e-15 -2.416232539096899961e-15 -5.015429089781500218e-15 1.855321325455600088e-14
1.591466011980700064e-13 1.833512262868700093e-14 -4.262373066946400014e-15 -2.712058852880699880e-15 -3.567530130711000124e-15 -2.833631525411099851e-15 -2.787818775495800096e-15 -3.113021736603300162e-15 -2.766362785323500164e-15 -2.956559332556499980e-15 -3.107424209110999855e-15 -2.558669629680700156e-15 -3.051449875592400162e-15 -2.861907778715599946e-15 -2.505107265710399907e-15 -4.662971970869800163e-15 1.539347103503799968e-14
2.035609917326600032e-13 2.288826892168600092e-14 -4.578425559640500052e-15 -2.676770271470900044e-15 -3.702066886975999925e-15 -2.834701904975500095e-15 -2.784606975210200127e-15 -3.154184673272200021e-15 -2.759859425694999817e-15 -2.981305058273400045e-15 -3.146190361892500076e-15 -2.511487508652800077e-15 -3.078097886087399842e-15 -2.867443329433500150e-15 -2.480149111599899888e-15 -4.745454486848499707e-15 1.585020752796299913e-14
2.146995016781000042e-13 2.667470516250399913e-14 -4.784017258764200170e-15 -2.662620206540399842e-15 -3.888238063460099931e-15 -2.821590649039699942e-15 -2.741500671901800025e-15 -3.232564968226400186e-15 -2.729930810520899864e-15 -2.992419109528200024e-15 -3.203104158818700086e-15 -2.447973628320999843e-15 -3.121888063876600031e-15 -2.874413987830399967e-15 -2.398396458343999846e-15 -5.104393752751000369e-15 1.912229343936900153e-14
1.796976486399900045e-13 1.868439043717599846e-14 -4.273782061926400128e-15 -2.722708700251399970e-15 -3.588086037561100252e-15 -2.835392494913600063e-15 -2.778718051912300079e-15 -3.127000458302299985e-15 -2.753450227618399899e-15 -2.944282107813900184e-15 -3.111532491522599999e-15 -2.567907455240500039e-15 -3.037343870629600007e-15 -2.866092636144600013e-15 -2.522862385288800106e-15 -4.538925999871200026e-15 1.391083886743800032e-14
1.898832842337900078e-13 2.254068426334200064e-14 -4.519353271006900251e-15 -2.702835003882199941e-15 -3.733710147075300219e-15 -2.835448994933299975e-15 -2.768036040679000027e-15 -3.169742326380299986e-15 -2.751723385347799953e-15 -2.983711643397600078e-15 -3.164745305618199978e-15 -2.495703015143099916e-15 -3.087575959126300170e-15 -2.867916501053999922e-15 -2.453220459878300032e-15 -4.872534773751200295e-15 1.703815240391299990e-14
1.749262240657399985e-13 1.757060855451300108e-14 -4.211631642913999986e-15 -2.710585975309999920e-15 -3.514958762085500189e-15 -2.827752165355399836e-15 -2.799093540483600179e-15 -3.093926507176699956e-15 -2.770098838130299863e-15 -2.943276559004299964e-15 -3.086891934508200052e-15 -2.597054555227999966e-15 -3.014143183947599918e-15 -2.860015498518400003e-15 -2.572064548376699974e-15 -4.314231097022199665e-15 1.176500531820900008e-14
1.785532738947899975e-13 2.133841320581699936e-14 -4.436470919997600204e-15 -2.717447788688099874e-15 -3.691030204522599828e-15 -2.857340654708899954e-15 -2.740183516019900165e-15 -3.150719435102399817e-15 -2.747971093658199824e-15 -2.953456095096300182e-15 -3.133267606234599825e-15 -2.533980821095699851e-15 -3.059612748906299901e-15 -2.874923601831699845e-15 -2.469253183143900081e-15 -4.770624501001500118e-15 1.619247307460500043e-14
1.874899933427400066e-13 1.583063795642999970e-14 -4.145451654216199677e-15 -2.696249129598400123e-15 -3.359128218036500103e-15 -2.839017482385299813e-15 -2.830505566286800092e-15 -3.018791810191800053e-15 -2.801269834239300137e-15 -2.925936296847299887e-15 -3.012872586780399814e-15 -2.668888498431700088e-15 -2.975017427964800043e-15 -2.851217209357099979e-15 -2.659817377569000063e-15 -3.886572614443199773e-15 7.739384984343500328e-15
2.225711386471800118e-13 2.524318500244600128e-14 -4.709178529231900338e-15 -2.652465379189599969e-15 -3.793566860337699920e-15 -2.815885365076899872e-15 -2.767316042560499806e-15 -3.192737627747099952e-15 -2.746809807113500157e-15 -2.985871444199700097e-15 -3.168610285636899845e-15 -2.486594209819899972e-15 -3.096591326501299976e-15 -2.862835373814799832e-15 -2.457767459495699922e-15 -4.883003099119699959e-15 1.713600710794599975e-14
1.952026457597199930e-13 1.925914344146099976e-14 -4.329351873654099649e-15 -2.694760841481800147e-15 -3.545860943380800103e-15 -2.833791821239800138e-15 -2.796995109650400102e-15 -3.095127484154199830e-15 -2.771868590921300073e-15 -2.947779508667800139e-15 -3.087448738951799827e-15 -2.592992141414000006e-15 -3.023932599121799945e-15 -2.853216525224100079e-15 -2.571344936526299900e-15 -4.355072114557200145e-15 1.226125846368600016e-14
2.013694748147399964e-13 2.799451771763999952e-14 -4.863643665759499910e-15 -2.662136539218300114e-15 -3.953520086371599932e-15 -2.819472794414000129e-15 -2.743586075210800194e-15 -3.258412604692300024e-15 -2.728563380721200000e-15 -3.017980469937400040e-15 -3.237110286790200120e-15 -2.397610249269100135e-15 -3.162111495706399844e-15 -2.871479408305200166e-15 -2.336790028629800128e-15 -5.441014594574499863e-15 2.245730220773400128e-14
2.108635393185799972e-13 2.149587210947099932e-14 -4.487070727073100059e-15 -2.665758917554199823e-15 -3.623463291983500139e-15 -2.820754181398799844e-15 -2.801055508632699955e-15 -3.126142540644599828e-15 -2.770675711590599839e-15 -2.969394179629100040e-15 -3.111918895130900118e-15 -2.549170138398699867e-15 -3.055663684529800014e-15 -2.860633406716199913e-15 -2.528171445151499904e-15 -4.511805201212500037e-15 1.357906695756099960e-14
1.962101657809599958e-13 2.058453906600600116e-14 -4.415588887961400240e-15 -2.686845197013299981e-15 -3.635666279568100280e-15 -2.826646234244499803e-15 -2.781533942476699946e-15 -3.136595045565499902e-15 -2.757871213205300186e-15 -2.957795103432800169e-15 -3.119074751878400039e-15 -2.550263023772999829e-15 -3.049761306086099989e-15 -2.869210965975100078e-15 -2.517448971721100142e-15 -4.533987669976300021e-15 1.376017254528799975e-14
1.788750310518600021e-13 1.339097381340800064e-14 -3.989464329818999765e-15 -2.700105663937200046e-15 -3.278311931186499916e-15 -2.832897188991500158e-15 -2.857632172298899886e-15 -2.988579855578800032e-15 -2.808506600888599918e-15 -2.919160383762299937e-15 -2.995446491009400019e-15 -2.703076821283099929e-15 -2.944841574647299950e-15 -2.850137814367000065e-15 -2.720272948774700010e-15 -3.556760254443000095e-15 4.233169193084899994e-15
2.028544936153199946e-13 2.331850490870899882e-14 -4.549652456289799841e-15 -2.716532997121199879e-15 -3.770396568199999785e-15 -2.843043290597399971e-15 -2.758067781883600135e-15 -3.191513243565399916e-15 -2.739015086676199835e-15 -2.980903817800399894e-15 -3.183362458106500002e-15 -2.481050246024499880e-15 -3.083615967080799846e-15 -2.878443272205000033e-15 -2.434363827316600174e-15 -4.958753711630199685e-15 1.787446107323100107e-14
2.077272766035999888e-13 2.268493218970000054e-14 -4.548576353020599794e-15 -2.666543516967899805e-15 -3.712591295196399947e-15 -2.814567678774399983e-15 -2.788246415102100050e-15 -3.162034231404500041e-15 -2.760319515503299907e-15 -2.988321066080999979e-15 -3.152589860906100074e-15 -2.505017716940200088e-15 -3.097035224353900045e-15 -2.845449065183199821e-15 -2.469736165108399817e-15 -4.878710976126400062e-15 1.732147419697500109e-14
1.837382687261100029e-13 1.804730523813200130e-14 -4.258800175271800120e-15 -2.688382461334299909e-15 -3.500752754392599817e-15 -2.821389241965999954e-15 -2.823447085969199921e-15 -3.084131201504200039e-15 -2.778272555919000091e-15 -2.953515869167400182e-15 -3.085523680009599867e-15 -2.594613701960899847e-15 -3.018888076438100121e-15 -2.857059375085800100e-15 -2.578378055053899962e-15 -4.293528347512000227e-15 1.155569647514899950e-14
2.040932902081200029e-13 2.770677555051799857e-14 -4.838375489560799685e-15 -2.680566757774200046e-15 -3.937739164571699920e-15 -2.841230489133800091e-15 -2.721195322953700113e-15 -3.250510008071200019e-15 -2.718979466433299873e-15 -2.991952304860999960e-15 -3.222413080690600069e-15 -2.431616715992800045e-15 -3.128745503729099948e-15 -2.873779336618100099e-15 -2.374941030838599871e-15 -5.276295398625399822e-15 2.092914844160799906e-14
