5.593563376993299872e-14 -6.862912420330299694e-15 -5.837159205200899718e-15 -5.895981852604899639e-15 -5.950467540445700380e-15 -5.916817144621399907e-15 -5.973015182301500366e-15 -5.988007892532699896e-15 -5.959925172073800024e-15 -5.967058357407600203e-15 -5.993992441776900269e-15 -5.983477412273200148e-15 -5.936455392308399758e-15 -5.912136098845800031e-15 -5.967064078868600336e-15 -5.976903287619299782e-15 -5.072948223915200342e-15
3.149026806718100001e-14 -6.414543656504600353e-15 -5.868469403728900330e-15 -5.910510757902899795e-15 -5.959498603238200022e-15 -5.930782447134099942e-15 -5.961743119714699726e-15 -5.983286537149600288e-15 -5.962411955192700014e-15 -5.964665679433499990e-15 -5.984462872335499719e-15 -5.990255113212500085e-15 -5.945013483059100142e-15 -5.896865364573399758e-15 -5.973040543858099804e-15 -5.994643160097500194e-15 -4.870819068490299992e-15
3.628761850003699959e-14 -6.439871095386299722e-15 -5.863001918193900260e-15 -5.913516075563300144e-15 -5.955215383477399654e-15 -5.931312609146200123e-15 -5.966193881679200200e-15 -5.983848099730300234e-15 -5.960419554843299891e-15 -5.963409536884600229e-15 -5.985015209477700370e-15 -5.990999438427000140e-15 -5.946536439890500227e-15 -5.898176546613900310e-15 -5.971559873283499778e-15 -5.994389748552000066e-15 -4.817951109536200197e-15
1.726570891481300099e-14 -5.988705146947200126e-15 -5.893035200931899613e-15 -5.921618295139100317e-15 -5.972318178381099963e-15 -5.943139585122000344e-15 -5.945915534659000087e-15 -5.981307971558500159e-15 -5.962569651300599942e-15 -5.956704165280200217e-15 -5.966288517222799833e-15 -6.004045800430999852e-15 -5.966024825514300017e-15 -5.868627945947300113e-15 -5.974715438206400306e-15 -6.049689538741000065e-15 -4.239624027850399902e-15
3.351441828271300023e-14 -6.340693842254399784e-15 -5.869608876410499612e-15 -5.913705463744300315e-15 -5.962227789033700075e-15 -5.933249636520699778e-15 -5.957771360849100224e-15 -5.982613569660500051e-15 -5.962911124654599905e-15 -5.962980839874999824e-15 -5.979527838070099868e-15 -5.994059390887199843e-15 -5.951128321295100200e-15 -5.887281628001700340e-15 -5.974392695823000384e-15 -6.017644393232799812e-15 -4.583068820869800358e-15
2.785363776306499987e-14 -6.285177842061099977e-15 -5.878268794043200257e-15 -5.913956160996599792e-15 -5.962941179487400159e-15 -5.936841926661199955e-15 -5.958016490845200138e-15 -5.981743359331700149e-15 -5.963271106805299666e-15 -5.962977770390300097e-15 -5.977977321030099945e-15 -5.992460227817600046e-15 -5.952328909864000013e-15 -5.891462739878199864e-15 -5.971834573882599645e-15 -6.010261241346799878e-15 -4.697085070639000278e-15
2.128246306883199850e-14 -5.920670232231300152e-15 -5.896347385882000265e-15 -5.929165798038999894e-15 -5.970547097354199658e-15 -5.951782821312999946e-15 -5.946749866277900107e-15 -5.974837378898899619e-15 -5.967460277841399761e-15 -5.961478944786499709e-15 -5.965980911664800022e-15 -6.001018346176199636e-15 -5.966967234123400123e-15 -5.867737606307000334e-15 -5.974533382540900325e-15 -6.065324292712999676e-15 -4.097080844340600392e-15
2.290679053550499870e-14 -5.999069010916699815e-15 -5.882405484439400034e-15 -5.929595594074499666e-15 -5.965186535060500147e-15 -5.947542228158599851e-15 -5.952005374797800258e-15 -5.975939090482300090e-15 -5.967756096582599809e-15 -5.964151469602800077e-15 -5.970820891282399994e-15 -5.994932132238800051e-15 -5.960325568662299740e-15 -5.879943342322000282e-15 -5.972793814796599980e-15 -6.040139649828400304e-15 -4.364044287263999863e-15
2.092011772519400066e-14 -5.896355120906699685e-15 -5.891199276940200332e-15 -5.933576393300700060e-15 -5.968171218667900173e-15 -5.955103386781499822e-15 -5.948290035831600068e-15 -5.970546785016699933e-15 -5.972605740323600026e-15 -5.967388610648600229e-15 -5.966935983481299793e-15 -5.992724792213299948e-15 -5.965680749059800274e-15 -5.880942028346699888e-15 -5.966538818353699684e-15 -6.048949366938600357e-15 -4.313003258287599791e-15
2.647330263796699973e-14 -6.169276832103300106e-15 -5.883075745571399677e-15 -5.916542759854200351e-15 -5.967804725896300210e-15 -5.938511791497100233e-15 -5.950800972777200007e-15 -5.981716277955699681e-15 -5.963243842679899672e-15 -5.959752691263199978e-15 -5.971218106352600208e-15 -5.999001883801199945e-15 -5.960992972883800269e-15 -5.878084315151199656e-15 -5.972307718493900278e-15 -6.038409484310099658e-15 -4.384486803144899865e-15
6.635036649307999504e-14 -7.310341257597200041e-15 -5.806846783673599676e-15 -5.880813119915200246e-15 -5.937545387605300364e-15 -5.899866825671999781e-15 -5.990814288514700376e-15 -5.994241398340799802e-15 -5.954119849317500256e-15 -5.970573372804599795e-15 -6.015810388574399914e-15 -5.975700388782900017e-15 -5.913271307423100363e-15 -5.937119469467400384e-15 -5.969341688447799985e-15 -5.911096374650899871e-15 -5.770191233446099981e-15
2.541208219940399956e-14 -6.145367407105399922e-15 -5.886714503360499867e-15 -5.916591472122599768e-15 -5.969738371887899698e-15 -5.940754071087299808e-15 -5.948802561414000318e-15 -5.979776520147700150e-15 -5.966760262995400212e-15 -5.962689938383899983e-15 -5.970072707245500360e-15 -5.994895841128999986e-15 -5.958822726401299739e-15 -5.879638221578699752e-15 -5.975602538961100014e-15 -6.038883238125000132e-15 -4.373744823487699873e-15
1.963739833823700027e-14 -6.023936740002999662e-15 -5.897144208077099720e-15 -5.918757656880699999e-15 -5.973034902042900322e-15 -5.946563399585400263e-15 -5.945652352762499637e-15 -5.977589154516300000e-15 -5.967574709474100352e-15 -5.961892364374100303e-15 -5.966564765391000087e-15 -5.997566201390899871e-15 -5.964109758192799971e-15 -5.875566355050099773e-15 -5.973332844164600104e-15 -6.046666661758500242e-15 -4.300564461209500273e-15
2.532366187303300121e-14 -6.176897297437699652e-15 -5.887580513848999892e-15 -5.914535436773700196e-15 -5.967132202815300201e-15 -5.940081009363199817e-15 -5.952614741066799716e-15 -5.981822777637899724e-15 -5.963151193717900321e-15 -5.960092808751299913e-15 -5.972257010070799759e-15 -5.998255879514700384e-15 -5.958892779323500078e-15 -5.878576348654799705e-15 -5.973766831644999633e-15 -6.034970117805999841e-15 -4.420182545536499871e-15
2.186551229850600096e-14 -6.050860842491399958e-15 -5.888233793173599985e-15 -5.922224387400500006e-15 -5.969530077547399672e-15 -5.943082372881400338e-15 -5.948290926284399756e-15 -5.978923063514200181e-15 -5.965316031422199849e-15 -5.961053486274700087e-15 -5.970508237992799813e-15 -5.999967734703800049e-15 -5.960799279627699737e-15 -5.872162941489799923e-15 -5.974662985253499855e-15 -6.047066422569800109e-15 -4.305892989251900027e-15
2.461108719661399939e-14 -6.091180750950499659e-15 -5.886426137082900040e-15 -5.922862639552400010e-15 -5.966581018625300051e-15 -5.943243921619799649e-15 -5.951842142391399988e-15 -5.979259248060000319e-15 -5.964288321883200344e-15 -5.960792801536099795e-15 -5.971169444928300094e-15 -5.998772025576599617e-15 -5.961328474609200335e-15 -5.876820442453600217e-15 -5.971775000696200014e-15 -6.041906438358300236e-15 -4.359951681195300059e-15
2.471808182405299929e-14 -6.223470665278000117e-15 -5.881210413921699613e-15 -5.914366871874900378e-15 -5.964816996674299990e-15 -5.939119227030700237e-15 -5.957024917224899959e-15 -5.981538367564799858e-15 -5.961556229437899994e-15 -5.960780880544399653e-15 -5.977264748953099887e-15 -5.996517635763299736e-15 -5.954019426744299817e-15 -5.885313430442699619e-15 -5.973798678789499648e-15 -6.017553016840199876e-15 -4.617795944296500310e-15
2.476817010362999975e-14 -6.230113764736700211e-15 -5.878828290099699821e-15 -5.914130201947600233e-15 -5.964757287446700230e-15 -5.934200388504000232e-15 -5.954372715336999863e-15 -5.984574144907399740e-15 -5.961788099663299706e-15 -5.959993294331300200e-15 -5.975435086002400051e-15 -5.997173947423199720e-15 -5.954732495318799965e-15 -5.882623124841399866e-15 -5.973630140435500104e-15 -6.022292719764199802e-15 -4.588443245454500116e-15
2.640873041004500078e-14 -6.208638298831600125e-15 -5.878967807207399812e-15 -5.913864083845600152e-15 -5.968181254856500335e-15 -5.936533472793000310e-15 -5.950975529160100123e-15 -5.982030172774000055e-15 -5.964697349483500180e-15 -5.961896067576199647e-15 -5.973380760948699811e-15 -5.996008844634399645e-15 -5.956445662379299920e-15 -5.881074426155999850e-15 -5.974134973748900328e-15 -6.030924321422700192e-15 -4.480323512833900324e-15
1.992966178844700047e-14 -6.306599651566200131e-15 -5.895786217407800099e-15 -5.894109847767700214e-15 -5.976679410168799695e-15 -5.923538377741299836e-15 -5.945649209134899664e-15 -5.995905609422599612e-15 -5.949658608594899870e-15 -5.945229893927100054e-15 -5.971901123758799610e-15 -6.017151985785599757e-15 -5.958671853781500115e-15 -5.854129748724700222e-15 -5.991502382965200345e-15 -6.045363395768799644e-15 -4.176745027259800123e-15
