5.879280193813802907e+04 2.864773558951444858e-14 1.186294768656523379e-14
5.898215432247300487e+04 -6.254234093781980536e-15 3.226287087815266923e-16
5.900501539013131696e+04 -5.877515497959780996e-15 2.113365664030799692e-17
5.903394126786664128e+04 -5.914521243465018954e-15 1.209475598907778904e-17
5.909079713554018235e+04 -5.964618758035639813e-15 8.554103882828526232e-18
5.911772590239023702e+04 -5.936603332161693904e-15 1.214565549899544512e-17
5.914663969830980204e+04 -5.955327060151194082e-15 1.074575688980415386e-17
5.917360584341614594e+04 -5.981975370960129188e-15 5.713304888730063957e-18
5.922545880132591265e+04 -5.963074258914383925e-15 4.779423401692342976e-18
5.923249416795394791e+04 -5.961778148703799723e-15 4.844524461850181539e-18
5.925740881802800868e+04 -5.976329218328000602e-15 1.144433944876399574e-17
5.928430523746262770e+04 -5.995749251109119293e-15 7.854856515174694913e-18
5.931106823534772411e+04 -5.954627383023109803e-15 1.208729722775054082e-17
5.933799009320717596e+04 -5.884214106242319718e-15 1.706248025393892341e-17
5.936891005682974355e+04 -5.973516450160729554e-15 4.757202510933227667e-18
5.939982514551654458e+04 -6.023653843522195381e-15 3.364971339716883106e-17
5.942876605563001067e+04 -4.541697348915485176e-15 3.697374107261567103e-16
