5.877469993882589188e+04
5.880157635507229861e+04
5.881136879259940179e+04
5.883357564195305895e+04
5.884473649863289756e+04
5.886250951551391336e+04
5.890324152767640771e+04
5.890849458998228511e+04
5.893726491562523006e+04
5.898204265758338443e+04
5.900490534351028327e+04
5.902598631923019275e+04
5.908475988161449641e+04
5.911168024003571190e+04
5.913947546397618862e+04
5.913974820068750705e+04
5.916388496963689977e+04
5.916961973165421659e+04
5.919550426309819886e+04
5.922535384207896277e+04
5.923968433685193304e+04
5.925243679219470505e+04
5.927519938747990091e+04
5.929951991921944136e+04
5.931106313027364376e+04
5.933798786391543399e+04
5.935798791736080602e+04
5.936890178671467584e+04
5.939982103234973329e+04
5.940784902615919418e+04
5.942876913887289265e+04
5.945698696416476741e+04
5.949595854892890202e+04
