5.877469993882589188e+04 -7.977866688386311071e-15 1.861621358869812211e-15
5.880157635507229861e+04 -7.653748025800688036e-15 4.700377069664300245e-16
5.881136879259940179e+04 -7.587121115343904613e-15 1.630396646969697022e-16
5.883357564195305895e+04 -7.514197794544349314e-15 1.841809536683347702e-16
5.884473649863289756e+04 -7.506004674919034508e-15 2.183875563945931808e-16
5.886250951551391336e+04 -7.512597567822434947e-15 1.622354944467658046e-16
5.890324152767640771e+04 -7.538528644115943399e-15 5.025565792823717431e-17
5.890849458998228511e+04 -7.539581139632109912e-15 6.223478640156111289e-17
5.893726491562523006e+04 -7.537524571610965418e-15 5.240212294210429231e-17
5.898204265758338443e+04 -7.531985055131164344e-15 3.618403774213915735e-17
5.900490534351028327e+04 -7.531745897544378665e-15 3.241889712246906167e-17
5.902598631923019275e+04 -7.529901092645559573e-15 5.032286273716433620e-18
5.908475988161449641e+04 -7.522251252578561552e-15 2.366705921310173496e-17
5.911168024003571190e+04 -7.532175808717755526e-15 1.143047617773556073e-17
5.913947546397618862e+04 -7.550340320068165745e-15 3.117446082813228185e-17
5.913974820068750705e+04 -7.550509009183830188e-15 3.118462979425304623e-17
5.916388496963689977e+04 -7.559862210302470706e-15 1.772633366491541748e-17
5.916961973165421659e+04 -7.559757077876078130e-15 1.140503833374834178e-17
5.919550426309819886e+04 -7.545178343427440071e-15 1.881656113919210419e-17
5.922535384207896277e+04 -7.508741945822631504e-15 2.418908563002818987e-17
5.923968433685193304e+04 -7.493236543670505980e-15 1.129836399708079456e-17
5.925243679219470505e+04 -7.485852985794410742e-15 6.218823150609592816e-18
5.927519938747990091e+04 -7.495216967331980214e-15 3.008127968591755516e-17
5.929951991921944136e+04 -7.536252111933269066e-15 2.507375543788207474e-17
5.931106313027364376e+04 -7.560975027052867087e-15 9.488736402705833429e-18
5.933798786391543399e+04 -7.601995560684438680e-15 4.212558976918790777e-17
5.935798791736080602e+04 -7.592150850365428735e-15 5.369889601078545321e-17
5.936890178671467584e+04 -7.567361258321024476e-15 3.841690830132384084e-17
5.939982103234973329e+04 -7.443880072922316059e-15 9.011598486307006014e-17
5.940784902615919418e+04 -7.410787453230469354e-15 1.297006347868948731e-16
5.942876913887289265e+04 -7.365194465364549250e-15 1.753607066231653508e-16
5.945698696416476741e+04 -7.502434750292908635e-15 1.228414123173309077e-16
5.949595854892890202e+04 -8.243883367245527619e-15 1.769367324679676604e-15
