5.877471204151502752e+04
5.888155252966451371e+04
5.898219124091431877e+04
5.900505010875836160e+04
5.903399326554683648e+04
5.909085363662336022e+04
5.911777920596422337e+04
5.912291862490258791e+04
5.914669323282781988e+04
5.917365890904954722e+04
5.918366100564326916e+04
5.920758272813662188e+04
5.923254838931176346e+04
5.925746051023710606e+04
5.928052719766570954e+04
5.928435719174664700e+04
5.931108557963350177e+04
5.933435396294792008e+04
5.933800739753876405e+04
5.936892767244686547e+04
5.939984291289160319e+04
5.940716810421818809e+04
5.941505280619887344e+04
5.942878425485592015e+04
5.944600979942851700e+04
