5.877471204151502752e+04 -3.678828699341397486e-15 4.301103078366601190e-14
5.888155252966451371e+04 -7.995355812792820299e-14 3.426252040896169771e-14
5.898219124091431877e+04 8.041535895146718722e-15 2.915159421862762823e-15
5.900505010875836160e+04 -1.017759719170893035e-15 2.002063606999308827e-16
5.903399326554683648e+04 -1.172763660359745108e-15 1.501310284848849253e-16
5.909085363662336022e+04 -6.380070833653904910e-16 1.247580827618055598e-16
5.911777920596422337e+04 -9.268834169303919018e-16 8.382854558513256134e-17
5.912291862490258791e+04 -8.007750939902274369e-16 7.543623829622273873e-17
5.914669323282781988e+04 -2.529564209671455663e-16 4.293064567090014571e-17
5.917365890904954722e+04 -3.887792405562175584e-16 7.533296779868886138e-17
5.918366100564326916e+04 -4.975806454856439480e-16 4.494796070568247405e-17
5.920758272813662188e+04 -5.138831430307174215e-16 8.928563674921810232e-17
5.923254838931176346e+04 -4.331223118028114896e-16 3.001050046444025162e-17
5.925746051023710606e+04 -5.093837276238090817e-16 9.037476397334556084e-17
5.928052719766570954e+04 -4.411074319866755396e-16 7.687762246917183399e-17
5.928435719174664700e+04 -4.182485404003830085e-16 9.173859491509737266e-17
5.931108557963350177e+04 -4.607347464489395063e-16 8.829270397009830106e-17
5.933435396294792008e+04 -7.894401312611015814e-16 2.339090658616335301e-16
5.933800739753876405e+04 -8.200894492401874979e-16 2.179339144553691328e-16
5.936892767244686547e+04 -5.116481369326171990e-16 3.858973113042594900e-16
5.939984291289160319e+04 -5.970675247655473923e-16 3.563428214628393787e-16
5.940716810421818809e+04 -6.410424939328657520e-16 5.803173605271769217e-16
5.941505280619887344e+04 -4.078353372216158558e-16 6.666038107448251405e-16
5.942878425485592015e+04 1.475861864833868402e-15 1.934898098910429944e-15
5.944600979942851700e+04 7.939641417904612194e-15 8.931407157128242033e-15
