59005.015390125270454 -0.0020463095696092167313 65.796625981936131211
59117.72590238981671 0.001144068278811305424 65.78657492173103094
59232.494167959992662 0.0030196349992551699245 65.909988108302854926
59337.990093203245866 0.0028888674778257391286 65.916841293812794333
59033.941267860052772 -0.0011453101628488206986 65.820269988561733498
59146.639698312560725 0.0017761111948893406358 65.912165524364269231
59257.408818032475669 0.002948247437620298662 65.735543782774229271
59368.910056823714019 0.0025901517961356128079 65.698557215371778284
58982.154322468337405 -0.0029040693576291776685 65.746679006740237128
59090.797135536889122 0.00032008365693575522052 65.741595218313165105
59225.458801332193993 0.0029299824350627920851 65.847603544721906133
59311.068235346588217 0.0030890510568375437755 65.965570487363109464
59428.766055624530246 0.0018329411666583561575 65.888995543376310593
58792.801938141875866 -0.0083522028948190989165 65.660535382865703014
59173.605843421261273 0.0022178484243344554655 65.811960260680862689
59284.305237464513141 0.003126109162496732087 65.902011334143367094
59399.825145509968763 0.0023022772774088961671 65.756676401394528853
