5.875554937308918306e+04
5.883345029684670590e+04
5.890314720728223620e+04
5.893717625949393550e+04
5.897704512639013410e+04
5.899999728998128558e+04
5.902591802188693691e+04
5.908469273203867488e+04
5.911161264182195009e+04
5.913968024141380738e+04
5.916955003687886347e+04
5.919534142898977734e+04
5.922528682091665542e+04
5.925236988236968318e+04
5.927513379010852805e+04
5.931104461944142531e+04
5.933796948959075235e+04
5.936888325559792429e+04
5.939980180530238431e+04
5.942874919853487518e+04
