5.875554937308918306e+04 -2.800598619225115385e-15 2.296903041925693994e-17
5.883345029684670590e+04 -2.832043760982680360e-15 2.032082286362145485e-18
5.890314720728223620e+04 -2.824889213463090086e-15 3.142159934481681759e-18
5.893717625949393550e+04 -2.817109916641875285e-15 2.046372578334879829e-18
5.897704512639013410e+04 -2.811732474085780404e-15 1.887462389536325884e-18
5.899999728998128558e+04 -2.811670209754745267e-15 1.817369937770560796e-18
5.902591802188693691e+04 -2.814132245403519930e-15 1.787300388017930691e-18
5.908469273203867488e+04 -2.824122246592549848e-15 2.138731248537270640e-18
5.911161264182195009e+04 -2.827388433044585259e-15 1.733049134009794215e-18
5.913968024141380738e+04 -2.828228660766215127e-15 1.117685081588169691e-18
5.916955003687886347e+04 -2.826025612028884667e-15 1.492865086252220502e-18
5.919534142898977734e+04 -2.822205942405330481e-15 2.060478286675947079e-18
5.922528682091665542e+04 -2.817025691904184728e-15 1.981819845615564377e-18
5.925236988236968318e+04 -2.813134149826064908e-15 1.435359836414160953e-18
5.927513379010852805e+04 -2.811261477913410032e-15 1.824156414547329172e-18
5.931104461944142531e+04 -2.811416234276385114e-15 3.269742239087082165e-18
5.933796948959075235e+04 -2.813383211690755113e-15 3.178873449842059214e-18
5.936888325559792429e+04 -2.815804712903439698e-15 3.842372730396598003e-18
5.939980180530238431e+04 -2.816131125088095315e-15 1.138080974168308705e-17
5.942874919853487518e+04 -2.812867793629130430e-15 2.264396742067701642e-17
