-2.767286305616200081e-15 -2.834820094725800001e-15 -2.826082329554599999e-15 -2.814783331293100153e-15 -2.808229913750099884e-15 -2.809209368584200037e-15 -2.813753360792799889e-15 -2.827404808799700085e-15 -2.830338168386299911e-15 -2.829553272329100188e-15 -2.825179728763499912e-15 -2.820160838552900050e-15 -2.815314904929299812e-15 -2.813436077035499899e-15 -2.813939250449899861e-15 -2.816654153401399966e-15 -2.817079816560200074e-15 -2.811485758013799929e-15 -2.796003457650800074e-15 -2.771980058524399902e-15
-2.822172945742599860e-15 -2.828989678857500149e-15 -2.823921139601400156e-15 -2.819110487414900132e-15 -2.814727054389200012e-15 -2.813746237544699920e-15 -2.814321044535699894e-15 -2.820664994624799859e-15 -2.824065604366099931e-15 -2.826420540851299823e-15 -2.826648836652899961e-15 -2.824690247017700016e-15 -2.820337448613500102e-15 -2.815454894270500021e-15 -2.811596735122700182e-15 -2.807887640680499804e-15 -2.808169302496699959e-15 -2.812202692007300089e-15 -2.819550212354000182e-15 -2.827939364262699904e-15
-2.825678007312199986e-15 -2.830109829711099989e-15 -2.825115969291000196e-15 -2.819481462979699953e-15 -2.813767994767900094e-15 -2.812216735233300057e-15 -2.812593381325900052e-15 -2.820514983155799834e-15 -2.825138208126999977e-15 -2.828528433233299971e-15 -2.829125064059400106e-15 -2.826686504821700105e-15 -2.820982254869099899e-15 -2.814598910293499861e-15 -2.809764100435800071e-15 -2.806112710159299870e-15 -2.808381021003399817e-15 -2.816974448848799983e-15 -2.830759923913900137e-15 -2.845676210801799819e-15
-2.787492387460899936e-15 -2.833787500102599940e-15 -2.825930066611599973e-15 -2.816442870783000007e-15 -2.810315018971500100e-15 -2.810635983621100114e-15 -2.814026001361500188e-15 -2.825931866351499981e-15 -2.829138704576899870e-15 -2.829166668283099842e-15 -2.825626738196799971e-15 -2.820749888069200173e-15 -2.815030545753100076e-15 -2.811573117965199835e-15 -2.810683759591999821e-15 -2.812788013996200195e-15 -2.815563633117699859e-15 -2.816988039769899928e-15 -2.813371227430999890e-15 -2.803646673943599993e-15
-2.763660291638100014e-15 -2.833224568401200104e-15 -2.830739974087399880e-15 -2.819276027399099815e-15 -2.810000132537800125e-15 -2.808975156178599830e-15 -2.811618714356399897e-15 -2.824499772259599851e-15 -2.828640198708400123e-15 -2.829412883863900109e-15 -2.826186941075499862e-15 -2.821227677052399846e-15 -2.815264608000099825e-15 -2.811734856175700100e-15 -2.811020490972499816e-15 -2.813730414348699864e-15 -2.816801244615999975e-15 -2.817604071432899893e-15 -2.811491223904799982e-15 -2.797248698698699865e-15
-2.802088067733099813e-15 -2.831586649296400107e-15 -2.825137288955799893e-15 -2.817505809214299930e-15 -2.811866207946800134e-15 -2.811529238538200009e-15 -2.813705916729600083e-15 -2.823678056866800006e-15 -2.827277580476199932e-15 -2.828551186036199924e-15 -2.826684732494600196e-15 -2.822878583100600126e-15 -2.817277509353199880e-15 -2.812636492086199980e-15 -2.809990480449399901e-15 -2.809093298447499901e-15 -2.810808442322200117e-15 -2.813896764270700085e-15 -2.816068670381300125e-15 -2.815445461939599971e-15
-2.788311796900699820e-15 -2.835255507907300192e-15 -2.827026509883500179e-15 -2.816518815340799820e-15 -2.809185613662400151e-15 -2.809116499823600070e-15 -2.812493277289099885e-15 -2.825860009620399865e-15 -2.829945661582100143e-15 -2.830578248842299937e-15 -2.827047030184799935e-15 -2.821591682256099843e-15 -2.814715333627599911e-15 -2.810151125418999834e-15 -2.808644357541999964e-15 -2.811038026025400038e-15 -2.815389193429100187e-15 -2.820044158246499871e-15 -2.820642050897900062e-15 -2.814867189853800050e-15
-2.822148240140200144e-15 -2.834206815487500006e-15 -2.819609837136199939e-15 -2.813245438542600128e-15 -2.811479263837900026e-15 -2.813420400604199805e-15 -2.817420596598900189e-15 -2.827019811748600096e-15 -2.828758664628200076e-15 -2.827834328784899848e-15 -2.824199830901899990e-15 -2.819857189390200014e-15 -2.814979054482500158e-15 -2.811992421388600023e-15 -2.811074371112499910e-15 -2.812526941272999957e-15 -2.815010824716200004e-15 -2.817560236026799825e-15 -2.817932067642200107e-15 -2.815234930474200160e-15
-2.773819483098199803e-15 -2.831411155050800060e-15 -2.829504334752400164e-15 -2.819779856862399884e-15 -2.811458244502700166e-15 -2.810141085676700016e-15 -2.811844548914300125e-15 -2.822280162313199858e-15 -2.826207850392000188e-15 -2.827726604555499875e-15 -2.826172966283199989e-15 -2.822920557940100001e-15 -2.818508697297599943e-15 -2.815388470231600154e-15 -2.814054087129999875e-15 -2.814156955696199838e-15 -2.814614064567000021e-15 -2.812920581582900146e-15 -2.806175240045599950e-15 -2.793931074236899965e-15
-2.823173229817399892e-15 -2.830093330508500129e-15 -2.819586811452299939e-15 -2.815149939394499963e-15 -2.813924068627700168e-15 -2.815284039258499865e-15 -2.818105319318400125e-15 -2.825057947384800051e-15 -2.826454052288500146e-15 -2.825967966466800096e-15 -2.823464064925100013e-15 -2.820269069057400106e-15 -2.816398263568899908e-15 -2.813656454550200088e-15 -2.812356619276599981e-15 -2.812370365038600064e-15 -2.813623612745900066e-15 -2.815401320593399823e-15 -2.816421506573900020e-15 -2.815957763429499931e-15
-2.780623559493400192e-15 -2.833836197347300006e-15 -2.822574296394800001e-15 -2.813250656705699888e-15 -2.809315487964299948e-15 -2.811228999374600058e-15 -2.816030442250699883e-15 -2.827691049916399885e-15 -2.829372186502799809e-15 -2.827707416353699930e-15 -2.823176256765800192e-15 -2.818645139273299998e-15 -2.814754114331600011e-15 -2.813636171653599975e-15 -2.814382647955099877e-15 -2.816388452074900094e-15 -2.815488644530999876e-15 -2.808109125063399911e-15 -2.791511108726300126e-15 -2.767977799006400173e-15
-2.817675127139799951e-15 -2.829191628959200025e-15 -2.824316156305500123e-15 -2.818444434707899885e-15 -2.813320457085599972e-15 -2.812526727275600002e-15 -2.813893466895100099e-15 -2.822974700923699854e-15 -2.827072428444499968e-15 -2.829209558388100156e-15 -2.828058071453400092e-15 -2.824227128259199998e-15 -2.817602437760999981e-15 -2.811369905366699806e-15 -2.807427112883500067e-15 -2.806174631056799834e-15 -2.810347629689399857e-15 -2.820236583058799951e-15 -2.833460882635599998e-15 -2.845737905854899955e-15
-2.835410395755600149e-15 -2.831382818267600074e-15 -2.822950115853499998e-15 -2.817894600541699820e-15 -2.813859004446200036e-15 -2.813291362428099822e-15 -2.814451098292699905e-15 -2.822058588536699906e-15 -2.825656267965400057e-15 -2.827732490997000124e-15 -2.827067703353700168e-15 -2.823966845096200197e-15 -2.818243225630699844e-15 -2.812607935837999977e-15 -2.808906655412399848e-15 -2.807673660320999983e-15 -2.811933068403699883e-15 -2.822617841301800054e-15 -2.837986008157699883e-15 -2.853764859129400052e-15
-2.775113733554200151e-15 -2.834000957047799810e-15 -2.829829654086600181e-15 -2.818737293490800047e-15 -2.809793919631500127e-15 -2.808789947029100173e-15 -2.811357366389199903e-15 -2.824232683113699915e-15 -2.828608570357700189e-15 -2.829726425542200060e-15 -2.826804986078600042e-15 -2.821909794600399918e-15 -2.815715198337399916e-15 -2.811789037909399933e-15 -2.810796675337499984e-15 -2.813762490032500021e-15 -2.818091790670000154e-15 -2.821885067486100160e-15 -2.820421481894299891e-15 -2.811537380552399854e-15
-2.841856960257500124e-15 -2.829655052304399983e-15 -2.820722266660899893e-15 -2.817025622579000024e-15 -2.814347986205400008e-15 -2.814101197290799900e-15 -2.815177947065499848e-15 -2.821854055422500047e-15 -2.825347807151099886e-15 -2.827828211879599915e-15 -2.828086701318100165e-15 -2.825892739662499818e-15 -2.820806508556500126e-15 -2.814867661382800149e-15 -2.810025189202300013e-15 -2.805336591246999929e-15 -2.806117475821800177e-15 -2.812861917185299883e-15 -2.825629862724599892e-15 -2.841292747533399942e-15
-2.802033761317099926e-15 -2.833656537288200127e-15 -2.824420198423699928e-15 -2.816252099409799884e-15 -2.811130631678200080e-15 -2.811420376628500164e-15 -2.814291852378200156e-15 -2.824646435899899889e-15 -2.827741537012200161e-15 -2.828282640434599838e-15 -2.825784027403699807e-15 -2.821834883021599811e-15 -2.816687730315699803e-15 -2.812921681160100085e-15 -2.811107455177900068e-15 -2.810964764084000113e-15 -2.812188089671300195e-15 -2.813117559034599805e-15 -2.811433046488000178e-15 -2.806205131750900037e-15
-2.793309157258299900e-15 -2.834281407809200067e-15 -2.823012303113200192e-15 -2.814284148803700020e-15 -2.810177039004300141e-15 -2.811615598428100105e-15 -2.815804862925900119e-15 -2.827049919880499870e-15 -2.829193338840299841e-15 -2.828196771431199846e-15 -2.824159494423099921e-15 -2.819564634920799904e-15 -2.814910315536900076e-15 -2.812700585315799976e-15 -2.812639640222500142e-15 -2.814733161394000157e-15 -2.815925946454599877e-15 -2.813781589848699880e-15 -2.805327914004499891e-15 -2.791032239192799958e-15
-2.808393320229299835e-15 -2.829692123475499921e-15 -2.824095629256700028e-15 -2.817678406765800011e-15 -2.812843768212999978e-15 -2.812526736967599910e-15 -2.814399514893599848e-15 -2.823237561191800155e-15 -2.826496756509299831e-15 -2.827667800968199810e-15 -2.825951205600399943e-15 -2.822424448805200153e-15 -2.817261047919799981e-15 -2.813137031118000038e-15 -2.811090087562400153e-15 -2.811702562861399905e-15 -2.815217109343200077e-15 -2.821197427820400037e-15 -2.826983046307300175e-15 -2.829920311079999868e-15
-2.776594920809700167e-15 -2.831414169787900182e-15 -2.829463300846700017e-15 -2.819956426246199886e-15 -2.811793272785400097e-15 -2.810500026455200085e-15 -2.812186455740900031e-15 -2.822488576564099856e-15 -2.826300730990399938e-15 -2.827622925461199886e-15 -2.825745554070699989e-15 -2.822127690684700095e-15 -2.817267753129300114e-15 -2.813851603623899861e-15 -2.812472400012300004e-15 -2.813137203679199836e-15 -2.814669228438300133e-15 -2.814922999620300190e-15 -2.810693760195299908e-15 -2.800944666170599829e-15
-2.805130693227800074e-15 -2.830279197317800010e-15 -2.823746086993999861e-15 -2.817380604362500133e-15 -2.813114401707700122e-15 -2.813128478154199881e-15 -2.815169740016000067e-15 -2.823298947276500063e-15 -2.826014343586300072e-15 -2.826858840622099811e-15 -2.825342306572500196e-15 -2.822493306524399974e-15 -2.818456886069899917e-15 -2.815178563737000149e-15 -2.813257442418899922e-15 -2.812092649710100147e-15 -2.812244095217399979e-15 -2.812286076856400046e-15 -2.810759809832899910e-15 -2.807015406146599902e-15
