5.890318509375930444e+04 -1.943036088770075158e-15 5.412335041646159917e-17
5.893720806118629116e+04 -1.925548260321680338e-15 9.388203323921005574e-18
5.897696330958326871e+04 -2.027322799587580624e-15 1.686935310133897354e-17
5.899991767092458758e+04 -1.873179734952564855e-15 1.356529831447948134e-16
5.902591716913737037e+04 -1.992272382403999861e-15 2.817406113174481321e-17
5.908467772645829245e+04 -1.870240959918145051e-15 7.023147205218979803e-17
5.911161451347517141e+04 -1.951937524917784890e-15 1.540522563930475712e-17
5.913967794450083602e+04 -2.007565950745445097e-15 3.832046991762592515e-17
5.916954348355058028e+04 -1.813489015373299620e-15 6.870790279430097317e-17
5.919543198786501307e+04 -1.971317504893449651e-15 6.588987170861090165e-17
5.922528765176527668e+04 -2.061618672453404751e-15 3.744649932994642687e-17
5.925236673061874171e+04 -1.667549626479689393e-15 1.281892382988739242e-16
