5.877465539495772828e+04
5.877555879372265190e+04
5.884929135569997743e+04
5.888147641180174105e+04
5.890324924021666811e+04
5.890847413511434570e+04
5.893727291322774545e+04
5.898210377501081530e+04
5.900496458674625319e+04
5.903386363614730362e+04
5.909072325174613070e+04
5.911764858414760965e+04
5.914054089011977339e+04
5.914656278660313546e+04
5.917352879822412797e+04
5.918359365357443312e+04
5.920240299972658977e+04
5.923241968342325708e+04
5.924066990480461391e+04
5.925733196492212301e+04
5.928422872417711187e+04
5.929941604734000430e+04
