-1.855836128606299899e-14 -1.853037232663599908e-14 -1.735553147052599939e-14 -1.742809216125399929e-14 -1.748555761442200055e-14 -1.749275628085699853e-14 -1.748110722971600010e-14 -1.740435115492400142e-14 -1.740098762074800028e-14 -1.743150521791200035e-14 -1.747051591067099926e-14 -1.747156467174699973e-14 -1.747962346369299868e-14 -1.748277034849799920e-14 -1.749241705742299978e-14 -1.749035748937500142e-14 -1.747518815609600016e-14 -1.744960028331200109e-14 -1.745616900238599895e-14 -1.751315656615200021e-14 -1.779477032872799983e-14 -1.807799305635700126e-14
-1.752443225025199950e-14 -1.752488000038899924e-14 -1.745171799654500132e-14 -1.745630407112700153e-14 -1.747064205287199945e-14 -1.747338006576499938e-14 -1.747330260170400156e-14 -1.742635394665399888e-14 -1.740729741710299899e-14 -1.741314209828799908e-14 -1.747956240221499989e-14 -1.748882232368399979e-14 -1.748039091772899949e-14 -1.747724855643400005e-14 -1.746902377199699914e-14 -1.747083272365900060e-14 -1.748185454671500081e-14 -1.750233418964900008e-14 -1.750252399629900023e-14 -1.748741917584799848e-14 -1.740708313280699890e-14 -1.733360911478000071e-14
-1.691344356848199882e-14 -1.692944676651900019e-14 -1.750762806366700140e-14 -1.748234939182899914e-14 -1.746885189123900102e-14 -1.746758663084199949e-14 -1.746572961102399903e-14 -1.743458183334399859e-14 -1.741097127258100020e-14 -1.740693254762499872e-14 -1.748514515171400052e-14 -1.749726090379800129e-14 -1.747977756120599858e-14 -1.747328693077000096e-14 -1.745535188292500117e-14 -1.745901878854199934e-14 -1.748376138017800142e-14 -1.753131214798300030e-14 -1.753000469029399862e-14 -1.748233937531699993e-14 -1.722310406894200126e-14 -1.696770777742599910e-14
-1.558689848136600061e-14 -1.563618275479199976e-14 -1.763209821539299928e-14 -1.753823790481199982e-14 -1.746154400637100023e-14 -1.745140003870999896e-14 -1.744897948925299909e-14 -1.746086684780900101e-14 -1.742482654422699935e-14 -1.738889917464599942e-14 -1.748767351127599888e-14 -1.751917676443300131e-14 -1.749214699586400051e-14 -1.747968409664400124e-14 -1.743601461951800032e-14 -1.743785435497999917e-14 -1.747880654013300072e-14 -1.757454038751799996e-14 -1.757352448565600097e-14 -1.747445041204099982e-14 -1.689143853030899926e-14 -1.628868633589800128e-14
-1.875393723098300125e-14 -1.872107647947400011e-14 -1.733505720549100065e-14 -1.741973516556099943e-14 -1.748812630423599957e-14 -1.749690651820700081e-14 -1.748554426390999909e-14 -1.739976996327799862e-14 -1.739745377492900136e-14 -1.743336703427199977e-14 -1.747153095189699981e-14 -1.746878900335400050e-14 -1.747705793765999995e-14 -1.748085656471799924e-14 -1.749428557646300146e-14 -1.749293789054799900e-14 -1.747651477505500135e-14 -1.744422942857100052e-14 -1.745003029742499868e-14 -1.751153014484399878e-14 -1.783147106225400125e-14 -1.815915751055899974e-14
-1.841651340982200156e-14 -1.839470451360200011e-14 -1.737435795998199873e-14 -1.741690480443700042e-14 -1.746978063464900062e-14 -1.747808697270200059e-14 -1.748023871083400077e-14 -1.741186905186600121e-14 -1.740117015004100132e-14 -1.742424511487900133e-14 -1.747511283242000079e-14 -1.747711329609099928e-14 -1.747870802307800030e-14 -1.747980521811600019e-14 -1.748513119643300052e-14 -1.748515582401700070e-14 -1.747934153928599911e-14 -1.746603730928500074e-14 -1.746913660968899901e-14 -1.750059456415999943e-14 -1.767094522066100134e-14 -1.785242169813899862e-14
-1.722602120804399847e-14 -1.723312841069499862e-14 -1.747919583231199953e-14 -1.747482371769499848e-14 -1.747340351678500020e-14 -1.747328548385100004e-14 -1.746782127022599887e-14 -1.742962738237700087e-14 -1.741049560818700122e-14 -1.741162542690700036e-14 -1.748041824383599914e-14 -1.749366920155200049e-14 -1.748383575220399898e-14 -1.747952765911500051e-14 -1.746504357079000125e-14 -1.746556107559899979e-14 -1.747798803298699914e-14 -1.750883653764899943e-14 -1.751100410569900098e-14 -1.749258339591399883e-14 -1.736689584103300054e-14 -1.723711925221499883e-14
-1.936626700124399931e-14 -1.931880378423800137e-14 -1.727925027335600129e-14 -1.738897273513600132e-14 -1.748727817337699913e-14 -1.750079779425800090e-14 -1.749397412135899968e-14 -1.738916458251700064e-14 -1.739022578190300007e-14 -1.743885641600900141e-14 -1.747100830937400119e-14 -1.746041023289699940e-14 -1.747247875626999950e-14 -1.747875907112999850e-14 -1.750330793728300094e-14 -1.750295730137399890e-14 -1.747987345048599902e-14 -1.742492685526199993e-14 -1.742906848885299950e-14 -1.750796074164700005e-14 -1.795606152186399851e-14 -1.842681521262300116e-14
-1.890523650485300065e-14 -1.887012478551899925e-14 -1.732574287399400124e-14 -1.740125402752800039e-14 -1.747677467872800137e-14 -1.748776623570500071e-14 -1.748673085641700156e-14 -1.740314652656900118e-14 -1.739838001991600062e-14 -1.743228092645500026e-14 -1.747114030693000114e-14 -1.746867271216999959e-14 -1.747710911992199889e-14 -1.748098366602499897e-14 -1.749482199762999934e-14 -1.749352570387899875e-14 -1.747677355766899998e-14 -1.744315020612700082e-14 -1.744887335108800018e-14 -1.751185284332699902e-14 -1.784349732588600146e-14 -1.818557651508700012e-14
-1.835347676436599879e-14 -1.833200625844300092e-14 -1.737509565083400136e-14 -1.742714904481899997e-14 -1.747792201560800138e-14 -1.748522780275299907e-14 -1.748181221541399851e-14 -1.741121660562200062e-14 -1.740109362068200087e-14 -1.742384758246100124e-14 -1.747399549330700152e-14 -1.747831199603100043e-14 -1.748172458521799971e-14 -1.748299528964999855e-14 -1.748662854801799899e-14 -1.748505332511900104e-14 -1.747576685895199844e-14 -1.746063018128499984e-14 -1.746511360987500150e-14 -1.750269476282799886e-14 -1.769115098064999867e-14 -1.788451163035599921e-14
-1.958164067508500045e-14 -1.952804500151800029e-14 -1.725814687021999869e-14 -1.738424449874599853e-14 -1.749184185581899886e-14 -1.750622847816299850e-14 -1.749611559002000079e-14 -1.738392576096200091e-14 -1.738831713455099914e-14 -1.744263501374099918e-14 -1.747013194041800023e-14 -1.745765368195099986e-14 -1.747246229787700048e-14 -1.747979457448499843e-14 -1.750680215545199996e-14 -1.750529286214800000e-14 -1.747669329225200126e-14 -1.741501225626500092e-14 -1.742211897969400102e-14 -1.752049788205999923e-14 -1.805360335896199861e-14 -1.860427104608500036e-14
-1.965785330783999937e-14 -1.960486774613299971e-14 -1.725530716852699914e-14 -1.736205806996799897e-14 -1.747575954839299872e-14 -1.749294794349600037e-14 -1.749899663577100068e-14 -1.739103127247999988e-14 -1.738910664180200017e-14 -1.743778982378899964e-14 -1.747099809818899984e-14 -1.745927826117500151e-14 -1.747185051234800032e-14 -1.747854263974200042e-14 -1.750504651845300094e-14 -1.750479054590100153e-14 -1.747998302884400002e-14 -1.741969418542700143e-14 -1.742369438863899931e-14 -1.750825836306900077e-14 -1.799553853597499896e-14 -1.851091375478800013e-14
-1.512506961158300120e-14 -1.518758013866899891e-14 -1.767699118395099950e-14 -1.754786015167500128e-14 -1.745159968472900013e-14 -1.743967571413600029e-14 -1.744432308942300077e-14 -1.747090898966500146e-14 -1.742776925998200029e-14 -1.738116206214700154e-14 -1.749302827761299890e-14 -1.752683186144000062e-14 -1.749101964539900116e-14 -1.747551703137800054e-14 -1.742433740278800002e-14 -1.742875059924799995e-14 -1.748344605628899917e-14 -1.760055142286599847e-14 -1.759540113762599894e-14 -1.745846756631799993e-14 -1.669524727707600005e-14 -1.591882304280899843e-14
-1.737507439859200096e-14 -1.737936891335399915e-14 -1.746906571031200047e-14 -1.746186691503799909e-14 -1.746688246776300021e-14 -1.746831846448399909e-14 -1.746835209295900026e-14 -1.742974811009799942e-14 -1.741020487218500063e-14 -1.741198211221899926e-14 -1.747981123912800037e-14 -1.749225776592100101e-14 -1.748326583422200147e-14 -1.747940328666699976e-14 -1.746692574392500109e-14 -1.746768296652300024e-14 -1.747908284038899945e-14 -1.750561257202699902e-14 -1.750711282499299895e-14 -1.749049665242000155e-14 -1.738431046973599920e-14 -1.727814362618099942e-14
-1.936013294760500129e-14 -1.931316230532999908e-14 -1.728155503741300090e-14 -1.738525331245599855e-14 -1.748287478022400017e-14 -1.749672793313999950e-14 -1.749390214000100121e-14 -1.739311734015100000e-14 -1.739225512683900124e-14 -1.743686758157999858e-14 -1.746962686608800052e-14 -1.746241003414000089e-14 -1.747560519084000046e-14 -1.748173482702199969e-14 -1.750372686944499919e-14 -1.750211146548299948e-14 -1.747747307580899877e-14 -1.742533086841900060e-14 -1.743162298815299982e-14 -1.751615311653700070e-14 -1.797326799595399852e-14 -1.844614981901799933e-14
-1.944701040730700120e-14 -1.939946800493199863e-14 -1.727324565279099894e-14 -1.737033300156899961e-14 -1.747594921898099884e-14 -1.749213530620999858e-14 -1.749884822996599879e-14 -1.739398421882399881e-14 -1.738848999506299870e-14 -1.743284709594499915e-14 -1.747438099022400059e-14 -1.746470448733700039e-14 -1.747306977785699919e-14 -1.747807082615199989e-14 -1.749853394688300078e-14 -1.749820273148700096e-14 -1.747790344762400030e-14 -1.743026649383799977e-14 -1.743527838426900035e-14 -1.751187040212399876e-14 -1.794084082672499870e-14 -1.839305145003499929e-14
-1.868015101033499950e-14 -1.865091744124100148e-14 -1.734705562185199918e-14 -1.740990491860099922e-14 -1.747525260673399875e-14 -1.748491858074399957e-14 -1.748436333300999993e-14 -1.740663356542699892e-14 -1.739901224088499927e-14 -1.742790248195299892e-14 -1.747313669056099880e-14 -1.747380905023499931e-14 -1.747968772758499963e-14 -1.748228465413800036e-14 -1.749104316342799955e-14 -1.748943940354499869e-14 -1.747564116332599920e-14 -1.744920113448999848e-14 -1.745391930209399849e-14 -1.750447629697100120e-14 -1.777057144891600029e-14 -1.804603137638699896e-14
-1.746576337524899943e-14 -1.746695271855200150e-14 -1.745686977676900012e-14 -1.746430147509199848e-14 -1.747437605339500144e-14 -1.747591133318899957e-14 -1.747082058745799913e-14 -1.742488854028499976e-14 -1.740794783970299898e-14 -1.741482200785300113e-14 -1.747963824437999921e-14 -1.748927417639100035e-14 -1.748140518744499893e-14 -1.747830756545599894e-14 -1.746927538125199936e-14 -1.747039060576100008e-14 -1.747999186164599924e-14 -1.750008138931100013e-14 -1.750097471013299959e-14 -1.748848231377299877e-14 -1.741414573251400026e-14 -1.734309900586800093e-14
-1.903765853617799935e-14 -1.899632054249500070e-14 -1.730631678967799935e-14 -1.741659736350999905e-14 -1.749682498972500002e-14 -1.750635010863200017e-14 -1.748788108570700110e-14 -1.739175812305500069e-14 -1.739542316777500124e-14 -1.744006381842799954e-14 -1.746857281979699933e-14 -1.746268915655999919e-14 -1.747613787528800090e-14 -1.748197631484200063e-14 -1.750148611998600111e-14 -1.749913015235500066e-14 -1.747487295122799942e-14 -1.742872099129800076e-14 -1.743665084353399873e-14 -1.752085194945400132e-14 -1.795324704566700096e-14 -1.839094385858700015e-14
-1.774184437698099893e-14 -1.773654768998800011e-14 -1.743317684461199993e-14 -1.744862911897000153e-14 -1.747148352733400021e-14 -1.747525699636200113e-14 -1.747420806605299911e-14 -1.742246604648699965e-14 -1.740617569553799993e-14 -1.741638661112199884e-14 -1.747861502876199968e-14 -1.748690635816099943e-14 -1.748135210723799876e-14 -1.747918404808799861e-14 -1.747277869380100019e-14 -1.747320434961199958e-14 -1.747849525850499932e-14 -1.749212137863200128e-14 -1.749504717555399875e-14 -1.749822335626000016e-14 -1.749767739498599974e-14 -1.749913198373999869e-14
