5.877465539495772828e+04 -1.815383931761149967e-14 1.244212875126893041e-15
5.877555879372265190e+04 -1.813769782912594691e-14 1.212232875678441730e-15
5.884929135569997743e+04 -1.739367030991124923e-14 1.161311976702071996e-16
5.888147641180174105e+04 -1.743424359249115255e-14 4.943717207804869821e-17
5.890324924021666811e+04 -1.747613628106919989e-14 1.033872090091774919e-17
5.890847413511434570e+04 -1.748228323411029897e-14 1.692928215908611290e-17
5.893727291322774545e+04 -1.747915256101124669e-14 1.482767636351503326e-17
5.898210377501081530e+04 -1.741397049311970028e-14 2.297170458763909791e-17
5.900496458674625319e+04 -1.740238018923200224e-14 1.081927285464510280e-17
5.903386363614730362e+04 -1.742235800741155462e-14 1.635568569253715798e-17
5.909072325174613070e+04 -1.747620216543999809e-14 6.501157082901028070e-18
5.911764858414760965e+04 -1.747998029695339911e-14 1.884781921348479909e-17
5.914054089011977339e+04 -1.747943546344715090e-14 5.366311239433317564e-18
5.914656278660313546e+04 -1.747953665845349484e-14 2.351560728575945831e-18
5.917352879822412797e+04 -1.748109910769464647e-14 2.272214770678471705e-17
5.918359365357443312e+04 -1.748111250795774495e-14 2.117469642160673921e-17
5.920240299972658977e+04 -1.747847259067345423e-14 2.474490829604703225e-18
5.923241968342325708e+04 -1.747360951096069576e-14 5.093548764463502212e-17
5.924066990480461391e+04 -1.747686346859764821e-14 4.797231487319565899e-17
5.925733196492212301e+04 -1.750011799405319932e-14 1.579763659662460915e-17
5.928422872417711187e+04 -1.761774340498225060e-14 3.675589816685619414e-16
5.929941604734000430e+04 -1.774220785334690057e-14 7.295109261602623648e-16
