58787.8381041074555 -0.002735726994900454095 90.624202012301935838
58864.447752398956847 -0.008742399230419954581 72.06502654943575692
58897.482938824029066 -0.010292205516998385915 60.45062460765896617
59123.562556268024132 -0.014135437121344775524 65.796840544388800254
59232.643106681869551 -0.0084523096040964195189 63.939030951338047259
59297.469327444740006 -0.003217728469758066584 61.794246105462704577
59335.327372761066883 0.0014573493286385209643 64.294113462159671712
59400.189062224197979 0.011057672457463165928 66.357530766327556648
59414.760581845221655 0.013206586780904889086 69.40547782022706258
59454.905198816136501 0.018860396571988360421 60.907127555460704116
59494.908573623931311 0.023669849382141079972 62.197772288430385856
59564.744865358455844 0.030074347736532163049 71.907163582533556223
