5.893722091262707545e+04 -8.823970277790176051e-14 1.698139154957688951e-17
5.897701752186829981e+04 -8.812809538111408422e-14 1.530396569619997954e-17
5.899997094668960199e+04 -8.811075192241254477e-14 2.133545774112553865e-17
5.902596337251691148e+04 -8.819583392125408501e-14 1.428761000735966769e-17
5.908473664145149814e+04 -8.830655420447188207e-14 1.256199346199407361e-17
5.911165671596110042e+04 -8.824518932312693518e-14 1.029266210809387431e-17
5.913972454549418762e+04 -8.818169901414715349e-14 1.353975393319351494e-17
5.916959574324903951e+04 -8.814873325141538794e-14 7.064458859739721804e-18
5.919546179728674178e+04 -8.814742101714555640e-14 1.241375135109686419e-17
5.922533000721400458e+04 -8.818521853262115314e-14 6.666778722061892276e-18
5.925241321787899506e+04 -8.825995717624235164e-14 1.282205996734659120e-17
5.927517605806692882e+04 -8.832372006305214562e-14 7.702364280230004287e-18
5.931105377105287334e+04 -8.832166964973596210e-14 1.487740795238467916e-17
5.933797868621700036e+04 -8.822149572841654383e-14 7.341334532833608540e-18
5.936889270140574081e+04 -8.811962184050735703e-14 1.740624260824421849e-17
5.939981176880565181e+04 -8.812601050124360559e-14 6.837044361192930810e-18
5.942875965270643064e+04 -8.811183957052229975e-14 2.459264250589963925e-17
5.945565333938682306e+04 -8.795492409113131041e-14 1.868988849920818823e-17
5.948761349103639077e+04 -8.799249925809738784e-14 3.838713797353329871e-17
