59000.039812050353031 -0.00027709399439385653448 165.81585120468994887
59117.812289082743394 -1.2390694572686172537e-05 168.81631841023263974
59232.577464034034314 0.00012673916419958026258 160.69938607505869754
59338.011814374101288 3.548550786631941446e-05 169.58547143742794105
59034.025281023946761 -0.00031398439469632504495 163.64555203019054375
59146.726065393903198 -0.00028690798220297114472 176.12167874446734572
59257.491448575945711 0.00011925190662180298236 171.87863394022082275
59368.932494592079191 -2.0227338474336856891e-05 163.36358343226299894
58977.087346721658587 0.00011621852542365111041 159.98976802644384065
59090.883028060052752 4.9888787800194680437e-05 198.75207718293489734
59225.50191082499542 0.00028133541926571714867 190.27786966711761352
59311.089906430292313 0.00013428385358157594877 165.16671629209903926
59428.790226639758721 4.3844518575722002096e-05 158.65979718848478797
58786.857594455954569 -1.4250092051208521104e-05 156.7324966327165896
59173.691448453656097 0.00011425442622650395412 174.36686977599015336
59284.387428396597528 -9.9578453195773189949e-05 169.40965420340731384
59399.848294016902717 0.00019809001717553892166 161.83281113964142151
