5.890314720728230895e+04 -2.817344620674979465e-15 5.268304274510998947e-18
5.893717625949382636e+04 -2.824220112698690344e-15 1.551024892292748073e-17
5.897704512639016320e+04 -2.821634988755135236e-15 6.663045728865247992e-18
5.899999728998128558e+04 -2.815846521051274723e-15 4.866159632977524064e-18
5.902591802188687871e+04 -2.810155801899414810e-15 8.649213220996744829e-18
5.908469273203902412e+04 -2.817607415016000187e-15 5.110914348773518796e-18
5.911161264182225568e+04 -2.827969754102190427e-15 8.069755284926168587e-18
5.913968024141360365e+04 -2.835527115727769421e-15 4.639904679471782771e-18
5.916955003687863064e+04 -2.834224455635990034e-15 5.579641576754603488e-18
5.919534142898985738e+04 -2.825254267404634928e-15 9.582994668363571767e-18
5.922528682091644441e+04 -2.811721927303725007e-15 6.106672238699429725e-18
5.925236988236962497e+04 -2.804304129844804512e-15 5.022123413477103170e-18
5.927513379010868084e+04 -2.805348375236740328e-15 1.054381955988816732e-17
5.931104461944157083e+04 -2.818148662845015115e-15 6.391927149054217801e-18
5.933796948959065048e+04 -2.826622877804775269e-15 1.162812015570164615e-17
5.936888325559785881e+04 -2.819602635291515484e-15 1.737470517813686523e-17
