5.877471204151470738e+04
5.888155252966475382e+04
5.898219124091432604e+04
5.900505010875817243e+04
5.903399326554637810e+04
5.909085363662248710e+04
5.911777920596392505e+04
5.912291862490696076e+04
5.914669323282797268e+04
5.917365890904989647e+04
5.918366100564323278e+04
5.920758272813791700e+04
5.923254838931174163e+04
5.925746051023762993e+04
5.928052719766607333e+04
5.928435719174654514e+04
5.931108557963211933e+04
5.933435396294586826e+04
5.933800739753760718e+04
5.936892767244495917e+04
5.939984291289065732e+04
5.940716810420477850e+04
5.941505280618339020e+04
5.942878425485669868e+04
5.944600979942998674e+04
