5.877471204151470738e+04 -2.207246860492386364e-15 6.283769835906711653e-14
5.888155252966475382e+04 -7.095156385529029612e-15 2.289494783731052370e-14
5.898219124091432604e+04 3.282266315581670591e-16 1.914858689189284056e-15
5.900505010875817243e+04 -5.777587756103649227e-16 9.063757473578275922e-17
5.903399326554637810e+04 -6.367388733277179990e-16 2.105043228121239150e-16
5.909085363662248710e+04 -4.553906475562774080e-16 4.566216689749731169e-17
5.911777920596392505e+04 -6.063780396412934707e-16 1.383323166533032382e-16
5.912291862490696076e+04 -5.909530152497074289e-16 1.220426719262741782e-16
5.914669323282797268e+04 -4.035780145373035017e-16 3.909129241182467707e-17
5.917365890904989647e+04 -3.259491617685594953e-16 5.162406044539071656e-17
5.918366100564323278e+04 -3.842073703591835217e-16 2.194443318785982842e-17
5.920758272813791700e+04 -5.649384142948269372e-16 6.765235572043880297e-17
5.923254838931174163e+04 -5.378613960155696416e-16 3.866208771174796942e-17
5.925746051023762993e+04 -3.482104954864170100e-16 6.215152032092915782e-17
5.928052719766607333e+04 -3.572270065090920314e-16 8.214666386783148572e-17
5.928435719174654514e+04 -3.857170315967479783e-16 8.208950338591809567e-17
5.931108557963211933e+04 -6.567242889882330025e-16 1.055903073080455637e-16
5.933435396294586826e+04 -7.186888025039090699e-16 1.883523939919777152e-16
5.933800739753760718e+04 -7.046303498856074868e-16 1.762285566253501700e-16
5.936892767244495917e+04 -5.449327397164593911e-16 3.135746013117332914e-16
5.939984291289065732e+04 -5.493369712174655239e-16 2.356886880421875312e-16
5.940716810420477850e+04 -4.892971250624832150e-16 4.357794580037036646e-16
5.941505280618339020e+04 -3.502114607178176782e-16 8.712237872643419973e-16
5.942878425485669868e+04 1.026223455495747170e-16 2.180603237645666896e-15
5.944600979942998674e+04 8.591911299234841980e-16 6.262496245926819448e-15
