5.877471204151541315e+04 -6.337243072515111661e-15 1.217038906532884644e-14
5.888155252966465196e+04 4.429334250303182474e-16 1.446182553791789213e-15
5.898219124091452977e+04 -6.965045023311680437e-16 2.002554767445168841e-16
5.900505010875854350e+04 -5.751063788513650294e-16 9.663010677249945426e-17
5.903399326554646541e+04 -4.675671413184163729e-16 2.949065708328759615e-17
5.909085363662268355e+04 -5.099105712177100816e-16 2.207589020870618103e-17
5.911777920596387412e+04 -4.821636449473665732e-16 1.911194837039082136e-17
5.914669323282770347e+04 -4.184891031859084790e-16 1.991287451622044306e-17
5.917365890904840489e+04 -4.057496823958740033e-16 1.165253195400552038e-17
5.918366100564312364e+04 -4.188805622022430826e-16 1.130465187728180388e-17
5.920758272813563235e+04 -4.689560493068261014e-16 1.716314460509094799e-17
5.923254838931169070e+04 -4.970197577044621784e-16 1.533395186525344905e-17
5.925746051023698965e+04 -4.662787639898450541e-16 2.236900615067833887e-17
5.928435719174634141e+04 -4.234266626980470002e-16 2.181812817308337155e-17
5.931108557963064231e+04 -4.855718638897914568e-16 4.806556637854160671e-17
5.933800739753795642e+04 -6.749905152344909305e-16 3.869763522684839133e-17
5.936892767244465358e+04 -7.907959673274281846e-16 1.186016786425842005e-16
5.939984291289094836e+04 -3.616286197464374975e-16 6.951394970142903858e-17
5.942878425485608022e+04 5.786660121984786481e-16 1.194814188004953039e-15
