-4.559010411013800003e-14 5.045225048666599698e-15 -1.283137100434799926e-15 -8.082030018581400211e-16 -3.958983767232099783e-16 -5.561654980765999766e-16 -5.096245828859300319e-16 -3.839402240698799831e-16 -3.856304530775999948e-16 -4.198394831498200084e-16 -5.079880097749100387e-16 -5.091478114277600427e-16 -4.206502948068699766e-16 -4.044796052745299941e-16 -5.857825223073299579e-16 -7.465751474551400251e-16 -4.791012541282000399e-16 -3.959442297405699847e-16 -3.050314078321199977e-15
-1.603246519407300092e-14 1.629709429382600097e-15 -8.472432159792199940e-16 -6.312991860483499669e-16 -4.458403751390699598e-16 -5.318025529580899671e-16 -4.931291457471899632e-16 -4.023161810206599861e-16 -3.921636527654000039e-16 -4.137330551429700068e-16 -4.845002753122500136e-16 -5.117026597492599958e-16 -4.578247875191700479e-16 -4.064211264333199835e-16 -5.041461408177099652e-16 -7.230201152254499795e-16 -7.595428211500599980e-16 -2.586246273844400173e-16 1.853569110779299936e-16
-3.133387797124999805e-15 -5.919912039888199837e-17 -5.918284396059699727e-16 -5.026196993770799555e-16 -4.662653481121299620e-16 -5.182465621537699523e-16 -4.696392970672600000e-16 -4.061726227732299838e-16 -4.066800480993699830e-16 -4.236437275880900132e-16 -4.750666372395500390e-16 -4.951276351022300160e-16 -4.579602361019899801e-16 -4.199907213884200083e-16 -4.955316869604499849e-16 -6.933923716596200475e-16 -7.974064206895100155e-16 -3.124007211680100143e-16 7.778599871537400414e-16
-1.459188435736800067e-15 -7.814160359962000606e-17 -6.489023533379499677e-16 -5.868163751994699879e-16 -5.003660901472399979e-16 -4.942669674631699546e-16 -4.748432016061699654e-16 -4.249048260524099964e-16 -4.086972766047799983e-16 -4.179554318264699926e-16 -4.634088438768400393e-16 -5.019649063639699692e-16 -4.860514316734500009e-16 -4.337435771509199976e-16 -4.552430293350100027e-16 -6.234156729163000152e-16 -8.087890994276099604e-16 -4.335972787995000180e-16 8.534764980169299566e-16
-1.012966014604200063e-14 7.843737024806200418e-16 -7.163714670624200145e-16 -5.594288076201399842e-16 -4.462183837076600369e-16 -5.192242756028900072e-16 -4.870409771881899510e-16 -4.181441562455299863e-16 -4.064246501376099872e-16 -4.198871849663500231e-16 -4.670518208942299774e-16 -4.889215968867399988e-16 -4.605118780226399922e-16 -4.360726305031199780e-16 -5.090053040547000089e-16 -6.624384632541700103e-16 -7.123987512827200053e-16 -4.477658319228400138e-16 -2.519266481595700005e-16
-3.963867198323000211e-16 2.363332313156700045e-16 -8.184799541199400173e-16 -7.115927156179800218e-16 -4.833370438412899625e-16 -4.682566089304000246e-16 -5.096866220267199631e-16 -4.565977836555800243e-16 -3.980691645224199893e-16 -3.970509152710800159e-16 -4.488349706060799902e-16 -5.237974537608399512e-16 -5.170571467977700100e-16 -4.068194278160700160e-16 -3.678186266622299946e-16 -5.989536617458799682e-16 -9.879834321550700821e-16 -4.707593292431299721e-16 1.941723458050600155e-15
-1.133884768114899924e-14 1.204079863142600038e-15 -8.354090321120200405e-16 -6.763234417669999964e-16 -4.848224318793900240e-16 -5.055776959649400277e-16 -4.872608476091500476e-16 -4.171705166768699791e-16 -3.997511885938200069e-16 -4.144266037418600218e-16 -4.726353171301300212e-16 -5.032176239163799890e-16 -4.592447769648699645e-16 -3.989334784985799920e-16 -4.712379117196100041e-16 -7.035020532489100486e-16 -8.469285642881999588e-16 -3.577553780849800147e-16 6.167652429192700360e-16
-1.278034091235499943e-14 1.210970369856400066e-15 -7.901727053767499943e-16 -5.844349779913599652e-16 -4.270397268786499933e-16 -5.310107825481400213e-16 -4.961707149412100461e-16 -4.081486336568100225e-16 -3.950642777590000185e-16 -4.145838341913799766e-16 -4.814585435069400273e-16 -5.089792480115699632e-16 -4.567547797787899954e-16 -3.997132539202300171e-16 -4.850866722143600406e-16 -7.058039624238400424e-16 -7.841830003860700126e-16 -2.998781241171899972e-16 3.429970760759799823e-16
-5.217809248932199865e-15 2.059122040674300106e-16 -6.257342265810899920e-16 -5.076100794321299618e-16 -4.500150546277599746e-16 -5.271102186976999619e-16 -4.797269438228200119e-16 -4.062687728758800107e-16 -4.019379402228700239e-16 -4.197551673413599965e-16 -4.765750734685600127e-16 -4.999907217011299619e-16 -4.588868386673700004e-16 -4.146088973878100239e-16 -4.924658472990499625e-16 -6.992693346677900072e-16 -7.996456386828499742e-16 -2.990295967024899973e-16 7.305797832027700206e-16
-4.395303056784100141e-15 -8.800050988879900595e-17 -5.449102867897599909e-16 -4.729559442604800155e-16 -4.786706726616699656e-16 -5.241208538564199679e-16 -4.599717577613500487e-16 -4.013314370697300118e-16 -4.105335724324900083e-16 -4.270700676908399910e-16 -4.684942984916400281e-16 -4.796193568944400068e-16 -4.577917146665800268e-16 -4.590826109380199879e-16 -5.432262283813899927e-16 -6.656963560246800412e-16 -6.551727166553799982e-16 -3.572452254628000007e-16 -7.806775160872700502e-17
-3.240053761421300135e-15 3.498759846703899873e-17 -6.280055633774500175e-16 -5.358799018909800151e-16 -4.732436891772599848e-16 -5.103500776004700011e-16 -4.696527048059899702e-16 -4.094208762925500181e-16 -4.098620666412500028e-16 -4.273823677634400228e-16 -4.817223447116600367e-16 -5.021554630199000491e-16 -4.550587861113400101e-16 -3.976038471995599966e-16 -4.664823747564899838e-16 -6.937032985216099857e-16 -8.559564746830800152e-16 -3.454641458526099777e-16 9.678915659160999783e-16
-7.764666122304799838e-15 5.586004406025499698e-16 -7.035589798473700325e-16 -5.766213311157399631e-16 -4.685220707560700190e-16 -5.053940391088100072e-16 -4.764373586440300362e-16 -4.192853511644799878e-16 -4.129515290772499790e-16 -4.263335268543500112e-16 -4.709252758154899948e-16 -4.900240106943000408e-16 -4.597005015718600454e-16 -4.333281538262300154e-16 -5.095503626317300096e-16 -6.787830460681500105e-16 -7.338089524340500229e-16 -3.306389492561999896e-16 3.106472357078100167e-16
-6.619382092951000170e-16 2.473318800665399977e-16 -8.062789432599299755e-16 -6.864826106576699720e-16 -4.640670788150600200e-16 -4.789630145102600100e-16 -5.209203835056899966e-16 -4.615656604802699739e-16 -3.963461183473800175e-16 -3.928993816277100009e-16 -4.387157868045299971e-16 -5.088931563034600145e-16 -5.052264758626100037e-16 -4.150246311974699904e-16 -4.084409097181200014e-16 -6.567626227028000339e-16 -9.940841083545000720e-16 -3.279623112281599780e-16 2.246650900682100186e-15
-7.999533165071900201e-15 1.022947299270599959e-15 -8.671002176217099856e-16 -6.786677679353099636e-16 -4.424479413798700199e-16 -5.035109134718000217e-16 -5.131185999292899590e-16 -4.308070066319199961e-16 -3.876842412846699892e-16 -3.984388830733200218e-16 -4.680317669192900157e-16 -5.262354615853999679e-16 -4.873810083336700382e-16 -3.883548627723800151e-16 -4.261399479805300035e-16 -7.047933685569400443e-16 -9.478686155919399345e-16 -2.051466611044100009e-16 1.856711887159699808e-15
-8.960778333042200212e-15 3.980551772416600186e-16 -5.953807799280399906e-16 -4.854638724418000086e-16 -4.662123421014300085e-16 -5.245120187775500291e-16 -4.577564509757999516e-16 -4.002518162628400070e-16 -4.206928314229499847e-16 -4.414555216508100166e-16 -4.848020411969599867e-16 -4.812183325362200183e-16 -4.389823546103200243e-16 -4.354575151346600194e-16 -5.369360254223100098e-16 -6.718396723344799692e-16 -6.604830009860700062e-16 -5.038859113318299577e-16 -8.098185176623399653e-16
-1.680016955629099995e-15 -2.099998298275900035e-16 -5.844076232272900142e-16 -5.351068796383299563e-16 -4.999690198763299760e-16 -5.048695454731000410e-16 -4.675767752877700349e-16 -4.199163276531700142e-16 -4.144308883735299864e-16 -4.242962614195000229e-16 -4.585675593617599758e-16 -4.770806660834000040e-16 -4.599080992993299571e-16 -4.443465420114099695e-16 -5.116335766107799539e-16 -6.729338761101399543e-16 -7.669393931436699760e-16 -3.730734456446199929e-16 6.036642566651300193e-16
2.029022140811699950e-16 -4.584670051729699610e-16 -5.449978831284199758e-16 -5.060920128177300376e-16 -4.954739328486500191e-16 -5.087777184156499558e-16 -4.635710498909900384e-16 -4.110219790505200228e-16 -4.080877745545199888e-16 -4.206613409006099760e-16 -4.636971878684500432e-16 -4.900159302888800412e-16 -4.719682288409799976e-16 -4.421923329964000104e-16 -4.912848642883899550e-16 -6.510014959649599568e-16 -7.740755383585700414e-16 -3.831347374540999907e-16 7.425820206500500413e-16
-2.868920867857499856e-15 -5.811681824158400458e-17 -6.120441669563700369e-16 -5.184762681556999789e-16 -4.611080414088300141e-16 -5.099112171487699514e-16 -4.787317249403499631e-16 -4.223034395882500085e-16 -4.132568807481199902e-16 -4.251408013195799926e-16 -4.688437950875400416e-16 -4.936001190058500270e-16 -4.686321520292599668e-16 -4.328113661482200091e-16 -4.861909464411799918e-16 -6.531657649692299821e-16 -7.652274842823500334e-16 -3.733521383030799772e-16 5.992365616872200220e-16
2.582704050335999999e-14 -3.424508921645699831e-15 -1.946761353398199992e-16 -3.827550273875999816e-16 -5.387251792473199632e-16 -4.579276058927000126e-16 -4.528449026604800281e-16 -4.599081867601299639e-16 -4.375960910553599754e-16 -4.275870551858899939e-16 -4.249388107776999786e-16 -4.636120796154200278e-16 -5.001046229600399520e-16 -4.755681363615100201e-16 -4.437657022723300051e-16 -5.883574687689300207e-16 -9.397905131979300319e-16 -4.083089192632499837e-16 2.869141547576799981e-15
-9.125403450954099365e-15 6.565760648211999724e-16 -6.914509725370400238e-16 -5.552976758143100463e-16 -4.631000270394399947e-16 -5.182132577029699653e-16 -4.755688576509499773e-16 -4.103062657374599981e-16 -4.091330021970899906e-16 -4.254706333394300188e-16 -4.728626272920099952e-16 -4.850909211420900321e-16 -4.458791651779900077e-16 -4.239805370020800099e-16 -5.214685979221300483e-16 -7.064025520708000441e-16 -7.465335666707299637e-16 -3.486048328645400220e-16 1.181623071792800052e-16
