5.877469993882605195e+04
5.883357564195313171e+04
5.890324152767632768e+04
5.893726491562504089e+04
5.898204265758326801e+04
5.900490534351013048e+04
5.902598631923006906e+04
5.908475988161462737e+04
5.911168024003575556e+04
5.913974820068773261e+04
5.916961973165441304e+04
5.919550426309830800e+04
5.922535384207909374e+04
5.925243679219486512e+04
5.927519938747984270e+04
5.931106313027365832e+04
5.933798786391535396e+04
5.936890178671454487e+04
5.939982103234963870e+04
5.942876913887295086e+04
