5.877469993882605195e+04 -7.533081330691480252e-15 4.611763672269877442e-19
5.883357564195313171e+04 -7.532951746391135642e-15 3.928105236981831344e-19
5.890324152767632768e+04 -7.532826561624448805e-15 3.060703207098137254e-19
5.893726491562504089e+04 -7.532775233214989380e-15 2.619992830682149423e-19
5.898204265758326801e+04 -7.532716229000169829e-15 2.030486784096329700e-19
5.900490534351013048e+04 -7.532689449630635441e-15 1.729025854193998918e-19
5.902598631923006906e+04 -7.532666546658219562e-15 1.454122027362998159e-19
5.908475988161462737e+04 -7.532610453425801104e-15 7.620909322425267839e-20
5.911168024003575556e+04 -7.532587891890713398e-15 5.822159827652615710e-20
5.913974820068773261e+04 -7.532565966590480829e-15 6.326518414691132710e-20
5.916961973165441304e+04 -7.532544001837938617e-15 9.033233842613400701e-20
5.919550426309830800e+04 -7.532525759351436551e-15 1.210165291026428716e-19
5.922535384207909374e+04 -7.532505217498582687e-15 1.592452819322291768e-19
5.925243679219486512e+04 -7.532486663835581411e-15 1.948500484836870262e-19
5.927519938747984270e+04 -7.532470866485279684e-15 2.249120272692496608e-19
5.931106313027365832e+04 -7.532445072126256690e-15 2.719702510324319742e-19
5.933798786391535396e+04 -7.532424558125932533e-15 3.067657749142864374e-19
5.936890178671454487e+04 -7.532399305609953574e-15 3.459098107528082471e-19
5.939982103234963870e+04 -7.532371747780960546e-15 3.840027339905810386e-19
5.942876913887295086e+04 -7.532343418955241902e-15 4.185522134060101466e-19
