-7.532978806817199278e-15 -7.532863758873699908e-15 -7.532757202887899341e-15 -7.532715442023599297e-15 -7.532669409736400053e-15 -7.532649392434000297e-15 -7.532632792916000455e-15 -7.532594531545000222e-15 -7.532580218681300451e-15 -7.532566915077099921e-15 -7.532554122429399458e-15 -7.532543802124599662e-15 -7.532532339709900072e-15 -7.532521948046200605e-15 -7.532512938143000193e-15 -7.532497670576299625e-15 -7.532484899191899944e-15 -7.532468337339900490e-15 -7.532449229643000698e-15 -7.532428566554200611e-15
-7.533047356389400289e-15 -7.532936774241500259e-15 -7.532834300614899513e-15 -7.532794038868499668e-15 -7.532749470161600599e-15 -7.532729973670900756e-15 -7.532713717481600416e-15 -7.532675715742800051e-15 -7.532661178325400743e-15 -7.532647411447299745e-15 -7.532633870299400702e-15 -7.532622690218800063e-15 -7.532609995786099836e-15 -7.532598266585300087e-15 -7.532587973541300698e-15 -7.532570395999500152e-15 -7.532555664300700310e-15 -7.532536619981499378e-15 -7.532514789990100314e-15 -7.532491369599099312e-15
-7.532979544683100049e-15 -7.532864525463499830e-15 -7.532757990865299281e-15 -7.532716235369199275e-15 -7.532670205010400490e-15 -7.532650186438100338e-15 -7.532633584398899464e-15 -7.532595309208400391e-15 -7.532580986712000570e-15 -7.532567670890799554e-15 -7.532554862843399839e-15 -7.532544527232500715e-15 -7.532533044957200739e-15 -7.532522633277700391e-15 -7.532513605123399877e-15 -7.532498306243400524e-15 -7.532485509371499797e-15 -7.532468916259400759e-15 -7.532449775266700064e-15 -7.532429079266299578e-15
-7.532908459766900131e-15 -7.532789730264299885e-15 -7.532680035705399377e-15 -7.532637238144800082e-15 -7.532590348001800664e-15 -7.532570116609300726e-15 -7.532553454374700594e-15 -7.532515700641200698e-15 -7.532501954392700628e-15 -7.532489463060799591e-15 -7.532477780654900573e-15 -7.532468624610099340e-15 -7.532458733972400164e-15 -7.532449976689500601e-15 -7.532442490403200344e-15 -7.532429893831800366e-15 -7.532419338547099999e-15 -7.532405535738500493e-15 -7.532389407742300026e-15 -7.532371724727800633e-15
-7.532970954234500065e-15 -7.532849313186900483e-15 -7.532735199295899323e-15 -7.532689881402899740e-15 -7.532639335507599833e-15 -7.532617096876200199e-15 -7.532598503912500457e-15 -7.532554989890600362e-15 -7.532538434495799759e-15 -7.532522911122399819e-15 -7.532507895886500769e-15 -7.532495771744099674e-15 -7.532482375989699414e-15 -7.532470371301700007e-15 -7.532460112844699586e-15 -7.532443082678300332e-15 -7.532429156831100148e-15 -7.532411452427299953e-15 -7.532391401423899313e-15 -7.532370038892099837e-15
-7.532914571451000312e-15 -7.532796738872299913e-15 -7.532687989788699764e-15 -7.532645603527199689e-15 -7.532599200302800624e-15 -7.532579192631600505e-15 -7.532562721272899424e-15 -7.532525419040899939e-15 -7.532511838801300083e-15 -7.532499492571599894e-15 -7.532487932746599723e-15 -7.532478856065299743e-15 -7.532469025720100714e-15 -7.532460294043499917e-15 -7.532452807810599233e-15 -7.532440171549100113e-15 -7.532429554588100310e-15 -7.532415647478000077e-15 -7.532399379711099413e-15 -7.532381534134999873e-15
-7.532967803134899527e-15 -7.532852003842599606e-15 -7.532744752335700526e-15 -7.532702731631200083e-15 -7.532656439758200193e-15 -7.532636326595199749e-15 -7.532619660881300197e-15 -7.532581328211899613e-15 -7.532567038529300371e-15 -7.532553796398900261e-15 -7.532541110809799365e-15 -7.532530917728199692e-15 -7.532519641313000247e-15 -7.532509454335200784e-15 -7.532500642488499502e-15 -7.532485734224799238e-15 -7.532473269692099806e-15 -7.532457098236499730e-15 -7.532438420407200602e-15 -7.532418194164100663e-15
-7.533101083368700215e-15 -7.532995668352999562e-15 -7.532898337825300695e-15 -7.532860178968100382e-15 -7.532817948617200566e-15 -7.532799452845700297e-15 -7.532784001379600353e-15 -7.532747634758700478e-15 -7.532733543083299714e-15 -7.532720036102700393e-15 -7.532706541029200708e-15 -7.532695208521399730e-15 -7.532682117094999575e-15 -7.532669823711599454e-15 -7.532658907507500699e-15 -7.532640075150999861e-15 -7.532624185016099618e-15 -7.532603586145700078e-15 -7.532579966551099950e-15 -7.532554663373500204e-15
-7.532958832627699868e-15 -7.532842530857199813e-15 -7.532734840636699447e-15 -7.532692669358100774e-15 -7.532646244500499314e-15 -7.532626092302499802e-15 -7.532609407983700764e-15 -7.532571111693900357e-15 -7.532556881951300343e-15 -7.532543731062499440e-15 -7.532531174518100586e-15 -7.532521119573500153e-15 -7.532510032326699284e-15 -7.532500044173599589e-15 -7.532491419039599706e-15 -7.532476840370600005e-15 -7.532464650944099345e-15 -7.532448823569899871e-15 -7.532430518892199389e-15 -7.532410667152799377e-15
-7.532982812125200620e-15 -7.532867702071200150e-15 -7.532761007986600143e-15 -7.532719154891000734e-15 -7.532672977267799625e-15 -7.532652875570699957e-15 -7.532636192312000602e-15 -7.532597668675399785e-15 -7.532583222203600140e-15 -7.532569770799100406e-15 -7.532556811801000265e-15 -7.532546340210100052e-15 -7.532534695615299764e-15 -7.532524131979299758e-15 -7.532514972972600349e-15 -7.532499462751900371e-15 -7.532486503575200543e-15 -7.532469720877400242e-15 -7.532450387446000780e-15 -7.532429509315899919e-15
-7.532954041365400220e-15 -7.532837498523600278e-15 -7.532729605814800727e-15 -7.532687369311199214e-15 -7.532640892939099999e-15 -7.532620729596499603e-15 -7.532604044114400520e-15 -7.532565790705699992e-15 -7.532551603162100232e-15 -7.532538511211300057e-15 -7.532526033955099372e-15 -7.532516061332499955e-15 -7.532505084436800545e-15 -7.532495210408900628e-15 -7.532486691265900139e-15 -7.532472297739500424e-15 -7.532460261442199533e-15 -7.532444624252500391e-15 -7.532426524515399435e-15 -7.532406877358500273e-15
-7.532900832774900711e-15 -7.532780889884299290e-15 -7.532669905759400308e-15 -7.532626542556700681e-15 -7.532578977546099855e-15 -7.532558433526199330e-15 -7.532541502863600239e-15 -7.532503104895400455e-15 -7.532489116392400648e-15 -7.532476408827700170e-15 -7.532464537740300148e-15 -7.532455253229500499e-15 -7.532445255261399732e-15 -7.532436438702699734e-15 -7.532428930763499227e-15 -7.532416352366099242e-15 -7.532405852717999361e-15 -7.532392157998600439e-15 -7.532376185012900472e-15 -7.532358689162600708e-15
-7.533022391711600032e-15 -7.532917393604599542e-15 -7.532821839630199820e-15 -7.532785045624599537e-15 -7.532745096570799631e-15 -7.532727973335999686e-15 -7.532713908957500760e-15 -7.532682005075900642e-15 -7.532670238736999911e-15 -7.532659335309300266e-15 -7.532648803568500715e-15 -7.532640192051300285e-15 -7.532630405844700638e-15 -7.532621257855999404e-15 -7.532613086700699880e-15 -7.532598753931600312e-15 -7.532586371152600189e-15 -7.532569922708299964e-15 -7.532550572278099731e-15 -7.532529359813299763e-15
-7.532980531274499741e-15 -7.532861548900799256e-15 -7.532750377606899638e-15 -7.532706401808300273e-15 -7.532657514458900650e-15 -7.532636071838400090e-15 -7.532618180652399850e-15 -7.532576450381900648e-15 -7.532560622526999315e-15 -7.532545794875000715e-15 -7.532531447387299668e-15 -7.532519839606200246e-15 -7.532506965802900613e-15 -7.532495365197199521e-15 -7.532485394392799851e-15 -7.532468719765800744e-15 -7.532454981436700545e-15 -7.532437407629299681e-15 -7.532417396242599409e-15 -7.532395988188699451e-15
-7.535082204832399952e-15 -7.534651468380699701e-15 -7.534142367297899908e-15 -7.533894598914399397e-15 -7.533569956513999865e-15 -7.533405002011399265e-15 -7.533253470113900525e-15 -7.532834373888299914e-15 -7.532644318423700581e-15 -7.532447606033099334e-15 -7.532240010408799846e-15 -7.532061696280700744e-15 -7.531858003396499442e-15 -7.531675088416800578e-15 -7.531522819918200689e-15 -7.531285763362500012e-15 -7.531110184384300556e-15 -7.530911227103599870e-15 -7.530715151864500666e-15 -7.530534302622399787e-15
-7.532972648092299377e-15 -7.532865477885599250e-15 -7.532768207292000509e-15 -7.532730920246999710e-15 -7.532690672729299790e-15 -7.532673551375899971e-15 -7.532659581200000704e-15 -7.532628406600699536e-15 -7.532617201749899605e-15 -7.532607033845800732e-15 -7.532597450842799895e-15 -7.532589797474999451e-15 -7.532581269784899313e-15 -7.532573402727099471e-15 -7.532566407895900398e-15 -7.532554107570300274e-15 -7.532543389609799522e-15 -7.532528993306000420e-15 -7.532511838870599936e-15 -7.532492805654100330e-15
-7.533007925363099351e-15 -7.532890036918599664e-15 -7.532779691770699434e-15 -7.532735930571900638e-15 -7.532687134510400045e-15 -7.532665654512800472e-15 -7.532647678590100718e-15 -7.532605458885300070e-15 -7.532589283677000315e-15 -7.532574012753399984e-15 -7.532559103978899662e-15 -7.532546936554499577e-15 -7.532533334799499503e-15 -7.532520999081299879e-15 -7.532510357004100080e-15 -7.532492529014699901e-15 -7.532477850674000461e-15 -7.532459122749200263e-15 -7.532437880913300724e-15 -7.532415255663400762e-15
-7.532954228615099748e-15 -7.532847480235499220e-15 -7.532751003502700781e-15 -7.532714216419500092e-15 -7.532674734594600558e-15 -7.532658049764499746e-15 -7.532644508449699824e-15 -7.532614656912900026e-15 -7.532604117289900128e-15 -7.532594679980799460e-15 -7.532585913679200266e-15 -7.532578998641499482e-15 -7.532571355210599630e-15 -7.532564318568199592e-15 -7.532558040678599282e-15 -7.532546901659100172e-15 -7.532537078195100110e-15 -7.532523729464799384e-15 -7.532507641238800573e-15 -7.532489619673700626e-15
-7.532976894766699272e-15 -7.532864859422300405e-15 -7.532761847082199363e-15 -7.532721790714699629e-15 -7.532677959465300153e-15 -7.532659042735199853e-15 -7.532643441671499462e-15 -7.532607867300099424e-15 -7.532594730782900598e-15 -7.532582612546199385e-15 -7.532571031531699525e-15 -7.532561716525900708e-15 -7.532551358593699488e-15 -7.532541915356299651e-15 -7.532533661135100122e-15 -7.532519503741000542e-15 -7.532507498406199880e-15 -7.532491741879099744e-15 -7.532473357588299263e-15 -7.532453295147999530e-15
-7.532964690434999973e-15 -7.532859528040499471e-15 -7.532764728789800292e-15 -7.532728673946899755e-15 -7.532690061810600378e-15 -7.532673777941600290e-15 -7.532660579638100108e-15 -7.532631544461000540e-15 -7.532621307896400118e-15 -7.532612137893800106e-15 -7.532603600647899657e-15 -7.532596837302999685e-15 -7.532589314355300782e-15 -7.532582336253500169e-15 -7.532576070076400131e-15 -7.532564879997800045e-15 -7.532554962441800200e-15 -7.532541447053600238e-15 -7.532525130021100686e-15 -7.532506838639300508e-15
