5.855727900889401644e+04 -6.623147197613535369e-14 6.251001234619545898e-14
5.879038456808323099e+04 -4.884486643520845047e-14 2.084788842522984717e-14
5.897700052627093100e+04 -5.851016520151084219e-14 1.350557348542969257e-15
5.899995429031520325e+04 -5.848459206832285218e-14 3.043421738843122311e-16
5.902595770527167770e+04 -5.857098805519138038e-14 1.693562927919691867e-16
5.908473069335757464e+04 -5.877411045587271126e-14 8.113629905576175853e-17
5.911165067162513878e+04 -5.885302526682659817e-14 4.542429437056296298e-17
5.913971832474363327e+04 -5.892607146545344433e-14 5.468566940776220486e-17
5.916958944816868461e+04 -5.896667064183923871e-14 4.158627887401939858e-17
5.919539722629539756e+04 -5.897261490125689476e-14 4.061818275283618340e-17
5.922532380058833223e+04 -5.898464844854612224e-14 5.448218801877875770e-17
5.925240707597901201e+04 -5.901957677258550370e-14 3.214721906439780587e-17
5.927517015448302118e+04 -5.904310830481025192e-14 7.501219408579312437e-17
5.931105262991895142e+04 -5.899360184759566205e-14 4.370673639540910506e-17
5.933797763358922384e+04 -5.890084406474645270e-14 1.047781618355781399e-16
5.936889169371845492e+04 -5.885399472451575222e-14 1.140680978281705198e-16
5.939981068589292408e+04 -5.886412312141029745e-14 8.893576998633342259e-17
5.942875842163779453e+04 -5.851168684909999706e-14 1.809570294746426464e-15
