-5.838860167842200397e-14 -4.108633079478000272e-14 -5.866390663023100190e-14 -5.849114017950000582e-14 -5.855131276990899932e-14 -5.878470858124300272e-14 -5.884808221199300298e-14 -5.891588699518400289e-14 -5.896731771931299395e-14 -5.897937514554700523e-14 -5.898538068263300461e-14 -5.901449263947599888e-14 -5.904097541320199866e-14 -5.899870177366499697e-14 -5.889966874297599974e-14 -5.885058425312499704e-14 -5.887814193099300147e-14 -5.843054815933200439e-14
-9.413194110853999944e-14 -5.556252578435099861e-14 -5.800675483693800252e-14 -5.837292184626399655e-14 -5.862790101593799840e-14 -5.874809525696199677e-14 -5.883980322378399452e-14 -5.894282502596000059e-14 -5.897857837869600532e-14 -5.896175261726800310e-14 -5.897140830588699976e-14 -5.902869339131700536e-14 -5.906106457723499565e-14 -5.898105829491599370e-14 -5.887900408233100204e-14 -5.888414892057099798e-14 -5.887083518727700560e-14 -5.814363911602100456e-14
-3.932184721453399726e-14 -2.474919243771199937e-14 -5.952433941328900222e-14 -5.866795121139099418e-14 -5.844912926993900544e-14 -5.882887906841099601e-14 -5.887019790430700223e-14 -5.888956003685600351e-14 -5.894992843506400038e-14 -5.899800620731199619e-14 -5.900526144753599493e-14 -5.899762721909000386e-14 -5.901225121508299939e-14 -5.902546950322100145e-14 -5.894012020802600625e-14 -5.879106482640700400e-14 -5.884974253753500096e-14 -5.912316896610799422e-14
-8.695357305940600199e-14 8.024620326942999676e-15 -5.944109894289599481e-14 -5.855137844824300161e-14 -5.847153353375800311e-14 -5.881186486534500538e-14 -5.883233950767800084e-14 -5.889888089428100114e-14 -5.898223911377800071e-14 -5.899254855884999695e-14 -5.896872719788499661e-14 -5.900092358793399894e-14 -5.905586040110500190e-14 -5.901130072405600577e-14 -5.886289583266799583e-14 -5.885668456156299702e-14 -5.894426089586799597e-14 -5.761588569044200105e-14
-7.968190133006700060e-14 -6.676328947561000042e-14 -5.878402126505300278e-14 -5.862357350317500493e-14 -5.853218621701399595e-14 -5.879683767350699391e-14 -5.888878676999700031e-14 -5.891220795961800045e-14 -5.893551216090200197e-14 -5.898199383291799716e-14 -5.902104523734500198e-14 -5.901151647076700545e-14 -5.899549986563900524e-14 -5.901294770928600536e-14 -5.898409127387399663e-14 -5.877407983550299660e-14 -5.875907239543900510e-14 -6.026279713866100476e-14
-3.111998172206200131e-14 -3.173080998760199713e-14 -5.960477184487699576e-14 -5.870585845709400134e-14 -5.843582435420799610e-14 -5.883874742718400472e-14 -5.887792294656800138e-14 -5.887976920193399783e-14 -5.894130277559999399e-14 -5.900853982451399484e-14 -5.902304801948399746e-14 -5.899275423384899830e-14 -5.898858835978200127e-14 -5.902535005729999708e-14 -5.896924068675299447e-14 -5.877575811390800265e-14 -5.881962039043299884e-14 -5.963059477537899563e-14
-2.195834065195400141e-14 -7.899258695795799975e-14 -5.871115393844300352e-14 -5.861620341566900136e-14 -5.853162071874100579e-14 -5.880299245556100413e-14 -5.889061511489900305e-14 -5.890537506502699522e-14 -5.893123675798799378e-14 -5.898782549897700509e-14 -5.902950503323599373e-14 -5.900914890140899808e-14 -5.898547897090800528e-14 -5.901266784163399452e-14 -5.899388981077199966e-14 -5.877379254467799605e-14 -5.875684516138599737e-14 -6.028720139772799864e-14
-9.937292541066599953e-14 -5.953051718013900178e-14 -5.781166648670500054e-14 -5.834091537345700132e-14 -5.865445808402300140e-14 -5.873520099028299772e-14 -5.883743583077599398e-14 -5.895336705552400348e-14 -5.898255160057200584e-14 -5.895355877752399641e-14 -5.896427059979800413e-14 -5.903433058926900367e-14 -5.907039712897000374e-14 -5.897195763761700377e-14 -5.886602283654800372e-14 -5.890505505459399502e-14 -5.888208184059000619e-14 -5.791390845344799532e-14
-4.645469514454199977e-14 -6.069809144191500002e-14 -5.876810618956299654e-14 -5.858767433155900384e-14 -5.853288673542499668e-14 -5.879451201783900052e-14 -5.887925515724399676e-14 -5.891489775207400537e-14 -5.894438808488700403e-14 -5.897922387302900581e-14 -5.900978335487199427e-14 -5.901539429355900426e-14 -5.901292821214100061e-14 -5.900318137926800589e-14 -5.894847303145899768e-14 -5.880811121387100513e-14 -5.881161698852300457e-14 -5.948823001129200496e-14
-9.297489791920800471e-14 -4.831199228452000174e-14 -5.795551268226200502e-14 -5.835574366196499852e-14 -5.864635920554299784e-14 -5.873220025809500590e-14 -5.883411895844999895e-14 -5.895808717306600340e-14 -5.898724806635100214e-14 -5.894739756918699737e-14 -5.895517136152399764e-14 -5.904213025733099795e-14 -5.908936711455300152e-14 -5.896193165999100511e-14 -5.883273753465699738e-14 -5.893400893845599916e-14 -5.892480937256399991e-14 -5.727637642182700414e-14
-7.732639710129199534e-14 -7.120118180825500409e-14 -5.744402383733199733e-14 -5.828000928276799645e-14 -5.869950234595100551e-14 -5.871374545374100167e-14 -5.883247125661399466e-14 -5.896845048081299519e-14 -5.898714133579900332e-14 -5.894000971003300504e-14 -5.895512239574800477e-14 -5.904811105041299941e-14 -5.909066459897599937e-14 -5.895689218446599700e-14 -5.883768434644700244e-14 -5.893527525245599805e-14 -5.890798711539900455e-14 -5.745063797562100099e-14
1.999306299108099913e-14 -5.814423578501600352e-14 -5.937815593229399884e-14 -5.872235008507499557e-14 -5.845981628897599947e-14 -5.883179677200999568e-14 -5.889193142156400016e-14 -5.888588832833599807e-14 -5.893132062000099709e-14 -5.900437805734399850e-14 -5.903314482478600072e-14 -5.899601784931600408e-14 -5.897794204218300184e-14 -5.902560856554499535e-14 -5.899032276330200289e-14 -5.875678524976499839e-14 -5.878612875860399783e-14 -6.007537317395900222e-14
-4.887253041351500140e-14 -4.037553370701600276e-14 -5.890413132677500359e-14 -5.855029046823299594e-14 -5.852130571841899449e-14 -5.880105844118300549e-14 -5.885811016520299895e-14 -5.890506707387400582e-14 -5.895732678491399806e-14 -5.898664570465400573e-14 -5.899890844247600280e-14 -5.901171987218299939e-14 -5.902688186696900398e-14 -5.900356410059799434e-14 -5.891858578618800356e-14 -5.882986816646099674e-14 -5.885742183369799678e-14 -5.877995117481299573e-14
-1.673179093277899870e-14 -5.802576289713799596e-14 -5.900545093282300127e-14 -5.863117636134800055e-14 -5.850228699074999535e-14 -5.881207998890299439e-14 -5.888524450845499532e-14 -5.890343616473599903e-14 -5.893683837866800256e-14 -5.898474207879499573e-14 -5.901729502595599614e-14 -5.901242523786600307e-14 -5.900575685940800361e-14 -5.900754777928100274e-14 -5.895507186726199730e-14 -5.879887447624599402e-14 -5.881434701884500097e-14 -5.953327768320599672e-14
-1.845745105795900147e-14 -2.360169723175100045e-14 -5.998827013429099865e-14 -5.878281287932400442e-14 -5.839110967509099431e-14 -5.885693796811099547e-14 -5.888748117222799517e-14 -5.887028968016899690e-14 -5.893493530552100318e-14 -5.901477058528399405e-14 -5.902863825700700273e-14 -5.898573360243599721e-14 -5.897916045923199777e-14 -5.903618289203500027e-14 -5.898260693482500219e-14 -5.875705816118999966e-14 -5.881422738112900202e-14 -5.980245347921500280e-14
-5.265576665077099785e-14 -4.390901987437400075e-14 -5.891758372236399772e-14 -5.857081579390299643e-14 -5.852151792793400089e-14 -5.879895279012000168e-14 -5.886246002048100003e-14 -5.890804643539999730e-14 -5.895744042121499620e-14 -5.898693123583299687e-14 -5.899703374075399507e-14 -5.900433678488000047e-14 -5.901968032094700360e-14 -5.901572781822199568e-14 -5.893761919161999880e-14 -5.881064007835399661e-14 -5.883265987031100309e-14 -5.908839029862000463e-14
-8.587989612054299719e-14 -6.227446750332499472e-14 -5.778936080355700598e-14 -5.835140787863599410e-14 -5.866308412381999852e-14 -5.872720069870999953e-14 -5.883736304209000165e-14 -5.895888079388599502e-14 -5.898474319401000509e-14 -5.895069275940999411e-14 -5.896196864621799823e-14 -5.903759951042399538e-14 -5.907549899624799627e-14 -5.896750862530699926e-14 -5.885632936544599843e-14 -5.891156509299599808e-14 -5.889583542967300195e-14 -5.778625095523600472e-14
-5.800342677648899833e-14 -3.364173055908300282e-14 -5.895412294057399713e-14 -5.856405288483699945e-14 -5.852441802899399495e-14 -5.878659959723699382e-14 -5.885797837913200279e-14 -5.892142883418299456e-14 -5.896782887343999656e-14 -5.897805612559999857e-14 -5.898284356818400032e-14 -5.901224901761499717e-14 -5.904071156095300530e-14 -5.900074262780000090e-14 -5.890036212537899450e-14 -5.885211928073700438e-14 -5.887269039273899693e-14 -5.833131448417099712e-14
-3.295350357448899689e-14 -4.354628696051099963e-14 -5.917251861554300490e-14 -5.862582239956999479e-14 -5.848387946010999813e-14 -5.881629927359599500e-14 -5.887154127932600306e-14 -5.889592213121799567e-14 -5.894915122474700087e-14 -5.899697705679000447e-14 -5.900966842923599507e-14 -5.899698526296400078e-14 -5.900193320131299910e-14 -5.902372917530800492e-14 -5.896000010705600618e-14 -5.878833149153000226e-14 -5.881919249906400620e-14 -5.946334214779799813e-14
-3.033830346465500064e-13 -8.277669636005599976e-14 -5.337835355440699694e-14 -5.729974290444600584e-14 -5.921962863928500456e-14 -5.846349953941299479e-14 -5.867736646574300187e-14 -5.913316222692999615e-14 -5.912638360531899630e-14 -5.881887280626900493e-14 -5.877474440035699684e-14 -5.913934567961199918e-14 -5.933152493135800163e-14 -5.882996660239700114e-14 -5.850215476734000381e-14 -5.928608897790400241e-14 -5.918494542813599846e-14 -5.175039547912299983e-14
