59428.749198535319135 0.0015446569975530095941 79.122341280622876525
58937.176259493802426 -0.0014271424973049783752 74.052762273632296797
59275.133790108518944 0.00095349397989455323871 72.693853526046538605
58833.450296846675698 -0.0020613043369246095779 70.396927753440607489
58999.997289981336635 -0.00104122279916557442 70.777600649549256673
58903.147207282608772 -0.001625690654111768195 75.987315666213561371
59084.692732038894299 -0.00063804016864651357065 75.435665578876381687
58977.045126390206274 -0.0011928047491351633725 71.087493231438614316
59252.369882369658477 0.00071599512041762221669 76.191494456756686304
59225.286820916460687 0.00048261195279592388911 78.026548870167786731
59169.550036878510735 -6.3287271005753691562e-05 81.274943630831671726
59399.801805302895165 0.0014242234806646736433 80.139837779036540155
59025.918021886903293 -0.00083437814212326625973 72.221395629794471915
59111.612641822152082 -0.00049993016017153548991 75.351865881929668944
59139.680241413749119 -0.00048276792539686860528 71.509704811554456683
59311.044619441261897 0.001028147619828616276 71.94798960911668928
59337.969489590687367 0.0013065208274053475553 73.479026071902467265
58755.549373089046792 -0.0019766662051326690919 72.399916434322534542
59195.341428989980987 9.8282949343475936948e-05 78.194539026958750583
59368.883255598006457 0.0015143905974020193017 76.125238157551194718
