-5.962417656721500378e-15 -5.963618140243699645e-15 -5.963771613206000119e-15 -5.963966569080100210e-15 -5.964349483402200170e-15 -5.964529375971800140e-15 -5.964720527821000048e-15 -5.964896290247200048e-15 -5.965225200997899755e-15 -5.965268730352000218e-15 -5.965420446562499684e-15 -5.965579570862700136e-15 -5.965732570899400376e-15 -5.965880574800600139e-15 -5.966042579224899726e-15 -5.966195303096800346e-15 -5.966329243491000002e-15
-5.962397802213700304e-15 -5.963595558833199901e-15 -5.963748909260300240e-15 -5.963943775973700231e-15 -5.964326730343500236e-15 -5.964506741371100362e-15 -5.964698091164400131e-15 -5.964874103681300157e-15 -5.965203670143400032e-15 -5.965247305901699709e-15 -5.965399431813900027e-15 -5.965559055073700140e-15 -5.965712608633400230e-15 -5.965861225199999955e-15 -5.966024000148999979e-15 -5.966177563171399805e-15 -5.966312348660900017e-15
-5.962398362359200075e-15 -5.963597452607700200e-15 -5.963750949968999888e-15 -5.963945996687499832e-15 -5.964329283524799891e-15 -5.964509441182700170e-15 -5.964700940011899868e-15 -5.964877083263799720e-15 -5.965206877358199810e-15 -5.965250541488900364e-15 -5.965402762882200109e-15 -5.965562480256600080e-15 -5.965716117986400338e-15 -5.965864809435399822e-15 -5.966027658012599906e-15 -5.966181281155499802e-15 -5.966316110514500009e-15
-5.962396211100999661e-15 -5.963593697585899916e-15 -5.963747032375599857e-15 -5.963941884772599889e-15 -5.964324828954800096e-15 -5.964504843493299833e-15 -5.964696203010399676e-15 -5.964872230127400075e-15 -5.965201839499400351e-15 -5.965245482566199703e-15 -5.965397637171000327e-15 -5.965557296259199837e-15 -5.965710890389000229e-15 -5.965859552587099667e-15 -5.966022385755900152e-15 -5.966176012986899718e-15 -5.966310863812599814e-15
-5.968468689287799780e-15 -5.965970333514699683e-15 -5.965640453006200171e-15 -5.965217284497800127e-15 -5.964371271113600321e-15 -5.963966199114600320e-15 -5.963529741387200208e-15 -5.963122364888500153e-15 -5.962342062127300093e-15 -5.962236813619899884e-15 -5.961865874451500216e-15 -5.961469263804599972e-15 -5.961079545604199914e-15 -5.960693462407999885e-15 -5.960258669383199701e-15 -5.959834554255599711e-15 -5.959448390105400227e-15
-5.962399765862599734e-15 -5.963598345320199840e-15 -5.963751770932100298e-15 -5.963946724452099820e-15 -5.964329821347800076e-15 -5.964509886468599848e-15 -5.964701284498499662e-15 -5.964877332679700239e-15 -5.965206942081300155e-15 -5.965250581048800379e-15 -5.965402713261000081e-15 -5.965562334457099834e-15 -5.965715876844099814e-15 -5.965864473012499913e-15 -5.966027213287200101e-15 -5.966180729729800264e-15 -5.966315460989399913e-15
-5.962409935452600069e-15 -5.963610048439300110e-15 -5.963763552397199839e-15 -5.963958570850599767e-15 -5.964341683402899716e-15 -5.964521704090899954e-15 -5.964713017463600079e-15 -5.964888952443800338e-15 -5.965218252555800319e-15 -5.965261840404399967e-15 -5.965413774295699607e-15 -5.965573151563799844e-15 -5.965726421144700148e-15 -5.965874713386799947e-15 -5.966037069192099882e-15 -5.966190164751699711e-15 -5.966324470329299996e-15
-5.962401072134000309e-15 -5.963599593925099893e-15 -5.963753000674200148e-15 -5.963947926799199822e-15 -5.964330958701400303e-15 -5.964510988070699629e-15 -5.964702344308700326e-15 -5.964878350454299776e-15 -5.965207871179500233e-15 -5.965251497358599618e-15 -5.965403582907599705e-15 -5.965563151417500289e-15 -5.965716639138799810e-15 -5.965865178227700252e-15 -5.966027850550100347e-15 -5.966181296741999738e-15 -5.966315960373999964e-15
-5.962417587530799893e-15 -5.963619143157299631e-15 -5.963772739018300245e-15 -5.963967847089400019e-15 -5.964351048015599669e-15 -5.964531069695400013e-15 -5.964722354855099652e-15 -5.964898236277500161e-15 -5.965227360132700391e-15 -5.965270916712900060e-15 -5.965422725928199885e-15 -5.965581944457600385e-15 -5.965735031640799810e-15 -5.965883116310200198e-15 -5.966045204663800162e-15 -5.966198002708999783e-15 -5.966332003474899643e-15
-5.962416880466299755e-15 -5.963618413909099983e-15 -5.963772013932600105e-15 -5.963967129367299910e-15 -5.964350351496600001e-15 -5.964530386271600234e-15 -5.964721687618899986e-15 -5.964897586082600358e-15 -5.965226747786800140e-15 -5.965270309999399620e-15 -5.965422140091100241e-15 -5.965581382731599647e-15 -5.965734495463399762e-15 -5.965882607328800367e-15 -5.966044728661300032e-15 -5.966197561437899608e-15 -5.966331596186199660e-15
-5.962399547025200098e-15 -5.963596902396699728e-15 -5.963750190608800140e-15 -5.963944974934499623e-15 -5.964327756414400029e-15 -5.964507680988599683e-15 -5.964698935062799901e-15 -5.964874855871700121e-15 -5.965204240364900239e-15 -5.965247850944900001e-15 -5.965399886903900297e-15 -5.965559411861599676e-15 -5.965712866652800009e-15 -5.965861383180299861e-15 -5.966024042748299810e-15 -5.966177490296400193e-15 -5.966312167972399607e-15
-5.962410369408799751e-15 -5.963609990885900153e-15 -5.963763434691500040e-15 -5.963958377397699610e-15 -5.964341343143199668e-15 -5.964521295684299660e-15 -5.964712537177299666e-15 -5.964888406524099850e-15 -5.965217584936399636e-15 -5.965261156780100145e-15 -5.965413035084099951e-15 -5.965572354347500007e-15 -5.965725568438699926e-15 -5.965873807259199965e-15 -5.966036104865200356e-15 -5.966189145820899877e-15 -5.966323403709099795e-15
-5.962415351297499889e-15 -5.963617074524900035e-15 -5.963770709963599733e-15 -5.963965873753699669e-15 -5.964349201887700090e-15 -5.964529291632000213e-15 -5.964720655174500272e-15 -5.964896614428499632e-15 -5.965225899938000316e-15 -5.965269479594000206e-15 -5.965421372595599647e-15 -5.965580685001800252e-15 -5.965733868876700038e-15 -5.965882053829800033e-15 -5.966044260739800296e-15 -5.966197180513600032e-15 -5.966331297724599964e-15
-5.962397216600300313e-15 -5.963595185303799990e-15 -5.963748565474299649e-15 -5.963943470809999815e-15 -5.964326503853800355e-15 -5.964506553192499762e-15 -5.964697944703300387e-15 -5.964873996556600358e-15 -5.965203639402500297e-15 -5.965247285567099627e-15 -5.965399448348299961e-15 -5.965559111354799985e-15 -5.965712704308599672e-15 -5.965861360233300116e-15 -5.966024179902899799e-15 -5.966177786971199962e-15 -5.966312612945000021e-15
-5.962405836654099863e-15 -5.963604800322099832e-15 -5.963758212114200106e-15 -5.963953129465499836e-15 -5.964336094941800322e-15 -5.964516070288799664e-15 -5.964707352597700353e-15 -5.964883275136200196e-15 -5.965212596258600043e-15 -5.965256191501800378e-15 -5.965408160294900240e-15 -5.965567590381999645e-15 -5.965720927994699867e-15 -5.965869304042499739e-15 -5.966031774812899658e-15 -5.966185004926300013e-15 -5.966319453783299974e-15
-5.962402246180100024e-15 -5.963600752678799639e-15 -5.963754146461199924e-15 -5.963949052835600344e-15 -5.964332035276300164e-15 -5.964512036438700055e-15 -5.964703359091300333e-15 -5.964879330927299810e-15 -5.965208777944999964e-15 -5.965252393368100024e-15 -5.965404439463200124e-15 -5.965563963046199723e-15 -5.965717403789499952e-15 -5.965865893455500276e-15 -5.966028506526600378e-15 -5.966181891018999934e-15 -5.966316494871600390e-15
-5.968598098277499674e-15 -5.966024867227899955e-15 -5.965685135596000390e-15 -5.965249349971499805e-15 -5.964378189854700132e-15 -5.963961119781900252e-15 -5.963511769103699614e-15 -5.963092394351599717e-15 -5.962289217890400005e-15 -5.962180896094500348e-15 -5.961799150249900208e-15 -5.961391030908099829e-15 -5.960990054687300118e-15 -5.960592873154199948e-15 -5.960145654175099609e-15 -5.959709501749000132e-15 -5.959312458983599806e-15
-5.962402013436299842e-15 -5.963600297820099697e-15 -5.963753668543799900e-15 -5.963948547153600205e-15 -5.964331479939100093e-15 -5.964511460002200227e-15 -5.964702761824899904e-15 -5.964878715993699921e-15 -5.965208134004000091e-15 -5.965251746009600093e-15 -5.965403781001999656e-15 -5.965563294404899946e-15 -5.965716726890099718e-15 -5.965865210168100069e-15 -5.966027818288399849e-15 -5.966181200405899729e-15 -5.966315804375699672e-15
-5.962413559179000051e-15 -5.963613913298800131e-15 -5.963767410311099867e-15 -5.963962408772800193e-15 -5.964345445835700317e-15 -5.964525414242000070e-15 -5.964716659868400083e-15 -5.964892521020300192e-15 -5.965221651091599714e-15 -5.965265213095000382e-15 -5.965417050299799832e-15 -5.965576314337800249e-15 -5.965729462449299622e-15 -5.965877623978599719e-15 -5.966039819582800105e-15 -5.966192744782699902e-15 -5.966326882202599665e-15
-5.968494560257799790e-15 -5.965966024451900346e-15 -5.965632426294599854e-15 -5.965204568904900082e-15 -5.964349443526100249e-15 -5.963940130412800273e-15 -5.963499190925999758e-15 -5.963087714248300013e-15 -5.962299786502700262e-15 -5.962193533115999896e-15 -5.961819098549999973e-15 -5.961418832540400287e-15 -5.961025608683400373e-15 -5.960636141313900361e-15 -5.960197649890100362e-15 -5.959770051366400369e-15 -5.959380832011399734e-15
