5.879280193813802907e+04 -5.963323138072305042e-15 2.183426259663458424e-18
5.898215432247301942e+04 -5.963962526822353417e-15 8.505840826367949227e-19
5.900501539013135334e+04 -5.964042796741529631e-15 6.763941407011956761e-19
5.903394126786661946e+04 -5.964144173178505138e-15 4.536436604587414052e-19
5.909079713554016780e+04 -5.964341147748800805e-15 1.436499973312666778e-20
5.911772590239024430e+04 -5.964432584419725058e-15 2.005099749940841067e-19
5.914663969830983842e+04 -5.964528867883482362e-15 4.266229609741034097e-19
5.917360584341616050e+04 -5.964616517760219687e-15 6.368015854078799896e-19
5.922545880132589809e+04 -5.964777917609821118e-15 1.036653686170880711e-18
5.923249416795394791e+04 -5.964798988276194952e-15 1.090289303026876966e-18
5.925740881802799413e+04 -5.964871825607818805e-15 1.278716548889935418e-18
5.928430523746264953e+04 -5.964947110953473844e-15 1.479078947094984975e-18
5.931106823534768773e+04 -5.965018269525764789e-15 1.674757414563677373e-18
5.933799009320711775e+04 -5.965085768165627063e-15 1.867332770870097436e-18
5.936891005682974355e+04 -5.965157858520609379e-15 2.082530434528640193e-18
5.939982514551653003e+04 -5.965223723394399498e-15 2.290543058694114883e-18
5.942876605563003977e+04 -5.965279392825874775e-15 2.478107654297124465e-18
