-7.236959720152999426e-14 3.496405555803199993e-15 -1.287921080939100090e-15 -7.457776052393899971e-16 -3.582673255682699951e-16 -8.092757932691799854e-16 -9.204561939135299457e-16 -6.742588814915899728e-16 -8.828537848289300373e-16 -1.027766863199600019e-15 -7.910906136603999854e-16 -6.438449844550900063e-16 -9.115417731720299085e-16 -1.052553933424400025e-15 -6.383405503830200082e-16 -6.028686729176000024e-16 -1.225382440891099999e-15 -6.056333162071099645e-16 8.969942094662399863e-16
3.718547986030600245e-14 -2.739911310552999921e-15 -7.364405315507499608e-16 -7.234365375609400075e-16 -8.785539448469699845e-16 -8.812979339798800040e-16 -9.463691092239900290e-16 -9.294377570787200566e-16 -8.461657338422100309e-16 -8.228429428097899552e-16 -8.546627568382999862e-16 -8.559710325732900048e-16 -8.375009129909400255e-16 -8.356306833661899890e-16 -7.613599270679200006e-16 -7.184960263136900317e-16 -1.050997263340299980e-15 -8.787997313370499634e-16 3.404038082636500094e-15
2.021935263285500062e-14 -1.918200751033000095e-15 -8.385772799464899944e-16 -7.226934110213699582e-16 -8.079619294746699780e-16 -8.644820497362099653e-16 -9.356543855170300157e-16 -9.140773790435299497e-16 -8.693588903353900245e-16 -8.412400028913700058e-16 -8.325966011290100175e-16 -8.370960028731900417e-16 -8.586002070532299583e-16 -8.533021862809399946e-16 -7.321939798886699783e-16 -7.321105596670200134e-16 -1.077800249249300079e-15 -7.858064596446999962e-16 2.713060019723200096e-15
1.948348957201899864e-14 -2.054337242867299823e-15 -8.312561155043499678e-16 -7.282215524766300398e-16 -8.304305798097299649e-16 -8.549313385872399755e-16 -9.461165630226200604e-16 -9.576305953316499770e-16 -8.721830022384999624e-16 -7.887836987551100386e-16 -8.071153185515600110e-16 -8.842054389929999811e-16 -9.007974098594299536e-16 -8.410558734895000415e-16 -7.043061952825699712e-16 -7.489511117750700280e-16 -1.037300001402000000e-15 -8.055448757075699527e-16 1.729405981491199908e-15
1.740106217017400062e-14 -2.078038103792300187e-15 -8.365213772291799899e-16 -7.163359531051199748e-16 -8.378732550966099716e-16 -8.655424560318200167e-16 -9.367306661142100360e-16 -9.638401777595800713e-16 -8.798532494417399948e-16 -7.825541269028899919e-16 -8.034305434948600213e-16 -8.961017940492800018e-16 -9.044547329978099546e-16 -8.250416039904199537e-16 -7.058451364837899828e-16 -7.859668968113499655e-16 -1.015282930327200046e-15 -7.419509093046999607e-16 1.245750238280800063e-15
1.796076493011499807e-15 -8.442938005691299765e-16 -8.699730595587399590e-16 -7.546138684712000321e-16 -7.438072441772299621e-16 -8.373686786990899524e-16 -9.623377443559699988e-16 -8.923365122071399815e-16 -8.343467788112500472e-16 -8.217230928418000239e-16 -8.372583244515500042e-16 -8.788264439138699510e-16 -9.008068362337900088e-16 -8.491196348718299695e-16 -6.773945059917100046e-16 -7.353165180476699582e-16 -1.083264965002399979e-15 -7.754977818394100317e-16 1.523925166571999983e-15
1.179588585159399959e-15 -8.154798882298799552e-16 -9.302646419877299056e-16 -7.173274210213400223e-16 -7.281478962248000288e-16 -8.784591064777900384e-16 -9.040092291051100869e-16 -8.543092411307499781e-16 -8.930726405837200454e-16 -8.888718884035599407e-16 -8.012299193192699550e-16 -7.826112649027099616e-16 -9.012025721494300767e-16 -9.351315591351299672e-16 -6.735613258419499638e-16 -6.525517701525599799e-16 -1.176375921913500003e-15 -7.726847763494599702e-16 2.939977971740900124e-15
1.171045558697199980e-14 -1.676256537698200098e-15 -8.453488161954700259e-16 -7.003881650058100223e-16 -8.100660523255200287e-16 -8.955106904314800002e-16 -9.212376070572900705e-16 -9.106278015219899410e-16 -8.720781935822000091e-16 -8.232965286952799936e-16 -8.184759868386800277e-16 -8.655777734663899720e-16 -8.910029422974900826e-16 -8.425516469600299892e-16 -7.002449698223500108e-16 -7.605264611339600407e-16 -1.061548293469899922e-15 -7.590211924863700002e-16 1.575139771829699992e-15
8.615330769151200035e-15 -1.126697961891200066e-15 -8.601325587180899539e-16 -7.566156406021500050e-16 -7.558314435943299692e-16 -8.323540161064699856e-16 -9.544083399052800557e-16 -8.984664998968400902e-16 -8.563087422068800293e-16 -8.467526872964800127e-16 -8.359349590917999720e-16 -8.388589108085299552e-16 -8.724985299988499849e-16 -8.647485216871999962e-16 -7.104615147286800035e-16 -7.189537480788300352e-16 -1.089576701940099907e-15 -7.685764259678299859e-16 2.387384286897099811e-15
2.710916654431100111e-14 -2.894193415320699938e-15 -7.986962874251800136e-16 -6.947092085836900232e-16 -9.155460838510500963e-16 -9.006742361746700220e-16 -9.189073535435500324e-16 -9.929287077462999073e-16 -8.817911799272700433e-16 -7.517133645988699754e-16 -8.094555148585900384e-16 -9.353501977271799770e-16 -8.901171245136099422e-16 -7.672426244664099871e-16 -7.348621042904499763e-16 -8.681540822844300223e-16 -9.442551087605699249e-16 -6.770361969456000407e-16 6.285820434118299999e-16
-1.467800456433899988e-14 3.939826524832099930e-16 -1.014364455894100044e-15 -7.700642644695199875e-16 -6.259033103151200237e-16 -8.362223675199400131e-16 -9.343504093895599192e-16 -7.845124828873200041e-16 -8.520341369396599772e-16 -9.418199192232999799e-16 -8.392032342618699688e-16 -7.338324006994199509e-16 -8.578677259390399944e-16 -9.606910426369699650e-16 -7.259589326133599647e-16 -6.287485888656899708e-16 -1.117311735490100041e-15 -7.887598200267899675e-16 2.580386906687600148e-15
1.635261406807899959e-14 -1.595891738469600049e-15 -8.859237157578599817e-16 -7.139193454001600402e-16 -7.500696015519400131e-16 -8.469638381910000083e-16 -9.522823162554799618e-16 -8.905321511553600654e-16 -8.573098963493999651e-16 -8.574341251647000150e-16 -8.318108806374599993e-16 -8.090421173078599511e-16 -8.601488144585000401e-16 -8.942472296438099662e-16 -7.386846687524499575e-16 -6.756193835799899574e-16 -1.068352690224299981e-15 -8.314276341982900443e-16 2.970284618649800047e-15
3.640629281700400219e-14 -2.791085151877099894e-15 -7.374888327718199637e-16 -7.078636674916800409e-16 -8.842940917066199777e-16 -8.924193298681400620e-16 -9.395077287546700277e-16 -9.399485073249999761e-16 -8.547688576572100113e-16 -8.027693516177800147e-16 -8.298253933573100286e-16 -8.695574242290800040e-16 -8.767759594896199690e-16 -8.552362158022700225e-16 -7.277683900461399663e-16 -7.048518163538400028e-16 -1.082271743164799920e-15 -8.511694658135199891e-16 3.481944800466999994e-15
1.416957567652299950e-14 -1.650944215930299910e-15 -8.880459553269699696e-16 -7.021184006561499972e-16 -7.805963486772399765e-16 -8.819342157111900012e-16 -9.141198942061199385e-16 -8.877813250911600361e-16 -8.823961324389499629e-16 -8.635726887318399858e-16 -8.228235534868299655e-16 -8.178253480587300320e-16 -8.745153297357800246e-16 -8.820282217537099551e-16 -7.098773147736800466e-16 -7.043144497034399579e-16 -1.108408986745800050e-15 -7.649449328325200184e-16 2.794303341997299824e-15
7.314967641019699997e-15 -1.331869297874800057e-15 -9.481648982758400799e-16 -6.632211016650699687e-16 -7.203461411571499523e-16 -8.905794905056699582e-16 -9.258201676770800386e-16 -8.532440179885199663e-16 -8.618082706894500458e-16 -8.780824330548600275e-16 -8.348154985215299535e-16 -8.110521767091799958e-16 -8.723219964430700367e-16 -8.898043777146900569e-16 -7.048977310739099660e-16 -6.845778250730900042e-16 -1.091781835752799932e-15 -8.011007771369000449e-16 2.383867713529699981e-15
-1.246250377381300038e-14 -2.453222938150600132e-16 -9.579074537854800882e-16 -7.435278094653299719e-16 -7.132786327994000039e-16 -8.652624963082500086e-16 -9.158705036641499819e-16 -8.615345916159099564e-16 -8.798332024409199939e-16 -8.672108976182800102e-16 -8.088909188572099912e-16 -8.160603482345199538e-16 -8.908400146495900500e-16 -8.805673126977200178e-16 -7.063992190684900114e-16 -7.594026113286099865e-16 -1.045838390277600097e-15 -6.780904314509100155e-16 6.978011139547899827e-16
1.883859895333400058e-14 -2.264731746342500157e-15 -8.059519769855399727e-16 -7.228713960362199718e-16 -8.891167903958300158e-16 -8.847650530085500109e-16 -8.993812458274399559e-16 -9.915609975543399948e-16 -9.255818172853600320e-16 -7.750856179709200219e-16 -7.692552653651299547e-16 -8.982439348135999181e-16 -9.333321615864500907e-16 -8.274042029557000241e-16 -6.598336442853399922e-16 -7.935148968838900246e-16 -1.089196194031300032e-15 -6.719024241185999808e-16 1.587304899345699914e-15
1.455221348498100109e-14 -2.318486058767799908e-15 -8.281186211455800461e-16 -6.694515130847599937e-16 -8.781958945511100429e-16 -9.216965609680100302e-16 -9.161535993084200902e-16 -9.820722590480300614e-16 -8.888590841260600304e-16 -7.418180205549999875e-16 -7.792069483622699855e-16 -9.418497808258300341e-16 -9.384670055835099490e-16 -7.903895845287800386e-16 -6.797096869455200352e-16 -8.645972481096100042e-16 -9.944156597885999574e-16 -5.905468528489199589e-16 2.463435567934899865e-16
1.564874150952400061e-14 -2.052867384351700149e-15 -8.836765004284299958e-16 -6.653355311795600420e-16 -7.981517260650599891e-16 -8.907896299492899431e-16 -9.317270824982199240e-16 -9.183870226693600188e-16 -8.627156277477700114e-16 -8.196267796113299640e-16 -8.397501681476399701e-16 -8.840897418228499654e-16 -8.665159905270499608e-16 -7.976194672451099983e-16 -7.111216010108800032e-16 -8.032465166984599528e-16 -1.041850641622399975e-15 -7.437217076009399513e-16 1.330537957074499960e-15
1.760430101809299890e-14 -1.968225977210600037e-15 -8.162720354285100105e-16 -6.891507374122500038e-16 -8.233592910152100088e-16 -8.964966936127100766e-16 -9.185305047954799869e-16 -9.147760877765899775e-16 -8.734600949452200001e-16 -8.272074973219999880e-16 -8.277286805293400474e-16 -8.700590767044799747e-16 -8.879962111696900401e-16 -8.403098070517100459e-16 -6.916769198575399961e-16 -7.349768162342500419e-16 -1.067716881246900065e-15 -7.839285365142500302e-16 2.044095389627799910e-15
