5.878860365442289185e+04 9.303860092141741249e-15 2.266088543839793053e-14
5.890319919514402136e+04 -1.423822233415388005e-15 1.394320233173642743e-15
5.893722247345629148e+04 -8.800523097427604957e-16 1.151634729434206847e-16
5.897702033982748253e+04 -7.153821564974171578e-16 2.932526086614044059e-17
5.899997364790549182e+04 -7.764898791601930213e-16 1.194040820849675891e-16
5.902596485279832268e+04 -8.713512987568290818e-16 2.737576244745193147e-17
5.908473808243290841e+04 -9.296985322067600571e-16 1.665826251226113639e-17
5.911165821468001377e+04 -9.006131498159840731e-16 7.239618269035720247e-17
5.913972599372161494e+04 -8.713389658209047937e-16 1.933558329281449490e-17
5.916959720859108347e+04 -8.385086263632379680e-16 6.383910599876529832e-17
5.919546325738893211e+04 -8.187280539880304449e-16 2.152477811063587111e-17
5.922533143690127326e+04 -8.435028096584038879e-16 6.699408819323758601e-17
5.925241460067313164e+04 -8.863652125424455667e-16 2.474947476982376209e-17
5.927517751191315620e+04 -8.642337864851258621e-16 6.202830422271969974e-17
5.931104190681533510e+04 -7.047249159104210610e-16 2.834292108210885325e-17
5.933796362068621966e+04 -7.338873000006524596e-16 6.731443495897101737e-17
5.936888320432089677e+04 -1.073446431732048218e-15 5.828973749660166559e-17
5.939979806364832621e+04 -7.538072124165720673e-16 7.334065213667587897e-17
5.942873847774798924e+04 1.958056403508858008e-15 9.292228317119133847e-16
