5.876577214532778453e+04
5.878783810410760634e+04
5.886444775239846058e+04
5.889748293882397411e+04
5.890319770752615295e+04
5.893722091262709728e+04
5.897701752186826343e+04
5.899997094668963837e+04
5.902596337251688965e+04
5.908473664145157818e+04
5.911165671596105676e+04
5.912356255626821803e+04
5.913972454549420218e+04
5.916959574324903224e+04
5.919546179728677089e+04
5.922533000721398275e+04
5.923264310668174585e+04
5.925241321787894412e+04
5.927517605806696520e+04
5.929746932744477090e+04
5.931105377105290245e+04
5.933532737276125408e+04
5.933797868621700036e+04
5.936889270140577719e+04
5.939981176880565181e+04
5.940018906222415535e+04
5.941476058184512658e+04
5.942875965270643064e+04
5.945490519881607179e+04
5.945565333938678668e+04
5.948761349103636894e+04
5.949490857362392126e+04
5.951848246310637478e+04
5.956474486535874894e+04
