5.876577214532778453e+04 -8.928312511247722503e-14 8.259303184722052050e-18
5.878783810410760634e+04 -8.894512938152818636e-14 5.684968512058007176e-18
5.886444775239846058e+04 -8.815932292694090508e-14 3.730268473327689570e-19
5.889748293882397411e+04 -8.805710801102524224e-14 9.742187052403362258e-19
5.890319770752615295e+04 -8.805184766452899522e-14 1.011969954170890456e-18
5.893722091262709728e+04 -8.807490685762599625e-14 8.715782468038399805e-19
5.897701752186826343e+04 -8.816271128960983190e-14 3.479445322066797651e-19
5.899997094668963837e+04 -8.821235663215305751e-14 2.472850252856965765e-19
5.902596337251688965e+04 -8.825071259325602866e-14 3.920840382791701456e-19
5.908473664145157818e+04 -8.824861104567570931e-14 3.442495538403698253e-19
5.911165671596105676e+04 -8.822077075692054758e-14 2.365067991363294717e-19
5.912356255626821803e+04 -8.820779304012464333e-14 2.379262365754592946e-19
5.913972454549420218e+04 -8.819230082647314013e-14 2.881137723599601428e-19
5.916959574324903224e+04 -8.817705083010898781e-14 3.834390096236188127e-19
5.919546179728677089e+04 -8.818275353690885402e-14 3.818753120558242517e-19
5.922533000721398275e+04 -8.820957484288242638e-14 2.917582513053317851e-19
5.923264310668174585e+04 -8.821835792784329134e-14 2.677849259770751195e-19
5.925241321787894412e+04 -8.824340093675409093e-14 2.382914938059675700e-19
5.927517605806696520e+04 -8.826878753197879877e-14 2.833313605596300654e-19
5.929746932744477090e+04 -8.828226601796828185e-14 3.379357062521199549e-19
5.931105377105290245e+04 -8.828203926278540397e-14 3.489358448204076508e-19
5.933532737276125408e+04 -8.826230413262130997e-14 3.198038107414145342e-19
5.933797868621700036e+04 -8.825858957909510627e-14 3.145439017537977951e-19
5.936889270140577719e+04 -8.819487671703115044e-14 3.089305152244473086e-19
5.939981176880565181e+04 -8.810753183401391420e-14 4.435742808728547506e-19
5.940018906222415535e+04 -8.810644202149404849e-14 4.451156388792331370e-19
5.941476058184512658e+04 -8.806610509628548240e-14 4.853665094374288337e-19
5.942875965270643064e+04 -8.803346017177720113e-14 4.765409151150752160e-19
5.945490519881607179e+04 -8.800357389336181200e-14 4.315912665033740192e-19
5.945565333938678668e+04 -8.800353156600105318e-14 4.362720416996726266e-19
5.948761349103636894e+04 -8.805878416668379472e-14 1.343527266307764813e-18
5.949490857362392126e+04 -8.808930980743806025e-14 1.717307992601442134e-18
5.951848246310637478e+04 -8.823976088835463351e-14 3.283438977083788324e-18
5.956474486535874894e+04 -8.876389720771440085e-14 7.687986841142071740e-18
