5.877469993882593553e+04
5.880157635507228406e+04
5.881136879259841226e+04
5.883357564195300074e+04
5.884473649863248284e+04
5.886250951551440085e+04
5.890324152767632768e+04
5.890849458998232149e+04
5.893726491562514275e+04
5.898204265758341353e+04
5.900490534351034876e+04
5.902598631923011271e+04
5.908475988161449641e+04
5.911168024003568280e+04
5.913947546397702536e+04
5.913974820068748522e+04
5.916388496963705256e+04
5.916961973165415839e+04
5.919550426309821341e+04
5.922535384207895549e+04
5.923968433685265336e+04
5.925243679219469050e+04
5.927519938747982087e+04
5.929951991921911394e+04
5.931106313027381839e+04
5.933798786391535396e+04
5.935798791736057319e+04
5.936890178671474860e+04
5.939982103234966053e+04
5.940784902615983447e+04
5.942876913887285627e+04
5.945698696416552411e+04
5.949595854892920761e+04
