5.877469993882593553e+04 -1.284369991018578468e-14 2.448299339563470492e-15
5.880157635507228406e+04 -7.414872960449641236e-15 1.755893814945408384e-16
5.881136879259841226e+04 -6.891213224995824189e-15 2.171846122462212712e-16
5.883357564195300074e+04 -7.268679851460555099e-15 1.887149754055675962e-16
5.884473649863248284e+04 -7.655546721228804809e-15 7.178075766803060620e-17
5.886250951551440085e+04 -7.929071083766355534e-15 1.270096958048229363e-16
5.890324152767632768e+04 -7.364982740898825273e-15 6.515689325026440645e-17
5.890849458998232149e+04 -7.324924234476535511e-15 7.848185757256481853e-17
5.893726491562514275e+04 -7.455457341320167744e-15 1.629079220665338049e-17
5.898204265758341353e+04 -7.598220533601524486e-15 1.533306686834027012e-17
5.900490534351034876e+04 -7.495054259960004951e-15 4.623578247853501024e-17
5.902598631923011271e+04 -7.486673616313028970e-15 2.246019549384921915e-17
5.908475988161449641e+04 -7.513771821398592289e-15 1.025429527019972547e-17
5.911168024003568280e+04 -7.508337288777625849e-15 4.367913149279690158e-17
5.913947546397702536e+04 -7.585373075781265629e-15 1.031417992671178887e-17
5.913974820068748522e+04 -7.586004177985260928e-15 1.057967386844285900e-17
5.916388496963705256e+04 -7.590485545222727798e-15 3.459492272425578783e-17
5.916961973165415839e+04 -7.576403111086296218e-15 3.070608242784330009e-17
5.919550426309821341e+04 -7.498477114909550830e-15 1.766629722160645695e-17
5.922535384207895549e+04 -7.509371213499316533e-15 1.733961482858148688e-17
5.923968433685265336e+04 -7.535724580228310616e-15 1.561969471806831498e-17
5.925243679219469050e+04 -7.539626798737104284e-15 2.790662052116017908e-17
5.927519938747982087e+04 -7.490883936974981941e-15 1.296836025284146545e-17
5.929951991921911394e+04 -7.473246953558175510e-15 3.821096598641343239e-17
5.931106313027381839e+04 -7.515859196883650711e-15 3.051729775594864534e-17
5.933798786391535396e+04 -7.657739768763129711e-15 4.529983322639750919e-17
5.935798791736057319e+04 -7.633962519301898570e-15 4.365690603866946324e-17
5.936890178671474860e+04 -7.556098458460620120e-15 1.258192695924561212e-17
5.939982103234966053e+04 -7.402619332211256493e-15 6.934653506184846050e-17
5.940784902615983447e+04 -7.445519637486876517e-15 3.024652655493537383e-17
5.942876913887285627e+04 -7.659634700653434122e-15 2.547916756787179159e-16
5.945698696416552411e+04 -7.435974545336360019e-15 1.228475920540587338e-16
5.949595854892920761e+04 -6.419242595669680671e-15 3.198259613829332485e-15
