5.888147641180172650e+04 -1.740162851086015400e-14 1.069159566966574653e-16
5.890324924021666811e+04 -1.751866980828109928e-14 8.380285186415509055e-18
5.893727291322774545e+04 -1.744297780171155018e-14 1.050326287147251180e-17
5.898210377501086623e+04 -1.745146640863135494e-14 7.292694413143178868e-18
5.900496458674622409e+04 -1.745974007244509960e-14 1.642835219294264460e-17
5.903386363614734728e+04 -1.738005440156420120e-14 6.240075235723398494e-18
5.909072325174613070e+04 -1.752556576898839997e-14 8.937681737797097439e-18
5.911764858414766786e+04 -1.750929470064439850e-14 1.100625464009899854e-17
5.914656278660315002e+04 -1.743162944133334978e-14 9.619829690636980390e-18
5.917352879822414980e+04 -1.747668849023585351e-14 1.178239741515679424e-17
5.918359365357442584e+04 -1.750231808693830336e-14 8.349137535834221475e-18
5.920240299972661160e+04 -1.750877713228469601e-14 1.832199874958779425e-17
5.923241968342322798e+04 -1.746228769675175204e-14 1.700161712590242533e-17
5.925733196492211573e+04 -1.752488659153965109e-14 3.975062983570772581e-17
