5.877465539495771372e+04 -2.246887757345729929e-14 6.921207983644109697e-15
5.877555879372265190e+04 -2.232337292702940223e-14 6.614489052715975618e-15
5.888147641180174105e+04 -1.862899973525739864e-14 1.081630715901600819e-15
5.890324924021670449e+04 -1.749597054720885165e-14 2.870432700312934628e-17
5.893727291322777455e+04 -1.742804422179544734e-14 9.959663276418578167e-18
5.898210377501082985e+04 -1.740203971073889831e-14 4.938384410104151171e-17
5.900496458674625319e+04 -1.736334420729019995e-14 6.908770802117621468e-17
5.903386363614733273e+04 -1.747496191057160065e-14 7.719584666435181399e-17
5.909072325174613798e+04 -1.751888798413215020e-14 9.581442612214507511e-18
5.911764858414760965e+04 -1.759889932595599587e-14 7.136598704748444612e-17
5.914656278660315002e+04 -1.734356223537739908e-14 7.729529872308526368e-17
5.917352879822406976e+04 -1.753576583316999705e-14 5.797645662852259615e-17
5.918359365357441129e+04 -1.760219589977990257e-14 8.545083837383253767e-17
5.920240299972661160e+04 -1.746607032572514952e-14 4.886890360246220425e-17
5.923241968342324253e+04 -1.746986682201079915e-14 2.576195633825217202e-17
5.925733196492210118e+04 -1.792848224448295234e-14 3.404899145055497770e-16
5.928422872417712642e+04 -1.324324588608749597e-14 3.407113942189507049e-15
