-1.385301842690899992e-14 -1.417138834944299992e-14 -1.759685178323299894e-14 -1.753355219470799909e-14 -1.741965505215200036e-14 -1.744998246237200136e-14 -1.741414009194100112e-14 -1.741463768426300091e-14 -1.751303683712899918e-14 -1.755555653583399861e-14 -1.739171733583499961e-14 -1.750062850736100155e-14 -1.755666648572800148e-14 -1.750069273625299856e-14 -1.743669398083899914e-14 -1.779154464070899853e-14 -1.450099468578199913e-14
-3.538609265035700315e-14 -3.470105621961000193e-14 -2.074521130745999950e-14 -1.744379082698799974e-14 -1.741882985435799966e-14 -1.731014064038700014e-14 -1.723995725569599926e-14 -1.762072038516000034e-14 -1.753798860896900089e-14 -1.773819850055000137e-14 -1.718461157448700011e-14 -1.765062782252999981e-14 -1.777411007409100070e-14 -1.737843997646699891e-14 -1.750614883080500110e-14 -1.856968646635700056e-14 -6.967130405180500051e-15
-2.385012916636299884e-14 -2.371936763222499869e-14 -1.908175699425100104e-14 -1.748504344524399941e-14 -1.742391694248200085e-14 -1.738001497445900123e-14 -1.731200188613499979e-14 -1.751926835594100130e-14 -1.751528094350200119e-14 -1.764924783908699978e-14 -1.729600537025999991e-14 -1.756123970995399897e-14 -1.765533569624999925e-14 -1.745236384487899855e-14 -1.745459015444099923e-14 -1.816700132617500135e-14 -1.101151335732799945e-14
-1.728566699548700136e-14 -1.733065645081799879e-14 -1.767246396980000019e-14 -1.750893262994600151e-14 -1.744213431518699879e-14 -1.743941416830599926e-14 -1.742973303037199877e-14 -1.740645073996399967e-14 -1.751774271032700025e-14 -1.753469585363200148e-14 -1.741006144414900139e-14 -1.748549992484499973e-14 -1.752660162173900143e-14 -1.750846182624299964e-14 -1.744723772359800041e-14 -1.762210409633500093e-14 -1.641979317074299845e-14
-2.602373930983500150e-14 -2.566295697354599973e-14 -1.903942910529800127e-14 -1.748375248286000072e-14 -1.743061642783899984e-14 -1.738228739083800138e-14 -1.734662552022400024e-14 -1.749906227107600114e-14 -1.751703023506200105e-14 -1.760986956341100143e-14 -1.733237177860700035e-14 -1.754691379876100115e-14 -1.761458237668299956e-14 -1.745657243723299853e-14 -1.747676406169300010e-14 -1.794857196402699937e-14 -1.319179805604600023e-14
-1.330324914141499985e-14 -1.351608514392499950e-14 -1.710567226997199911e-14 -1.753195769069800132e-14 -1.743204737695499869e-14 -1.747211937882300111e-14 -1.746051647302299922e-14 -1.736454052545100149e-14 -1.751144805622500135e-14 -1.748884933507699865e-14 -1.745402554923300016e-14 -1.745553296826599866e-14 -1.748055141120399913e-14 -1.753458476751400127e-14 -1.744029505632199906e-14 -1.744030885675299862e-14 -1.806269883045899955e-14
-2.356472129301200012e-14 -2.339442279562600048e-14 -1.885309192334699965e-14 -1.749004894405799879e-14 -1.742827809416099872e-14 -1.738774778749499959e-14 -1.734180897176399973e-14 -1.749991672858500006e-14 -1.751286580595300087e-14 -1.762207265898699918e-14 -1.732645001562300107e-14 -1.754130699852100098e-14 -1.761825425913300114e-14 -1.746040816410600010e-14 -1.747479989794200143e-14 -1.801214317153400104e-14 -1.235420805303300017e-14
-2.662210495693699898e-14 -2.647883951977700031e-14 -1.984596047244600075e-14 -1.749235451426699944e-14 -1.740154382864800132e-14 -1.734719819491599920e-14 -1.725796470846599926e-14 -1.758874539060800126e-14 -1.751185588354400149e-14 -1.771209069333199869e-14 -1.723167896090800117e-14 -1.761985121714599899e-14 -1.773574472404799997e-14 -1.739287119241799863e-14 -1.749209002081800045e-14 -1.855173552954099852e-14 -6.903960038269400364e-15
-1.235505338177000000e-14 -1.276542433815299961e-14 -1.744937545786799887e-14 -1.754356106106600002e-14 -1.740734801631099877e-14 -1.746721395649399938e-14 -1.739651658858599951e-14 -1.740686740889700133e-14 -1.749556221976099905e-14 -1.753853564271699986e-14 -1.741326378030600011e-14 -1.748429777782300043e-14 -1.753660367753899966e-14 -1.751224462421399942e-14 -1.743620794800699869e-14 -1.774805439910599984e-14 -1.486027618951700102e-14
-2.357028753152000037e-14 -2.329796796220300035e-14 -1.857373773893399881e-14 -1.750852123550599880e-14 -1.742694444379800152e-14 -1.740718470125299878e-14 -1.738305579343799907e-14 -1.746151444627500118e-14 -1.751693712878300055e-14 -1.758248560026400006e-14 -1.736333639814399972e-14 -1.750869771761199845e-14 -1.756989197704500126e-14 -1.749434857120499868e-14 -1.746425816324299993e-14 -1.775579168413499926e-14 -1.501899392036700019e-14
-2.822978359150400070e-14 -2.775531471723399897e-14 -1.925790181150800118e-14 -1.747442289119399851e-14 -1.743133826767000000e-14 -1.737997521256800151e-14 -1.734420775724100146e-14 -1.749940641470000089e-14 -1.753072736046499926e-14 -1.762022489513900015e-14 -1.731633003626000127e-14 -1.755985373918099916e-14 -1.762853589374999846e-14 -1.744405191854899960e-14 -1.748684610656799877e-14 -1.797920368383500083e-14 -1.284212435131499930e-14
-3.586025894525699949e-14 -3.511164771042800095e-14 -2.067409723788500014e-14 -1.744340579115800043e-14 -1.742343646385100084e-14 -1.731356991365200024e-14 -1.723307641422399933e-14 -1.760832832752699976e-14 -1.753049379090299953e-14 -1.770666071966100077e-14 -1.721796845595199921e-14 -1.764154112045099938e-14 -1.774198975761699974e-14 -1.736620505300300052e-14 -1.753667302719699861e-14 -1.846779427328099901e-14 -7.812297800998000513e-15
-2.055428132254599862e-14 -2.047423106961100046e-14 -1.822881271754499937e-14 -1.749152841110000101e-14 -1.743471064794599902e-14 -1.741926399273799879e-14 -1.739396398337200015e-14 -1.744390270683700108e-14 -1.751955794945500107e-14 -1.756511158183200094e-14 -1.737686126541200024e-14 -1.752477842675899992e-14 -1.757234221189900029e-14 -1.746956670581900032e-14 -1.747225942011199986e-14 -1.780600403928299987e-14 -1.442857923047000017e-14
-2.074521732338100062e-14 -2.061534714856299966e-14 -1.815272762054099910e-14 -1.750554215799299948e-14 -1.743171346139599861e-14 -1.742562036373599878e-14 -1.740131121077899948e-14 -1.743365798124100022e-14 -1.751325854250699955e-14 -1.755971121884599875e-14 -1.739558743639900103e-14 -1.749715729813000070e-14 -1.754368485562499896e-14 -1.749387233147300052e-14 -1.745613402947000142e-14 -1.768697155005499865e-14 -1.575627725346799999e-14
-2.862007691447599912e-14 -2.813960158136900150e-14 -1.927621376218999878e-14 -1.746965747772800055e-14 -1.744056119221499927e-14 -1.736614809891499946e-14 -1.735015464418399880e-14 -1.750924831596999894e-14 -1.753571143879699901e-14 -1.762680275133500143e-14 -1.730582146343799997e-14 -1.757095362913499964e-14 -1.764220735209900076e-14 -1.743850668418699921e-14 -1.748632378441500110e-14 -1.801058946750500015e-14 -1.245384041955299943e-14
-1.436497122053499854e-14 -1.455365234594500143e-14 -1.735670887369999961e-14 -1.752983977708600079e-14 -1.743470338150999974e-14 -1.745818087496399862e-14 -1.743888420303499868e-14 -1.738486788271799975e-14 -1.751150870804100029e-14 -1.752217200703299882e-14 -1.743283206413600023e-14 -1.745960559017099875e-14 -1.749760921199799939e-14 -1.752848367435099913e-14 -1.744828321012100082e-14 -1.753328343634299957e-14 -1.701576881553999917e-14
-3.010078447465199951e-14 -2.960370740095600127e-14 -1.975575202258499979e-14 -1.745564506009100029e-14 -1.742782407131900079e-14 -1.735302189933899940e-14 -1.729102399016399940e-14 -1.755036624907300041e-14 -1.752196048669899848e-14 -1.766466039458500089e-14 -1.727407738333500072e-14 -1.758501981569400074e-14 -1.767573047496800034e-14 -1.742475507868399903e-14 -1.749595801506199892e-14 -1.819734269779500074e-14 -1.054793662184900061e-14
-1.672177308359299931e-14 -1.687652900182100011e-14 -1.790555371437199982e-14 -1.751296992239799938e-14 -1.743701931945899881e-14 -1.742165520143299901e-14 -1.740724398497300054e-14 -1.743915427872799986e-14 -1.751743589972200075e-14 -1.757336960742699950e-14 -1.737534636323600139e-14 -1.751161394684599907e-14 -1.756764281908199893e-14 -1.748063734573999855e-14 -1.746721043867699902e-14 -1.784824420928100054e-14 -1.398319981680199944e-14
-2.331061423432699867e-14 -2.319033760469499965e-14 -1.893820803686400031e-14 -1.748763254539500087e-14 -1.743159977681499967e-14 -1.737805913123100006e-14 -1.734065814788100125e-14 -1.750805075542400095e-14 -1.752744255786199941e-14 -1.763744260302599867e-14 -1.729814664630400076e-14 -1.756538434557499901e-14 -1.765021242654500111e-14 -1.744413537556300090e-14 -1.748063980467999939e-14 -1.813094862311500065e-14 -1.106044887902800060e-14
-1.505572750527000131e-14 -1.510892457463999874e-14 -1.707046788534899864e-14 -1.752725188469300120e-14 -1.743666350183699887e-14 -1.748199587085900054e-14 -1.748403949030600083e-14 -1.734053136299399922e-14 -1.751991451893700078e-14 -1.747022851734500043e-14 -1.747475138552399845e-14 -1.744481230863899952e-14 -1.745562068855499941e-14 -1.754020420660200034e-14 -1.743792276620600134e-14 -1.730232077449400149e-14 -1.967307782600199868e-14
