59225.287651765199605 0.00046689309599907925221 92.638288429455428741
58765.795754681309518 0.00023189948437934888558 81.722972430315806491
58937.208061186241551 -0.00071463044773842150564 89.948071466071965574
59169.543483550552224 0.00056196622879208682345 88.341247829683595683
59275.134023742441748 0.00061219756577255578559 89.733704254018277879
58976.963309583311325 -0.0010162380018755836243 89.882874327831586925
59084.67772645826231 -0.00018133380848780676953 92.241204210864481183
59195.431987865061046 0.00053531038498155913296 90.695634858642563358
58903.185093759286055 -0.00053727925518417144971 98.076704200065293549
59025.91716913733886 -0.00084343342446833735607 97.114908113809974566
59139.677944500924003 0.0002909927887527272989 90.415793647411263123
59252.366730618733971 0.00075588860172869478344 96.964884728976755923
58882.16046396408046 -0.00039163022944904544766 79.953928487243075551
58999.917670924651866 -0.00088185527281215477879 98.135528426355378429
59111.61451347524584 1.9062068235011467651e-05 92.047462368410393196
