3.192421094109700295e-14 1.624887568307699995e-14 -6.066589455390599523e-14 -5.860902833517799979e-14 -5.835495654002999501e-14 -5.883832481073099823e-14 -5.878168795751999371e-14 -5.888658058729000480e-14 -5.902116506057499663e-14 -5.899542829786799983e-14 -5.893439624224899670e-14 -5.900652881383600122e-14 -5.908785458839400566e-14 -5.898648882488699407e-14 -5.884283978446099729e-14 -5.890486539642399398e-14 -5.887631704815899696e-14 -5.816886468447299503e-14
1.941221792425399958e-14 9.364834577957900552e-15 -6.089872256179600357e-14 -5.861006229149299386e-14 -5.832056901083500094e-14 -5.884991590701300099e-14 -5.875759360748800464e-14 -5.887748191499600564e-14 -5.904534592950799853e-14 -5.900291379761400523e-14 -5.890617768831100172e-14 -5.900085796285900034e-14 -5.912197909001799873e-14 -5.898583613471699688e-14 -5.878080756994000355e-14 -5.894131042582000119e-14 -5.894437462689799907e-14 -5.721961812077999474e-14
3.035816872520600023e-14 1.273516096838999945e-14 -6.077413475207700576e-14 -5.859461010353899979e-14 -5.833341641336400368e-14 -5.884714229704599669e-14 -5.876877040377000311e-14 -5.888095299188699736e-14 -5.903477135426300076e-14 -5.900096250606799511e-14 -5.891780269133400099e-14 -5.899723092792999687e-14 -5.910087198358600340e-14 -5.899725437104300187e-14 -5.882291401359400575e-14 -5.890176217122000500e-14 -5.889819423780000292e-14 -5.793483074538999962e-14
-2.788580990080199883e-14 -1.901977568588299960e-14 -6.094016978275699434e-14 -5.864566395183499871e-14 -5.829146528457000199e-14 -5.887825696057899444e-14 -5.875469322398099565e-14 -5.885495978046799943e-14 -5.904987524719499388e-14 -5.901896940823000276e-14 -5.889580097734999738e-14 -5.898393892695899873e-14 -5.913103938455799593e-14 -5.900061250311900576e-14 -5.874834095918499727e-14 -5.894904626413400542e-14 -5.900716212060799617e-14 -5.659788706074600218e-14
-3.410596352196799840e-15 -2.191559966194900062e-14 -5.964399874913699868e-14 -5.855593991797600134e-14 -5.845062958007099416e-14 -5.881690100653100301e-14 -5.881454950591199702e-14 -5.889754577121499598e-14 -5.899557872393500415e-14 -5.898938546436600106e-14 -5.895559992221300626e-14 -5.900794895305600070e-14 -5.907060442895100535e-14 -5.899580492868800184e-14 -5.885645911917499787e-14 -5.887962392886799775e-14 -5.890109375547500441e-14 -5.804519301422499570e-14
3.233589626279600053e-15 -9.284113553082100678e-18 -6.112337038132300001e-14 -5.864857662236200295e-14 -5.828992181163099519e-14 -5.886148496351800292e-14 -5.875407150317800301e-14 -5.887520597405000004e-14 -5.905546360739600556e-14 -5.900388607923599957e-14 -5.888824266372400378e-14 -5.899400360923399702e-14 -5.913758191298599872e-14 -5.899258728033600198e-14 -5.875767989473800579e-14 -5.894764056391099509e-14 -5.897049435806900053e-14 -5.698760857785899695e-14
2.147849465707599872e-14 2.701420262575800043e-14 -6.206932621195599704e-14 -5.869370999101900295e-14 -5.818974579697200249e-14 -5.889763948139299819e-14 -5.870969452087800342e-14 -5.884627240653400114e-14 -5.908872636164399823e-14 -5.902252024121899641e-14 -5.885392394028899459e-14 -5.897998925278099845e-14 -5.917225993175599533e-14 -5.899790982872699966e-14 -5.869783119919499988e-14 -5.898353971717599631e-14 -5.903415268813600109e-14 -5.611542241102199828e-14
-2.259008297490000074e-14 -2.657135454500400004e-14 -6.010601302365800215e-14 -5.861425001416099420e-14 -5.838620738233799663e-14 -5.884451519239000361e-14 -5.880246059253399763e-14 -5.888125721857099575e-14 -5.901218027049299974e-14 -5.900215204474400608e-14 -5.893307307602699672e-14 -5.899204211460500041e-14 -5.908965188609400423e-14 -5.900969051551300149e-14 -5.881992248717099514e-14 -5.889300455385500454e-14 -5.895329154381200431e-14 -5.745793929370300058e-14
7.209066391651400703e-15 -6.793527839328800229e-15 -6.067335871829099568e-14 -5.865867497046699597e-14 -5.833340146237899520e-14 -5.885409525944500248e-14 -5.879011532318399973e-14 -5.887717155610500431e-14 -5.902163029147199445e-14 -5.900418847789600492e-14 -5.892835785769099479e-14 -5.899638661739600012e-14 -5.909598792838399954e-14 -5.899671143861000173e-14 -5.881320689176400578e-14 -5.891222985498900173e-14 -5.893603331684999667e-14 -5.750531801183500539e-14
4.696301004925799927e-14 2.346167173970500128e-14 -6.129854895782299386e-14 -5.863082356390499577e-14 -5.827648313635199568e-14 -5.886639465276900589e-14 -5.875460680748799965e-14 -5.887085564962700278e-14 -5.904495596275499656e-14 -5.900287246869399638e-14 -5.890514521599499575e-14 -5.899991692911400371e-14 -5.911918709880199427e-14 -5.898855271245300394e-14 -5.879565031308700356e-14 -5.892894653908700221e-14 -5.891860944210700411e-14 -5.766197313827200207e-14
6.251318331453699749e-14 1.446403333822100059e-14 -6.028205889319599405e-14 -5.857335893629100428e-14 -5.840806817514000274e-14 -5.881438173953100078e-14 -5.880358082326200449e-14 -5.890444686046600013e-14 -5.899687965731899426e-14 -5.898007274603100042e-14 -5.896362328146999461e-14 -5.902064195476799854e-14 -5.905569631108700282e-14 -5.898422224290299729e-14 -5.891428584990499732e-14 -5.884533758017700132e-14 -5.878786872444999585e-14 -5.973550536228900405e-14
4.021473149702099924e-14 1.509979199609100135e-14 -6.073109848666900622e-14 -5.857952921085699570e-14 -5.834247758794700311e-14 -5.884104667398299747e-14 -5.876888200921000568e-14 -5.888539139701299898e-14 -5.903196508321099989e-14 -5.899532037840999826e-14 -5.892123176477199832e-14 -5.900447242987599625e-14 -5.909971640951200520e-14 -5.898839515228799630e-14 -5.883099471384400503e-14 -5.891184644362499931e-14 -5.887399493380500224e-14 -5.804021386353499989e-14
4.696887037006199881e-14 3.048533352539000145e-14 -6.069148381804399649e-14 -5.860182586964099757e-14 -5.836104194854600339e-14 -5.883026841970900424e-14 -5.879017834243299596e-14 -5.889514585721400212e-14 -5.900995524543299962e-14 -5.898514642276199399e-14 -5.894691870330799672e-14 -5.901732419388099483e-14 -5.907642313193099684e-14 -5.898191733700399803e-14 -5.887730947534899829e-14 -5.888134426095500609e-14 -5.881194582745899919e-14 -5.891982626233600593e-14
2.161576057266600111e-14 -1.575048955821200076e-15 -6.051304613441000201e-14 -5.860823451173499521e-14 -5.835386196843899810e-14 -5.884374487300700629e-14 -5.879046731746899882e-14 -5.888487752233500591e-14 -5.901768870202300557e-14 -5.899698997425599790e-14 -5.893321414288099561e-14 -5.900038441904600020e-14 -5.908661181343399983e-14 -5.899704079908900188e-14 -5.884323935943599814e-14 -5.889638202936999989e-14 -5.888832707451300568e-14 -5.808026675008400539e-14
1.531658217432599931e-14 7.243274481463100164e-15 -6.134053321697800231e-14 -5.864515112283499906e-14 -5.826328426689200124e-14 -5.887491012631900186e-14 -5.873998062227199938e-14 -5.886049568877599577e-14 -5.906136439485799964e-14 -5.901410387053199548e-14 -5.888565859392399876e-14 -5.898716079727199561e-14 -5.913852219115499687e-14 -5.900073085792799570e-14 -5.875527433073700190e-14 -5.893863767426000035e-14 -5.897958485248599941e-14 -5.701689054251799447e-14
8.269987638589600061e-15 1.479484163630100135e-14 -6.176018459332100346e-14 -5.868950137322700295e-14 -5.821387120608600116e-14 -5.889586477810000329e-14 -5.872745027135800131e-14 -5.884786324605500237e-14 -5.907555668810899553e-14 -5.902340102704599872e-14 -5.886867506110400257e-14 -5.898000745711600042e-14 -5.915762111047599673e-14 -5.899697177392100035e-14 -5.870966189585499427e-14 -5.897972430989300429e-14 -5.903920644456800103e-14 -5.609999197774000218e-14
2.721378409112699852e-14 -1.226875590476100053e-14 -5.943669537945800411e-14 -5.851772059392400371e-14 -5.848081616171700177e-14 -5.880006253294800391e-14 -5.882697473976200284e-14 -5.890802821272999987e-14 -5.897832997431899535e-14 -5.898210488189000148e-14 -5.898234335299900389e-14 -5.901701987701400124e-14 -5.903811011491800616e-14 -5.899200155193800152e-14 -5.892327081321100402e-14 -5.883874167503800590e-14 -5.880729737089000212e-14 -5.927851477827699529e-14
1.120804017630099942e-14 -1.381984954960999980e-14 -5.976839090958500388e-14 -5.856998554600899590e-14 -5.844108111803699461e-14 -5.881937971207199852e-14 -5.882019502267700429e-14 -5.889553005378799838e-14 -5.898509048427799593e-14 -5.898777059943999744e-14 -5.896976935463200099e-14 -5.901245692574400412e-14 -5.905544347217500113e-14 -5.899549067695200434e-14 -5.888958834705699543e-14 -5.885283606332099748e-14 -5.885126421044699477e-14 -5.878552145844300600e-14
-1.122635255069599957e-14 -2.655850158494400040e-14 -5.959734290128199529e-14 -5.858226768293699550e-14 -5.845458423042099552e-14 -5.881680566181600170e-14 -5.883026029376299503e-14 -5.889696677448900551e-14 -5.897936838483500584e-14 -5.898925394495399748e-14 -5.897618049828000052e-14 -5.901009286349499919e-14 -5.904727001536699537e-14 -5.899973367994500542e-14 -5.890104997152399614e-14 -5.884655618013700439e-14 -5.884195471848900311e-14 -5.886771525402200305e-14
3.982685631033200349e-15 1.865759788019700034e-14 -6.158660247512900367e-14 -5.867135670142299414e-14 -5.824193777135100587e-14 -5.888125648833199785e-14 -5.872888155012599727e-14 -5.885402133516400019e-14 -5.907209550700399858e-14 -5.902142082797200463e-14 -5.887659354782300288e-14 -5.898212993534700475e-14 -5.914756867754300262e-14 -5.899828790445799502e-14 -5.873134631135399927e-14 -5.896397647953099927e-14 -5.900574411214400114e-14 -5.645033424071500302e-14
