5.855727900889401644e+04 1.663847710009450106e-14 2.271475360424456501e-14
5.879038456808323826e+04 3.051896030584846168e-15 1.765991482771579504e-14
5.897700052627094556e+04 -6.069504872503980305e-14 7.139768406075210062e-16
5.899995429031518142e+04 -5.861501356554070856e-14 4.460569237820633932e-17
5.902595770527168497e+04 -5.833939104265590195e-14 7.949508028399963466e-17
5.908473069335756736e+04 -5.884861957686160427e-14 2.713760891428448465e-17
5.911165067162513878e+04 -5.877575472191324382e-14 3.405049524982800557e-17
5.913971832474364055e+04 -5.887905253993865272e-14 1.803304944329336474e-17
5.916958944816868461e+04 -5.902889934653123947e-14 3.188727115324965235e-17
5.919539722629541939e+04 -5.900094317296140281e-14 1.318532254765804941e-17
5.922532380058831768e+04 -5.892213642881881495e-14 3.607087817986903124e-17
5.925240707597902656e+04 -5.899952674806644459e-14 1.236414885332415167e-17
5.927517015448299935e+04 -5.910150007405634645e-14 3.734979698851045790e-17
5.931105262991898780e+04 -5.899431202572594331e-14 6.607048757676224486e-18
5.933797763358915836e+04 -5.881558366502906916e-14 6.584964001815799130e-17
5.936889169371844037e+04 -5.890986760558954981e-14 4.310226373633776671e-17
5.939981068589290226e+04 -5.891634557035825938e-14 7.365371752169137725e-17
5.942875842163777270e+04 -5.774847177741319323e-14 1.010506190383464124e-15
