5.879280193813801452e+04 7.442849570919610575e-14 1.946700284040923390e-14
5.898215432247299759e+04 3.170714758304644173e-16 2.976683844500183038e-15
5.900501539013133151e+04 -6.428806751135324105e-15 2.440000005857703127e-16
5.903394126786661946e+04 -5.975697772987414729e-15 5.590703897194116765e-17
5.909079713554018963e+04 -6.233336330442060596e-15 1.291660959727679983e-16
5.911772590239024430e+04 -5.900814568024980719e-15 8.001388024914731988e-18
5.914663969830983842e+04 -5.926705788499429957e-15 2.388392158944712072e-17
5.917360584341616777e+04 -6.102267415500639656e-15 4.843475225380110890e-17
5.922545880132591265e+04 -5.931039010346050021e-15 5.692361608377167202e-18
5.923249416795394791e+04 -6.011184351865699423e-15 3.116480057200652059e-17
5.925740881802800868e+04 -6.092491333465909573e-15 3.376607522867359639e-17
5.928430523746268591e+04 -5.848808868142244284e-15 7.215684447264112224e-17
5.931106823534770228e+04 -6.005230645824234062e-15 7.069683797444801370e-17
5.933799009320713958e+04 -5.959506859958084914e-15 7.021870489090294933e-18
5.936891005682972900e+04 -5.824139555914725331e-15 8.401326291242885671e-17
5.939982514551654458e+04 -6.533140617095418270e-15 3.950215111342350877e-16
5.942876605563005432e+04 5.998582381781144689e-17 3.690242671946267468e-15
