9.263737394952700341e-14 2.319259287183799969e-15 -6.603993706159899636e-15 -5.962038145259000077e-15 -6.271908510429500112e-15 -5.892200916176499669e-15 -5.931632527852499781e-15 -6.109197568745699718e-15 -5.934534601109000161e-15 -6.019485038028499756e-15 -6.095070439467999874e-15 -5.842730407632799713e-15 -6.009098319528000134e-15 -5.956785628947800270e-15 -5.832224477171599886e-15 -6.489516343187299851e-15 -4.889664270022699749e-16
7.944900642106000566e-14 2.909407100420599934e-15 -6.642085208816100326e-15 -6.013706233642299720e-15 -6.345989050592300210e-15 -5.890399576562899611e-15 -5.917294977885599793e-15 -6.143499526293800342e-15 -5.934789190416500111e-15 -6.046577351345900258e-15 -6.122325535714700334e-15 -5.782453455258000200e-15 -6.070357196667899664e-15 -5.950038691527399767e-15 -5.762363546528599613e-15 -6.821521505100800039e-15 2.542368962994200179e-15
8.622343840815100017e-14 6.431415355387600040e-16 -6.472004298055700311e-15 -5.902781791752399789e-15 -6.163922705386599912e-15 -5.891261058816199838e-15 -5.954357222627700105e-15 -6.061261848047599896e-15 -5.940393826774900333e-15 -5.992569403754199676e-15 -6.060525473861299713e-15 -5.914785622997900224e-15 -5.937082476657199720e-15 -5.960501992222999932e-15 -5.928276976450800318e-15 -6.028470823680800303e-15 -4.876618393083199979e-15
6.513270447092899719e-14 -1.119684885322099985e-15 -6.300499205455200224e-15 -5.994830867859800121e-15 -6.217481784375000377e-15 -5.906477931925099926e-15 -5.916435552936000231e-15 -6.106929399745000048e-15 -5.923552090819899625e-15 -6.002202209889000157e-15 -6.091054281424500037e-15 -5.848729802801499796e-15 -6.013538084315800270e-15 -5.958164425639799878e-15 -5.803823644100000271e-15 -6.634541242275999888e-15 1.098478891386300034e-15
5.919395123451600302e-14 1.269963395086499990e-15 -6.497367153636000159e-15 -6.025392030416799695e-15 -6.312262485483299665e-15 -5.908080103531199696e-15 -5.901697686329599867e-15 -6.138498912396800086e-15 -5.921919733806899790e-15 -6.027390900545700197e-15 -6.126006758220500305e-15 -5.791993974582700219e-15 -6.047065339186300150e-15 -5.972588267375800362e-15 -5.742182483808099904e-15 -6.899679622344699911e-15 3.643692767616999653e-15
9.648028886062100189e-14 3.113297526050399825e-15 -6.655447120633199942e-15 -5.995273270987800084e-15 -6.319595176132400028e-15 -5.895658510959899665e-15 -5.917651607957299839e-15 -6.130031084536099833e-15 -5.930188266569399866e-15 -6.028042118145199912e-15 -6.108146928640400030e-15 -5.813466767954400021e-15 -6.042450239323799632e-15 -5.954912900045199989e-15 -5.786297756518599625e-15 -6.712084722497999781e-15 1.742175220109199958e-15
8.674220418841600568e-14 -5.474473727105499645e-16 -6.369876236536200085e-15 -5.919032455069600224e-15 -6.154102230750600308e-15 -5.891318169646599765e-15 -5.954936874629600082e-15 -6.064830410428699663e-15 -5.941143963999199992e-15 -5.998376490439800307e-15 -6.063947738215000125e-15 -5.900916912185799671e-15 -5.962379430949900320e-15 -5.951244522726000386e-15 -5.898314814296400081e-15 -6.203576245272499777e-15 -3.066854384457300110e-15
8.704409531440800030e-14 3.098436656276400241e-16 -6.438782388264900083e-15 -5.919402856446300131e-15 -6.176475692838400147e-15 -5.888739409991300070e-15 -5.950709215430199928e-15 -6.070814213503799632e-15 -5.939772907226100145e-15 -6.000701490685500003e-15 -6.070247728310800306e-15 -5.895240268191200195e-15 -5.960617246528300380e-15 -5.957593074699699663e-15 -5.895479892571000363e-15 -6.198110151926399932e-15 -3.136827503946799880e-15
2.107162888553099943e-14 -6.875048307704300254e-15 -5.832544724860299682e-15 -5.916147550760399739e-15 -5.983833101964200035e-15 -5.913905195947899963e-15 -5.953523473009199776e-15 -6.021924406124599946e-15 -5.928367192245200139e-15 -5.952797522872500186e-15 -6.040424673601700257e-15 -5.964010072725899826e-15 -5.896254347688800368e-15 -5.967872107599400119e-15 -5.931543112822599907e-15 -6.043423303165699694e-15 -4.374327400147000187e-15
4.385243938068999771e-14 -3.388414391699699989e-15 -6.129014365221699670e-15 -5.915553750747899861e-15 -6.076841593644500369e-15 -5.900006677760900367e-15 -5.954118585356000367e-15 -6.049632139948200299e-15 -5.931907275911700237e-15 -5.976270019279300203e-15 -6.057547665708200289e-15 -5.924061483745300159e-15 -5.932288818259799880e-15 -5.967125004718299847e-15 -5.899808139324800004e-15 -6.190583427681600000e-15 -2.948070479166299956e-15
8.568537451867800028e-14 1.672727508427899929e-15 -6.533021773134199874e-15 -6.014045812973200126e-15 -6.302450227016799863e-15 -5.908548101824600251e-15 -5.905774638018199643e-15 -6.125984325995200305e-15 -5.929554653265900154e-15 -6.024083508312100374e-15 -6.106720574673599979e-15 -5.813722990132999962e-15 -6.038967111835599770e-15 -5.958990707896399936e-15 -5.783513472731000310e-15 -6.723745128884700306e-15 1.870024291801200169e-15
7.138943840805100017e-14 -6.708837048126600213e-16 -6.341335447877100209e-15 -5.997777127000799681e-15 -6.229892280905899791e-15 -5.910838770749400351e-15 -5.918442779951699898e-15 -6.106010131358899654e-15 -5.928386335746899765e-15 -6.011502690144700234e-15 -6.097227347448200199e-15 -5.836604952896500144e-15 -6.014413959889900184e-15 -5.965119023057800356e-15 -5.800903610556800305e-15 -6.645362706137500228e-15 1.227765547023800016e-15
9.787435958135800629e-14 5.207885419263799842e-15 -6.820058265030700245e-15 -6.084454919057799914e-15 -6.475543199224899709e-15 -5.903738993845200076e-15 -5.880764452705100008e-15 -6.194667679859599879e-15 -5.922525798890300278e-15 -6.066393672913199901e-15 -6.157980093891099715e-15 -5.713711059888200380e-15 -6.139629875682500326e-15 -5.949303294520199864e-15 -5.665417190537899974e-15 -7.294597798077500465e-15 7.229283476370699433e-15
5.830629965414600216e-14 -3.314406705516299950e-15 -6.130224069048699720e-15 -5.934205654139100155e-15 -6.088171443975900201e-15 -5.914251190848299989e-15 -5.941698637693899783e-15 -6.050066621083000249e-15 -5.928188105052300040e-15 -5.970400487680000364e-15 -6.056915455860599767e-15 -5.930289097432300090e-15 -5.925551925401200323e-15 -5.966144194475500174e-15 -5.908959015435799755e-15 -6.139987649320099950e-15 -3.508969219956800048e-15
7.600101693898499586e-14 1.004246231804000040e-15 -6.473972946749199684e-15 -6.014052461520700109e-15 -6.286437862267900200e-15 -5.904015298867100384e-15 -5.914804834229299961e-15 -6.124500118169599733e-15 -5.929877715464899838e-15 -6.027652676268599910e-15 -6.111935762983700366e-15 -5.810162558559899768e-15 -6.043296405990699707e-15 -5.956046032953399918e-15 -5.773375333165399837e-15 -6.774498946535099782e-15 2.327165184834599915e-15
6.575177511513399648e-14 -2.115327593945100132e-15 -6.225846523671199914e-15 -5.948577276552799934e-15 -6.138436492726399777e-15 -5.904011108152999792e-15 -5.938647166877600272e-15 -6.072165414767200301e-15 -5.927100435161399691e-15 -5.983924462670999802e-15 -6.072149155168399741e-15 -5.901367046068300312e-15 -5.948995906979300309e-15 -5.966170872319200096e-15 -5.881644677233200344e-15 -6.250952895436199661e-15 -2.588545853669600069e-15
8.208598310729300109e-14 -1.867531708830999927e-15 -6.258438326355700353e-15 -5.878632104415500070e-15 -6.065391682353599869e-15 -5.896598188712900009e-15 -5.964397511025999692e-15 -6.028519353591000261e-15 -5.939721322023300393e-15 -5.968146944217799759e-15 -6.038749145520800366e-15 -5.963288161625400021e-15 -5.888681153251899873e-15 -5.966014448949200271e-15 -5.970615176486299988e-15 -5.829795155795400042e-15 -6.610728604489899951e-15
1.016879581402300052e-13 6.357083909057900138e-15 -6.924081600663700234e-15 -6.077352517158499726e-15 -6.504822786866000133e-15 -5.896774432534600386e-15 -5.879799984349199826e-15 -6.201458888833100185e-15 -5.926049317982500313e-15 -6.072112535870800195e-15 -6.157476524326599789e-15 -5.709101476708799875e-15 -6.139822223198400292e-15 -5.948988423422399621e-15 -5.679659356384300015e-15 -7.199343829112400583e-15 5.990759659931800220e-15
5.553582571748200311e-14 -1.487691742527000099e-16 -6.391560569887599908e-15 -5.992721936902500310e-15 -6.241203567076400110e-15 -5.906088644255099886e-15 -5.918995304287699816e-15 -6.108242454508700174e-15 -5.930774246239500019e-15 -6.016656693741699837e-15 -6.099685119101199902e-15 -5.830494431660499940e-15 -6.020709082871599768e-15 -5.965399173944599969e-15 -5.793637770477699864e-15 -6.662716420838900103e-15 1.355352581347999947e-15
7.642475188871600472e-14 1.582087782942399942e-15 -6.535981092649199982e-15 -6.007976697085099849e-15 -6.311964734830600061e-15 -5.893379079390899685e-15 -5.918432736836199690e-15 -6.137113812076200009e-15 -5.932033228215200314e-15 -6.038400820508500051e-15 -6.115690267178899825e-15 -5.789046819796500163e-15 -6.073413772277799900e-15 -5.951134412120600231e-15 -5.744750671693599950e-15 -6.920304424636799811e-15 3.772558158858599767e-15
