5.851644130201585358e+04
5.851743886135177308e+04
5.851843578792766493e+04
5.852441971139553061e+04
5.852541724230694672e+04
5.853040416103064490e+04
5.853140204032510519e+04
5.853239847635888873e+04
5.853543221271022048e+04
5.853642971875464718e+04
5.853742707194056129e+04
5.853842458509741118e+04
5.853942186008182034e+04
5.854341117688012309e+04
5.854740055768985621e+04
5.855017746489902493e+04
5.856934370427300746e+04
5.857034018658012064e+04
5.857234860403418861e+04
5.858032744780265784e+04
5.858132475129126396e+04
5.858631168822749896e+04
5.858730906993001554e+04
5.858830649429421464e+04
5.859030119727841520e+04
5.859329318955726922e+04
5.859728290838519752e+04
5.860027468740755285e+04
5.860226946152660821e+04
5.860326686458318727e+04
5.860426421432100324e+04
5.860725618177907018e+04
5.860825360261827882e+04
5.860925224276696099e+04
5.861024863270939386e+04
5.861124566607792804e+04
5.861324021627577895e+04
5.861922415840307804e+04
5.862022170367847139e+04
5.862221632855499774e+04
5.862321388805752940e+04
5.863218955257147172e+04
5.863318681703802577e+04
5.863617885928441683e+04
5.864714925913353363e+04
5.864814651295909425e+04
5.864914372768289468e+04
5.865014099217149487e+04
5.865113822467221325e+04
5.865213570601418905e+04
5.865413000039232429e+04
5.865810547895778291e+04
5.865910289276803087e+04
5.866010005773995363e+04
5.866109732580239506e+04
5.866209462230805366e+04
5.866309190104073059e+04
5.866408970944581233e+04
5.866508640163381642e+04
5.867406157616528071e+04
5.867805092579642951e+04
5.867904820810833189e+04
5.869101537912435742e+04
5.869201204646949191e+04
5.869600160239297838e+04
5.870098719649740087e+04
5.870198419090225070e+04
5.870298130261834012e+04
5.870397880536862795e+04
5.871395077580072393e+04
5.871494815059418033e+04
5.872192821717487823e+04
5.872292547822536289e+04
5.872392254020745168e+04
5.872890850778463937e+04
5.872990571907746198e+04
5.873688601688652852e+04
5.874486339100330224e+04
5.875184344013671944e+04
5.875284064435539767e+04
5.875383784502343042e+04
5.875782674724315439e+04
5.875882398346571426e+04
5.876779825638426701e+04
5.876879900479457865e+04
5.877876722944590438e+04
5.877976417420426151e+04
5.878076125049455732e+04
5.878380046601474896e+04
5.880074682095700700e+04
5.883764338807031891e+04
5.885354161001078319e+04
5.885856705853616586e+04
5.889738960738561582e+04
5.891638206861268554e+04
5.899815970517109236e+04
5.899915720482529287e+04
5.900015439165582939e+04
5.900115159270693403e+04
5.900406033276872768e+04
5.900804983020018699e+04
5.901503093442353565e+04
5.902201197829155717e+04
5.902300964505953016e+04
5.902500376284985396e+04
5.902599852887770248e+04
5.902699832855345448e+04
5.903098745997624064e+04
5.903196394352251809e+04
5.903296132236303674e+04
5.903395830306786956e+04
5.903695034007095092e+04
5.903794834101739252e+04
5.903894492358543357e+04
5.903994195762019081e+04
5.904093922272002237e+04
5.904193652692483738e+04
5.904293376714545593e+04
5.904393093626734480e+04
5.904492785655646730e+04
5.904891719071920670e+04
5.905190880832196854e+04
5.905290630450365279e+04
5.905490063922952686e+04
5.905589784036502533e+04
5.905689513748449826e+04
5.905789229240974964e+04
5.905888961441599531e+04
5.905988742343497870e+04
5.906088394560371671e+04
5.908082795103212993e+04
5.909379164820665028e+04
5.909478887073416263e+04
5.909578573777868587e+04
5.910077149495515914e+04
5.910176895566335588e+04
5.911090550075011561e+04
5.913068692752907373e+04
5.913168399014353054e+04
5.913467601338744862e+04
5.913883090370816353e+04
5.920350385617042048e+04
5.920450117129267892e+04
5.921363952014628012e+04
5.922949053612961143e+04
5.925237129297247157e+04
5.926134760616397398e+04
5.926533697011368349e+04
5.927132042420434300e+04
5.927331551679159747e+04
5.927531038187246304e+04
5.927644104241259629e+04
5.929126797680894379e+04
5.929230688004833792e+04
5.929330537196014484e+04
5.929529876185039757e+04
5.929632409985775303e+04
5.930627050604289252e+04
5.930926208930181019e+04
5.931325118694033154e+04
5.931833034547411080e+04
5.933326618313226209e+04
5.934018028586715081e+04
5.934117076170586370e+04
5.934715472484979546e+04
5.934815218949968403e+04
5.935214166419090179e+04
5.935723315474839183e+04
5.936211434145686508e+04
5.936311172436812194e+04
5.936410910728140880e+04
5.936710060549746413e+04
5.936909638090965746e+04
5.938206102951600769e+04
5.938305909143174358e+04
5.938405520885412989e+04
5.938505175997080369e+04
5.938604882298175653e+04
5.938704721194851300e+04
5.939414684553760890e+04
5.940486805392315000e+04
5.941604634288869420e+04
5.941895940751473245e+04
5.943089941920735873e+04
5.944301494388988795e+04
5.945475040027446812e+04
5.946692164030707499e+04
5.947867449448253319e+04
5.949684019693329174e+04
