5.851644130201585358e+04 -5.961135062357839702e-14 8.655981794560699400e-17
5.851743886135177308e+04 -5.959615141210424231e-14 8.474720306595131552e-17
5.851843578792766493e+04 -5.958104657505710596e-14 8.294756032559174316e-17
5.852441971139553061e+04 -5.949235095223345640e-14 7.241689124021341035e-17
5.852541724230694672e+04 -5.947792345498300330e-14 7.071030775001694131e-17
5.853040416103064490e+04 -5.940750900878340118e-14 6.240972609987499952e-17
5.853140204032510519e+04 -5.939378071214779291e-14 6.079731730226342212e-17
5.853239847635888873e+04 -5.938019851705605064e-14 5.920410709151106549e-17
5.853543221271022048e+04 -5.933964730117430451e-14 5.446014121608597669e-17
5.853642971875464718e+04 -5.932658486992773012e-14 5.293631182541967478e-17
5.853742707194056129e+04 -5.931366205904830748e-14 5.143096011555483940e-17
5.853842458509741118e+04 -5.930087680445495973e-14 4.994385505789884066e-17
5.853942186008182034e+04 -5.928823610193590675e-14 4.847581997275921086e-17
5.854341117688012309e+04 -5.923912092143653061e-14 4.279482785527651965e-17
5.854740055768985621e+04 -5.919240128475435241e-14 3.742944701487888650e-17
5.855017746489902493e+04 -5.916134126442358998e-14 3.388690726947949434e-17
5.856934370427300746e+04 -5.898109881369397776e-14 1.398233646807480978e-17
5.857034018658012064e+04 -5.897338253459443493e-14 1.317596270056129120e-17
5.857234860403418861e+04 -5.895832500643555312e-14 1.162508035564413136e-17
5.858032744780265784e+04 -5.890495434041960579e-14 6.566040712282544924e-18
5.858132475129126396e+04 -5.889899565183820642e-14 6.081987492875249055e-18
5.858631168822749896e+04 -5.887150848110935210e-14 4.359334192416207115e-18
5.858730906993001554e+04 -5.886646499616780675e-14 4.180494058287151246e-18
5.858830649429421464e+04 -5.886156978879389885e-14 4.062083362147911611e-18
5.859030119727841520e+04 -5.885222030720318752e-14 3.998647325619628687e-18
5.859329318955726922e+04 -5.883927625731714653e-14 4.253543395435359269e-18
5.859728290838519752e+04 -5.882397030839604577e-14 4.947181881336383800e-18
5.860027468740755285e+04 -5.881390350707279908e-14 5.541425218163271028e-18
5.860226946152660821e+04 -5.880783836329256204e-14 5.926405003939429779e-18
5.860326686458318727e+04 -5.880499464694914140e-14 6.110388423171258412e-18
5.860426421432100324e+04 -5.880227464502819314e-14 6.287214046725108147e-18
5.860725618177907018e+04 -5.879483804569141158e-14 6.767629058426425780e-18
5.860825360261827882e+04 -5.879259387295320137e-14 6.909500621389259591e-18
5.860925224276696099e+04 -5.879046151919440274e-14 7.041881333585055838e-18
5.861024863270939386e+04 -5.878844631560950003e-14 7.164156282717450760e-18
5.861124566607792804e+04 -5.878654022259454704e-14 7.276601012311063193e-18
5.861324021627577895e+04 -5.878305084955004122e-14 7.471649576727204024e-18
5.861922415840307804e+04 -5.877503093522540191e-14 7.821638226005378327e-18
5.862022170367847139e+04 -5.877403026225855472e-14 7.846938045540404796e-18
5.862221632855499774e+04 -5.877229944720738764e-14 7.870724411494028473e-18
5.862321388805752940e+04 -5.877156483923745623e-14 7.869613787665349453e-18
5.863218955257147172e+04 -5.876851903003709072e-14 7.509381359055562569e-18
5.863318681703802577e+04 -5.876853948659140887e-14 7.434783450865309596e-18
5.863617885928441683e+04 -5.876897935365654149e-14 7.175909772285767332e-18
5.864714925913353363e+04 -5.877469680799914907e-14 5.875906097834736528e-18
5.864814651295909425e+04 -5.877547928873278768e-14 5.738267211695455059e-18
5.864914372768289468e+04 -5.877629754563490033e-14 5.598555324376106759e-18
5.865014099217149487e+04 -5.877714987263339461e-14 5.457035629442435584e-18
5.865113822467221325e+04 -5.877803444066579575e-14 5.314001247636528203e-18
5.865213570601418905e+04 -5.877894976852130348e-14 5.169697707517237420e-18
5.865413000039232429e+04 -5.878086453203718948e-14 4.878661220834646891e-18
5.865810547895778291e+04 -5.878497202722904641e-14 4.297017541078656928e-18
5.865910289276803087e+04 -5.878605384315700723e-14 4.152682513731957091e-18
5.866010005773995363e+04 -5.878715279964478800e-14 4.009728235050069735e-18
5.866109732580239506e+04 -5.878826774282969522e-14 3.868485820864531722e-18
5.866209462230805366e+04 -5.878939707907321709e-14 3.729367793779855386e-18
5.866309190104073059e+04 -5.879053926791015632e-14 3.592804310951006298e-18
5.866408970944581233e+04 -5.879169348184624926e-14 3.459170898663936489e-18
5.866508640163381642e+04 -5.879285637053553840e-14 3.329159668191727922e-18
5.867406157616528071e+04 -5.880355277412271516e-14 2.406408496273854658e-18
5.867805092579642951e+04 -5.880828455771005387e-14 2.210445159584562578e-18
5.867904820810833189e+04 -5.880945181450810658e-14 2.187054661255209138e-18
5.869101537912435742e+04 -5.882254269948800583e-14 2.542333789669863219e-18
5.869201204646949191e+04 -5.882353113668005734e-14 2.602773944483143530e-18
5.869600160239297838e+04 -5.882729036039503845e-14 2.853992670435481458e-18
5.870098719649740087e+04 -5.883150160452115244e-14 3.157780231506185174e-18
5.870198419090225070e+04 -5.883227395451639539e-14 3.214163243001781139e-18
5.870298130261834012e+04 -5.883302214112594004e-14 3.268599518818471351e-18
5.870397880536862795e+04 -5.883374597759580232e-14 3.320938140737478714e-18
5.871395077580072393e+04 -5.883956225804860261e-14 3.703662093893781600e-18
5.871494815059418033e+04 -5.883999712401615293e-14 3.726416849552196639e-18
5.872192821717487823e+04 -5.884227312374848970e-14 3.802795327956594271e-18
5.872292547822536289e+04 -5.884248837989300687e-14 3.801979963782255701e-18
5.872392254020745168e+04 -5.884267618352479400e-14 3.798300273214026638e-18
5.872890850778463937e+04 -5.884320695818189184e-14 3.738245936013027318e-18
5.872990571907746198e+04 -5.884323222267459845e-14 3.718221880830778996e-18
5.873688601688652852e+04 -5.884267371682729910e-14 3.510251347306725311e-18
5.874486339100330224e+04 -5.884053180705977865e-14 3.150892507940639713e-18
5.875184344013671944e+04 -5.883744984683671986e-14 2.765041632464012585e-18
5.875284064435539767e+04 -5.883692438416809487e-14 2.706817756735799307e-18
5.875383784502343042e+04 -5.883637866508470434e-14 2.648198233806421247e-18
5.875782674724315439e+04 -5.883400024716880135e-14 2.412600083313357200e-18
5.875882398346571426e+04 -5.883335855929044311e-14 2.354182310486801188e-18
5.876779825638426701e+04 -5.882681288026594687e-14 1.874201786689756540e-18
5.876879900479457865e+04 -5.882600361179835548e-14 1.829467650402910025e-18
5.877876722944590438e+04 -5.881720297273523869e-14 1.554232658218749602e-18
5.877976417420426151e+04 -5.881625624591028556e-14 1.546697338976895132e-18
5.878076125049455732e+04 -5.881529857913970585e-14 1.542940951674926663e-18
5.878380046601474896e+04 -5.881231591337899918e-14 1.553717282450741777e-18
5.880074682095700700e+04 -5.879425225707450854e-14 1.975331205433250730e-18
5.883764338807031891e+04 -5.874975170282395112e-14 2.336292362656685816e-18
5.885354161001078319e+04 -5.872894093279109635e-14 1.989744366465588886e-18
5.885856705853616586e+04 -5.872213492889205455e-14 1.857991700375768982e-18
5.889738960738561582e+04 -5.866576616066463369e-14 1.691385755772876722e-18
5.891638206861268554e+04 -5.863693493799195412e-14 2.000714436015498835e-18
5.899815970517109236e+04 -5.857190201787588619e-14 1.871733638085282823e-18
5.899915720482529287e+04 -5.857236358098840210e-14 1.885480873198510549e-18
5.900015439165582939e+04 -5.857286577947645660e-14 1.899343537820282039e-18
5.900115159270693403e+04 -5.857340893754398407e-14 1.913273760080673017e-18
5.900406033276872768e+04 -5.857522870307326846e-14 1.953809489870671933e-18
5.900804983020018699e+04 -5.857829951963184000e-14 2.007386437101858068e-18
5.901503093442353565e+04 -5.858528617413240778e-14 2.087760537706596201e-18
5.902201197829155717e+04 -5.859432488954446935e-14 2.140950697537624575e-18
5.902300964505953016e+04 -5.859578272251370179e-14 2.145814144257638921e-18
5.902500376284985396e+04 -5.859881971436756031e-14 2.153302851042241419e-18
5.902599852887770248e+04 -5.860039570820748459e-14 2.155900683375436688e-18
5.902699832855345448e+04 -5.860202031554899432e-14 2.157734504276589259e-18
5.903098745997624064e+04 -5.860890335198730397e-14 2.157159004374388519e-18
5.903196394352251809e+04 -5.861068466875234431e-14 2.155078305799233365e-18
5.903296132236303674e+04 -5.861254270410649627e-14 2.152165012425796609e-18
5.903395830306786956e+04 -5.861443867779571259e-14 2.148460029382125173e-18
5.903695034007095092e+04 -5.862035756235286196e-14 2.132639843086628713e-18
5.903794834101739252e+04 -5.862240700950824394e-14 2.125823609934703545e-18
5.903894492358543357e+04 -5.862449045508072306e-14 2.118267970261414850e-18
5.903994195762019081e+04 -5.862661136021854885e-14 2.109973948813425035e-18
5.904093922272002237e+04 -5.862876888548853380e-14 2.100959232436815529e-18
5.904193652692483738e+04 -5.863096220817264520e-14 2.091243410602767436e-18
5.904293376714545593e+04 -5.863319066424079158e-14 2.080847726206295647e-18
5.904393093626734480e+04 -5.863545378178303823e-14 2.069794618483922333e-18
5.904492785655646730e+04 -5.863775067835583500e-14 2.058110418309665469e-18
5.904891719071920670e+04 -5.864727602287331169e-14 2.005562807198927608e-18
5.905190880832196854e+04 -5.865475535656860360e-14 1.960973653373986097e-18
5.905290630450365279e+04 -5.865731037381820287e-14 1.945313388312196277e-18
5.905490063922952686e+04 -5.866250704594720590e-14 1.913062672569336217e-18
5.905589784036502533e+04 -5.866514845031914652e-14 1.896556142659103598e-18
5.905689513748449826e+04 -5.866781796405654919e-14 1.879857194112651106e-18
5.905789229240974964e+04 -5.867051433240720403e-14 1.863019279151707126e-18
5.905888961441599531e+04 -5.867323776715789829e-14 1.846088267351187144e-18
5.905988742343497870e+04 -5.867598853246535777e-14 1.829111667380329229e-18
5.906088394560371671e+04 -5.867876106282222994e-14 1.812173984079532243e-18
5.908082795103212993e+04 -5.873850505575254423e-14 1.565845985114858066e-18
5.909379164820665028e+04 -5.877988634133155439e-14 1.601726806484829310e-18
5.909478887073416263e+04 -5.878309175248960412e-14 1.611224951291637682e-18
5.909578573777868587e+04 -5.878629532182380776e-14 1.621474965124475244e-18
5.910077149495515914e+04 -5.880228055589503819e-14 1.682028345363999172e-18
5.910176895566335588e+04 -5.880546586574455747e-14 1.695571470001775760e-18
5.911090550075011561e+04 -5.883427205932696068e-14 1.827154237721423714e-18
5.913068692752907373e+04 -5.889241185750744573e-14 2.012244088262720102e-18
5.913168399014353054e+04 -5.889512635057477239e-14 2.014226206713966772e-18
5.913467601338744862e+04 -5.890312312850173657e-14 2.015067637093301601e-18
5.913883090370816353e+04 -5.891383980960731104e-14 2.003410888917047452e-18
5.920350385617042048e+04 -5.901243734260489345e-14 1.816872512454577069e-18
5.920450117129267892e+04 -5.901298169734249367e-14 1.840525609921406780e-18
5.921363952014628012e+04 -5.901684537752095152e-14 2.055667147489457432e-18
5.922949053612961143e+04 -5.901928884046530726e-14 2.307466167154223088e-18
5.925237129297247157e+04 -5.901533001886675599e-14 2.126483578402974630e-18
5.926134760616397398e+04 -5.901183834847126760e-14 1.873001932997693565e-18
5.926533697011368349e+04 -5.900996929662709111e-14 1.739906308084364932e-18
5.927132042420434300e+04 -5.900680268508752864e-14 1.535992456466764057e-18
5.927331551679159747e+04 -5.900564886485800431e-14 1.471777555807705265e-18
5.927531038187246304e+04 -5.900444535846435504e-14 1.412089873293985943e-18
5.927644104241259629e+04 -5.900374085065064738e-14 1.380971343447795483e-18
5.929126797680894379e+04 -5.899291716555045832e-14 1.312496901852927030e-18
5.929230688004833792e+04 -5.899204118061436310e-14 1.336611699934154869e-18
5.929330537196014484e+04 -5.899118374229044931e-14 1.363034302563531624e-18
5.929529876185039757e+04 -5.898942563842235920e-14 1.424448057823669377e-18
5.929632409985775303e+04 -5.898849687098595990e-14 1.460058342896728394e-18
5.930627050604289252e+04 -5.897857608705606015e-14 1.893040543590230452e-18
5.930926208930181019e+04 -5.897525012239130401e-14 2.036073381440856304e-18
5.931325118694033154e+04 -5.897055290667509959e-14 2.223189451024168861e-18
5.931833034547411080e+04 -5.896412093966454003e-14 2.444122976915353306e-18
5.933326618313226209e+04 -5.894210546682043660e-14 2.873113676041157011e-18
5.934018028586715081e+04 -5.893029911841104883e-14 2.917689600664416593e-18
5.934117076170586370e+04 -5.892852466023513584e-14 2.914922498685178395e-18
5.934715472484979546e+04 -5.891737380704190495e-14 2.848205320768390300e-18
5.934815218949968403e+04 -5.891544510559646264e-14 2.828781285177731572e-18
5.935214166419090179e+04 -5.890754059749429320e-14 2.728117154433473567e-18
5.935723315474839183e+04 -5.889703681864093192e-14 2.549937564479920755e-18
5.936211434145686508e+04 -5.888657773774625879e-14 2.336020106878228476e-18
5.936311172436812194e+04 -5.888439928012924760e-14 2.288472618238835222e-18
5.936410910728140880e+04 -5.888220814152319013e-14 2.240019534070745472e-18
5.936710060549746413e+04 -5.887556655598746270e-14 2.091498929723205473e-18
5.936909638090965746e+04 -5.887108447772554332e-14 1.992444125104722938e-18
5.938206102951600769e+04 -5.884144666591739699e-14 1.589182937231196741e-18
5.938305909143174358e+04 -5.883916244935930861e-14 1.593382317723852705e-18
5.938405520885412989e+04 -5.883688752604794758e-14 1.604386990317682740e-18
5.938505175997080369e+04 -5.883461759831056479e-14 1.622224892760655848e-18
5.938604882298175653e+04 -5.883235366722584846e-14 1.646808423728142771e-18
5.938704721194851300e+04 -5.883009510357984969e-14 1.677969961162988132e-18
5.939414684553760890e+04 -5.881438675348223218e-14 2.054502002219120340e-18
5.940486805392315000e+04 -5.879266922710890232e-14 2.861341930269908940e-18
5.941604634288869420e+04 -5.877442858325124868e-14 3.578186717093165647e-18
5.941895940751473245e+04 -5.877070179100946420e-14 3.699943522857378965e-18
5.943089941920735873e+04 -5.876126291555608788e-14 3.783759332475212836e-18
5.944301494388988795e+04 -5.876373210948695531e-14 3.262977047431632370e-18
5.945475040027446812e+04 -5.878076662260135467e-14 3.806890672848838430e-18
5.946692164030707499e+04 -5.881657774691829410e-14 7.920553636972733557e-18
5.947867449448253319e+04 -5.887094493917975148e-14 1.492655997087540932e-17
5.949684019693329174e+04 -5.899622967764774127e-14 3.111613960060885041e-17
