5.877465539495771372e+04 -1.601112011059489708e-14 5.277986404216097339e-16
5.877555879372266645e+04 -1.605292166752820319e-14 5.051848098640485779e-16
5.888147641180174105e+04 -1.746307913628230042e-14 4.104783504333607802e-17
5.890324924021668267e+04 -1.744336240322204860e-14 2.359792299234073007e-17
5.893727291322775272e+04 -1.748216764309845264e-14 1.468425998493735353e-17
5.898210377501083713e+04 -1.742751431361984828e-14 8.322520918297513465e-18
5.900496458674625319e+04 -1.739494910891884970e-14 9.006589540572936763e-18
5.903386363614730362e+04 -1.740950649130824752e-14 6.840146882680504179e-18
5.909072325174613070e+04 -1.748246502715725253e-14 7.942214782965177701e-18
5.911764858414766786e+04 -1.748603696831605195e-14 5.394004117173850072e-18
5.914656278660313546e+04 -1.747749891510184974e-14 8.974574665472413464e-18
5.917352879822407704e+04 -1.746571824932170235e-14 4.163976629828992388e-18
5.918359365357441129e+04 -1.746487487283009850e-14 6.398139987202426238e-18
5.920240299972657522e+04 -1.747772660470064931e-14 1.101482780694003027e-17
5.923241968342326436e+04 -1.752881672054809792e-14 1.877617583180285229e-17
5.925733196492218121e+04 -1.748282202498314756e-14 1.160622700869204369e-17
5.928422872417721373e+04 -1.708655148014269751e-14 2.212727717167892746e-16
