-1.682764891416799847e-14 -1.683445310269600065e-14 -1.751576945808699844e-14 -1.747151520729700009e-14 -1.746135591245300021e-14 -1.744070164006100033e-14 -1.740635276624999864e-14 -1.739909668387600067e-14 -1.749534882845600121e-14 -1.749114571293899934e-14 -1.746095435630699882e-14 -1.746277979569099894e-14 -1.747337204125400071e-14 -1.749696395383800109e-14 -1.750499165142100058e-14 -1.746891462614199849e-14 -1.741593778390900059e-14
-1.568400969237600002e-14 -1.573959251783100029e-14 -1.744957939731299850e-14 -1.743907734310599925e-14 -1.748804027245799989e-14 -1.742049912091300072e-14 -1.739325983141900041e-14 -1.741722758411100075e-14 -1.747498258530300004e-14 -1.748346372583799948e-14 -1.748377845240599871e-14 -1.746439363040399925e-14 -1.745884608977999932e-14 -1.746963172989799903e-14 -1.754468704419600052e-14 -1.748975998067399846e-14 -1.692694869937100068e-14
-1.614657699412000152e-14 -1.618025180014600144e-14 -1.748266103736400135e-14 -1.745101754939900057e-14 -1.747588068156700136e-14 -1.743253658423799950e-14 -1.739775766095000009e-14 -1.740503728049099867e-14 -1.748813805887499972e-14 -1.748824233078600122e-14 -1.747053223647100146e-14 -1.746230805101400014e-14 -1.746570175466200019e-14 -1.748459576450800021e-14 -1.752660664135200114e-14 -1.747694739678900066e-14 -1.715513816798900035e-14
-1.596408642076999933e-14 -1.600744578486100052e-14 -1.745820016693999863e-14 -1.743929854878400036e-14 -1.748341999126899914e-14 -1.742500467499300013e-14 -1.739277598346199903e-14 -1.741228212427900028e-14 -1.748087040473300088e-14 -1.748200246543199920e-14 -1.747939633566300038e-14 -1.747091456864299960e-14 -1.746819431730200141e-14 -1.747362306479899861e-14 -1.751941024818900057e-14 -1.749776613159499890e-14 -1.715367558763200119e-14
-1.649538073795300150e-14 -1.651743362631599907e-14 -1.749130867381500004e-14 -1.746465534780599967e-14 -1.747405145328400089e-14 -1.742853721608800042e-14 -1.739791994599500142e-14 -1.740701940455000012e-14 -1.748820177492300021e-14 -1.748641475903500067e-14 -1.747098486101200093e-14 -1.746868013538300032e-14 -1.747258696363299945e-14 -1.748577130379100115e-14 -1.750739736608199860e-14 -1.747792884442600095e-14 -1.729864625962500102e-14
-1.600517183403199999e-14 -1.603803379350299929e-14 -1.749753027400499880e-14 -1.745123994908099909e-14 -1.747609824675199977e-14 -1.743217797796500112e-14 -1.739138708010599935e-14 -1.740155805242599879e-14 -1.749360193647100053e-14 -1.748399656249400105e-14 -1.746692488108500102e-14 -1.746886234210399932e-14 -1.747323152250699903e-14 -1.748469858548999993e-14 -1.750818226311499876e-14 -1.749556965412800074e-14 -1.731770130476900133e-14
-1.679725892193600007e-14 -1.680511284657900146e-14 -1.752148963603599991e-14 -1.747553685507099881e-14 -1.745849115992500064e-14 -1.744082181954400027e-14 -1.740943597138899855e-14 -1.739959450263799896e-14 -1.749302401749399842e-14 -1.749539135887900128e-14 -1.746624200213600028e-14 -1.746199194211399894e-14 -1.747076327219199845e-14 -1.749449197964399856e-14 -1.750850232295300061e-14 -1.746189136178699950e-14 -1.735786302941299859e-14
-1.548077263695899842e-14 -1.554876503465499931e-14 -1.741794296529700006e-14 -1.742510546098100108e-14 -1.749874650668000122e-14 -1.741632990307499989e-14 -1.738823661586299976e-14 -1.741910301437599962e-14 -1.747180542049899894e-14 -1.748375909956500011e-14 -1.748878023548299993e-14 -1.746327432358299941e-14 -1.745497358076899883e-14 -1.746673980367600065e-14 -1.755938253912900024e-14 -1.747837351737299953e-14 -1.673897616897099996e-14
-1.601315526213600117e-14 -1.605242100178899893e-14 -1.748263171297699968e-14 -1.745431736474100008e-14 -1.747644413796499888e-14 -1.742835811871499943e-14 -1.739855254557499895e-14 -1.740902235460199936e-14 -1.748300019190999896e-14 -1.748883767621000065e-14 -1.747642999276500074e-14 -1.746306856741600115e-14 -1.746383030743100067e-14 -1.748171828811799868e-14 -1.753320758738699964e-14 -1.746890136839199942e-14 -1.704828797906700114e-14
-1.496285658039799942e-14 -1.505353796028700025e-14 -1.736307091301800095e-14 -1.738462584833799885e-14 -1.751512392188999851e-14 -1.741285656091400120e-14 -1.737578815963499900e-14 -1.742090487830400057e-14 -1.746755328985100056e-14 -1.747548913721599909e-14 -1.749522234748800014e-14 -1.747087980495599936e-14 -1.745649302753299927e-14 -1.745548532850700109e-14 -1.755921379253799994e-14 -1.750002615894499912e-14 -1.665492546769700131e-14
-1.497377718713400033e-14 -1.505754741590400144e-14 -1.740853536020900112e-14 -1.741153455911100100e-14 -1.750555639403400065e-14 -1.741339772521099951e-14 -1.738120232393699857e-14 -1.741995302631199997e-14 -1.747036130120499915e-14 -1.748025678743099988e-14 -1.749177585801300016e-14 -1.746473508650100111e-14 -1.745283631125400139e-14 -1.745904915345700121e-14 -1.756506416598699982e-14 -1.749722086716699992e-14 -1.667398379241600064e-14
-1.612570946114100130e-14 -1.616860979481800100e-14 -1.744568012208599978e-14 -1.744057079521099975e-14 -1.748398463652599908e-14 -1.742398645935899845e-14 -1.739602567796600062e-14 -1.741366158900300007e-14 -1.747961005644899869e-14 -1.748721044293000013e-14 -1.747978038060199884e-14 -1.746191579971999967e-14 -1.745951274009299870e-14 -1.747474028896900020e-14 -1.754050862069299870e-14 -1.748648583722500017e-14 -1.702047706290599847e-14
-1.598556715999000006e-14 -1.603187988586100117e-14 -1.744216848916000065e-14 -1.743403715112100143e-14 -1.748741264722900007e-14 -1.742440550155899927e-14 -1.739231073030800075e-14 -1.741261310515799995e-14 -1.748006599264200009e-14 -1.748346780420499987e-14 -1.747959044397500032e-14 -1.746691660862100020e-14 -1.746407576662100143e-14 -1.747382631724600065e-14 -1.752997732193499989e-14 -1.748762204631800157e-14 -1.705444245351700130e-14
-1.606372613688500080e-14 -1.610293429438499926e-14 -1.746086778558900110e-14 -1.743757387780200076e-14 -1.748201757411400081e-14 -1.743080524562499931e-14 -1.739291093105600104e-14 -1.740464403841200131e-14 -1.748661598841800106e-14 -1.748721591169600139e-14 -1.747610192574900033e-14 -1.746763668240099893e-14 -1.746784669577099857e-14 -1.747899329999499848e-14 -1.751916756041900100e-14 -1.748156451104600037e-14 -1.715170374232899895e-14
-1.517500278807399941e-14 -1.524810008402799892e-14 -1.740908992241300073e-14 -1.739919057783999877e-14 -1.750313236978999937e-14 -1.742361820572699926e-14 -1.737962440978699866e-14 -1.741179363787899975e-14 -1.747601452888299951e-14 -1.747509939504999921e-14 -1.748714995291000078e-14 -1.747746911060200002e-14 -1.746838927401600092e-14 -1.746317703542299870e-14 -1.752538361914200032e-14 -1.750487801401400052e-14 -1.696286375137699912e-14
-1.646579325551299850e-14 -1.648674830790600131e-14 -1.751083240943300086e-14 -1.747228190604199892e-14 -1.746446467687099874e-14 -1.743774756616299894e-14 -1.741078737961299937e-14 -1.740555496834700083e-14 -1.748212248728900033e-14 -1.749504423313300094e-14 -1.747823563222500012e-14 -1.746294507345600002e-14 -1.746441939601699870e-14 -1.748133031244799982e-14 -1.751990609088300066e-14 -1.747923397156699874e-14 -1.723667799949399882e-14
-1.588286237896899968e-14 -1.593238383603399988e-14 -1.745043149290599986e-14 -1.744389159946099900e-14 -1.748827842136300072e-14 -1.741892797918299924e-14 -1.739180740911000098e-14 -1.741623623247500126e-14 -1.747769480807799892e-14 -1.748335707006900157e-14 -1.748121539268199981e-14 -1.746552062042000113e-14 -1.746186516713400125e-14 -1.747341672971699975e-14 -1.753815692847499851e-14 -1.748231998840799868e-14 -1.697436835979599905e-14
-1.663861881761500053e-14 -1.664970164907800032e-14 -1.751843507883399893e-14 -1.746978318610000093e-14 -1.746446730333199943e-14 -1.743976696497900007e-14 -1.740289441301900052e-14 -1.739855363098800136e-14 -1.749493600287799905e-14 -1.748905722361499844e-14 -1.746349656255099996e-14 -1.746773286079900075e-14 -1.747659801187700025e-14 -1.749360431594099917e-14 -1.749540906359600134e-14 -1.747240270762700068e-14 -1.743822572768899899e-14
-1.621906646667800115e-14 -1.625315221367499909e-14 -1.748060692871099934e-14 -1.745617165323899850e-14 -1.747408214345399962e-14 -1.743107003171399857e-14 -1.740219110046799989e-14 -1.740754871923400153e-14 -1.748377882884300108e-14 -1.749284091437899953e-14 -1.747573040176799862e-14 -1.745854424651199857e-14 -1.746022617303899910e-14 -1.748294506317399914e-14 -1.753958831553400145e-14 -1.746873098788199996e-14 -1.705015570882400022e-14
-1.631536056505099988e-14 -1.635032840021200032e-14 -1.745475090145300026e-14 -1.744582328391000027e-14 -1.748230441101300005e-14 -1.742873697637100143e-14 -1.739776124246899845e-14 -1.740872499870400023e-14 -1.748157403994499969e-14 -1.748844675541900131e-14 -1.747765605074599974e-14 -1.746379573609399968e-14 -1.746373504371700073e-14 -1.747972977537399954e-14 -1.753159126793600020e-14 -1.747990252815799898e-14 -1.710003055606299895e-14
