3.859968216018100149e-16 -1.194428580391300079e-15 -1.194214305658200046e-15 -1.222163652856600092e-15 -7.526515334445500329e-16 -6.483206211175700131e-16 -8.770664260863399816e-16 -9.831826649756400216e-16 -8.243682909502600072e-16 8.695713712927799487e-17
1.168072274923600055e-15 -1.193080646378800016e-15 -1.348332415450300067e-15 -1.310599395302399916e-15 -7.011999466991300133e-16 -5.974163569807900122e-16 -9.050317550908599295e-16 -9.765984402977299285e-16 -7.335854004254100011e-16 5.911742066397100389e-16
3.803011834488399946e-16 -1.204377228154399924e-15 -1.192983094639200015e-15 -1.234515359757099905e-15 -7.285715886074799849e-16 -6.454208605029299740e-16 -8.841291080570299638e-16 -9.620246226801300344e-16 -7.878633527031300412e-16 1.739877859640099886e-16
6.629306180592799915e-16 -1.032235418557600003e-15 -1.196838223011600025e-15 -1.161600918328100044e-15 -7.805889734222200272e-16 -6.683714429640200033e-16 -8.632968950806799731e-16 -9.459104468648000678e-16 -7.964581252562900327e-16 6.216452370482300325e-17
-1.969630398232699873e-15 -8.486537301987900034e-16 -5.367926477663599775e-16 -8.259014326694200163e-16 -7.752004829417399856e-16 -8.826820966953399804e-16 -8.582121452789499967e-16 -8.364071007889299764e-16 -8.851655499951800175e-16 -1.201423910881300013e-15
-1.169716338809900055e-15 -1.008794644944500008e-15 -8.040940387532299703e-16 -9.851100221466500148e-16 -8.115954238488300224e-16 -7.515929400699200104e-16 -7.896906192860099878e-16 -9.054132268267500770e-16 -9.247927842616100969e-16 -9.445556999098100202e-16
-6.701227160020200557e-17 -9.428448084283599863e-16 -9.862037730503200591e-16 -1.066077953040400026e-15 -7.867699117905199776e-16 -7.244960032897599786e-16 -8.479605490818299785e-16 -9.069167520391199929e-16 -8.209527397530799871e-16 -3.253072690559800186e-16
6.166358914857899799e-16 -8.996675413605899492e-16 -1.105555614513000036e-15 -1.110434303667299959e-15 -7.485283963950100383e-16 -7.022191423643999935e-16 -8.929471070036500722e-16 -9.358716442830000433e-16 -7.868647200506100308e-16 2.680295815872200068e-17
-2.291566654537700186e-16 -1.102642275236599985e-15 -1.045884106381899907e-15 -1.098912314980400080e-15 -7.906674952974200310e-16 -7.051820301744100285e-16 -8.392874362893999977e-16 -9.236389402002700409e-16 -8.375349365831299671e-16 -3.225462188049399965e-16
3.740549874914599997e-17 -9.676127050301499336e-16 -1.023251528220499928e-15 -1.081757097329900073e-15 -7.908843907053300443e-16 -7.137860641467599856e-16 -8.495338366832000284e-16 -9.272395655241599451e-16 -8.358834952628299629e-16 -2.937976619352099943e-16
2.613964623395299772e-16 -9.887170402447199975e-16 -1.065466679653399902e-15 -1.097247439427600061e-15 -7.587934185626200210e-16 -7.501748211251600398e-16 -9.199031375976700973e-16 -8.728138261720199934e-16 -7.087624800091699664e-16 1.009026547546899955e-16
-5.679567342878000152e-17 -1.025400688696200013e-15 -1.012695338444699903e-15 -1.112947366787699969e-15 -7.574170879424500145e-16 -7.183339733263599545e-16 -8.725326351531800434e-16 -8.914575427678900074e-16 -7.686537459160000324e-16 -1.233937269368700047e-16
-2.084940510722200108e-16 -9.618387384860099624e-16 -9.935949153375700900e-16 -1.056971456196600062e-15 -8.298539298424500286e-16 -6.916379794317400062e-16 -7.836183446101199962e-16 -9.501020854635100316e-16 -9.233824558787900426e-16 -6.355292914407100073e-16
-1.380336130162200027e-15 -9.942751789273100340e-16 -7.540983796735900280e-16 -9.396871554682999897e-16 -8.299936100799299942e-16 -8.065796094693900224e-16 -8.106441788946200272e-16 -8.426280346985599841e-16 -8.580354440979699644e-16 -9.279576180127899898e-16
7.748187817395600358e-16 -1.092703967588300023e-15 -1.247445698334100078e-15 -1.224564235303599973e-15 -7.752135728709799611e-16 -6.074768153999899933e-16 -8.322711100306700345e-16 -1.015455294884599901e-15 -8.779382050154200131e-16 4.008456022270399812e-18
-2.587765693972699997e-16 -8.749824484761299994e-16 -9.204688184396900869e-16 -1.042047938955800023e-15 -7.843950819006499937e-16 -6.915132945781799690e-16 -8.014119054527899805e-16 -9.908459025095699341e-16 -9.734713442561999874e-16 -7.284276591239400008e-16
-1.674215889965399937e-15 -7.102025291251700404e-16 -5.740878353847300486e-16 -7.872036899641900323e-16 -8.548836216962999684e-16 -8.430527270891999583e-16 -7.643920848040799862e-16 -8.610431814450000103e-16 -9.766096186755800228e-16 -1.509334234703299987e-15
-5.265819771730099647e-16 -1.050966847660799999e-15 -9.232459609735299908e-16 -1.075474084159699994e-15 -7.362223397396499998e-16 -7.398240330295700398e-16 -8.850527195807900044e-16 -9.277612695975400088e-16 -8.380986044095000485e-16 -3.622228546994599949e-16
-1.121612531480500063e-15 -9.702768954748100816e-16 -8.115114866897799710e-16 -9.640844018269500634e-16 -8.619214263347000457e-16 -7.496054313514200017e-16 -7.482182751913599779e-16 -8.769972545912499994e-16 -9.197610128656100068e-16 -1.033935391324900011e-15
-1.028921244293499956e-16 -9.743659159498599615e-16 -1.039800366661799974e-15 -1.054075882883299935e-15 -8.269010355805899879e-16 -6.959367414239199855e-16 -7.954764676928199946e-16 -9.490711610011300093e-16 -9.104748242059800435e-16 -5.702899773358599837e-16
