5.878784274850166548e+04 -2.238831544428872744e-16 8.312006821792450663e-16
5.884868123299194122e+04 -1.001903391465520104e-15 1.183904108642551641e-16
5.889747798873866122e+04 -9.888282613518753257e-16 2.069274504386087415e-16
5.912356728654303879e+04 -1.072568805052600467e-15 1.268198917214069847e-16
5.923263342850196932e+04 -7.841126633851276220e-16 4.121636635908593124e-17
5.929747416851505113e+04 -7.166811492265415370e-16 6.924855806493092116e-17
5.933533165752198693e+04 -8.410338368473024829e-16 4.747500957292671289e-17
5.940017948248763423e+04 -9.240689478805798673e-16 4.862413874332546862e-17
5.941476529633342579e+04 -8.494328565285874692e-16 7.269167907791154141e-17
5.945490049454379186e+04 -3.966361895895783683e-16 5.244931810075627189e-16
