1.051004409666099943e-15 8.521094211972000225e-16 -1.114725717447999919e-15 -6.588136152154599918e-16 -6.916281563663499783e-16 -9.397292749833500256e-16 -8.759213222138799531e-16 -9.799786880153399924e-16 -8.739135188229999975e-16 -7.238036296452399666e-16 -8.745643703739099695e-16 -9.704795119105799278e-16 -7.659638779164600029e-16 -7.374052414476399830e-16 -9.154635668470200291e-16 -6.210761791110000306e-16 -9.950967370968099706e-16 -1.302496512546699974e-15 7.935574240415400459e-15
3.357932338873799698e-14 -5.492279574644699667e-15 -4.889676892790599767e-16 -7.426312336266899712e-16 -1.152449851082000088e-15 -8.516044789031700214e-16 -9.938351701729799157e-16 -9.972712839856799829e-16 -8.155197695651099846e-16 -8.508511590886299815e-16 -8.898918515071100943e-16 -7.865656545701999561e-16 -8.321307343984000209e-16 -9.270938899274099396e-16 -6.997391047076200161e-16 -6.583418606227099614e-16 -1.141360713256200035e-15 -6.612964285920700167e-16 9.042902190882299385e-16
-3.706494220662199696e-14 2.649079623320099910e-15 -1.318793052615999946e-15 -5.881011210782700360e-16 -6.519574882169700450e-16 -9.880034994553700780e-16 -8.639073832282500083e-16 -1.036678050350999983e-15 -8.766299388954900299e-16 -6.649091560246400359e-16 -8.747560631661900347e-16 -9.987779821532400165e-16 -7.504343662703200225e-16 -7.437870347485199630e-16 -9.337395297504899504e-16 -5.281168262139200367e-16 -1.045565708293299955e-15 -1.395509163468299963e-15 8.732403877824200682e-15
6.110823088715900189e-14 -6.302102238409400018e-15 -3.799059296850400237e-16 -8.054792351172000441e-16 -1.104505414076300000e-15 -7.998229485786100185e-16 -1.031346568816700075e-15 -8.975758615696999223e-16 -7.745165822536399572e-16 -9.299960807266600521e-16 -9.161441320627600169e-16 -7.301581453768499526e-16 -8.233836264290199703e-16 -9.560619128589599625e-16 -6.848426552333200258e-16 -6.536383126432499571e-16 -1.176588667540899971e-15 -6.633991035795499916e-16 1.569036027247399912e-15
3.122559194043700199e-14 -4.771290245944000092e-15 -5.431732055117199916e-16 -7.362655094089899957e-16 -1.052560091628600058e-15 -8.279299471315800022e-16 -1.014694054765200074e-15 -9.765738040953699270e-16 -8.091098476406399711e-16 -8.534099179415900487e-16 -8.826694411963499696e-16 -7.813808076282499893e-16 -8.324887979943400452e-16 -9.309452113618499700e-16 -7.210242579519900359e-16 -6.653540361011699687e-16 -1.121318419202699993e-15 -6.579515298954700066e-16 1.317363750709699983e-15
-3.919058581842400110e-14 2.268249597900799914e-15 -1.277470837172399946e-15 -5.727187457383199625e-16 -7.081949691509999570e-16 -9.796545960384300831e-16 -8.910154720569499372e-16 -1.073454648974999963e-15 -8.521745010892600048e-16 -6.626808551311299778e-16 -9.140324251436300166e-16 -9.775779537028799329e-16 -6.957018339762300328e-16 -7.579440789932099598e-16 -9.685905767680600651e-16 -4.510582401479199969e-16 -1.096775741079000025e-15 -1.477100131129000034e-15 9.771829777028999267e-15
3.684494094546199811e-14 -6.163641619567899674e-15 -4.150378351841899797e-16 -7.899663670095100131e-16 -1.158987545436399996e-15 -7.959326389655300287e-16 -1.049135408220499958e-15 -9.744986811808299142e-16 -7.869827297203399561e-16 -8.688778057589799693e-16 -8.721675582684299760e-16 -7.594330376143800408e-16 -8.835474644996400159e-16 -9.658996991559200459e-16 -6.138840845932799644e-16 -7.087100863151400087e-16 -1.200514507905899932e-15 -4.077943803628600086e-16 -8.628327433511000187e-16
1.514398341577599950e-15 -1.737991093020399969e-15 -8.262637460461500154e-16 -7.032711489880000030e-16 -9.704922875378500401e-16 -9.030429306145499023e-16 -9.602889410399999651e-16 -1.064540998041199953e-15 -8.144151218458099962e-16 -7.029522833395600066e-16 -8.928668602439700505e-16 -9.398626757964499082e-16 -7.979376497088000177e-16 -8.174850082882300224e-16 -8.112135167083300395e-16 -5.838771353753399761e-16 -1.110358543282199988e-15 -1.036703623840299924e-15 5.284073626454400005e-15
-2.523578071138999904e-16 -4.334713923051899779e-16 -1.047926092526699948e-15 -6.239073691777800362e-16 -7.664876768127499812e-16 -9.479883296507199546e-16 -8.751612334510900326e-16 -9.801207357805499647e-16 -9.049868132629499022e-16 -7.615820564059799546e-16 -8.214247243162899949e-16 -8.976275236600700599e-16 -8.316141579403700227e-16 -8.243588620055899633e-16 -8.035644000384699679e-16 -6.328455617865099509e-16 -1.109195201747099945e-15 -1.033507366064299960e-15 5.830829451030500269e-15
5.688256377926399476e-14 -6.788946526943600072e-15 -3.810842825561900099e-16 -7.775222398343399510e-16 -1.152278629785699930e-15 -8.090133139965400368e-16 -1.024796497372200044e-15 -9.729082345291799932e-16 -8.163452796521900478e-16 -8.530196447726400019e-16 -8.426677453617100365e-16 -8.007781259865300325e-16 -9.190826727583299071e-16 -9.252582147686699879e-16 -6.027576750174100431e-16 -7.653619256276099706e-16 -1.120083636629400074e-15 -4.838864055581400113e-16 -1.061322253815100002e-15
3.085207955480499780e-14 -7.231625269680300307e-15 -2.815900319487099801e-16 -7.910459106111899567e-16 -1.288820364962599946e-15 -7.841776241463599948e-16 -1.082456393130499938e-15 -1.010630826541799910e-15 -7.559004974377500250e-16 -8.789170004048499634e-16 -9.200099816462400385e-16 -7.523159439164300339e-16 -8.540107386206400370e-16 -9.602377359786699239e-16 -6.096834920133999672e-16 -7.420814499035799532e-16 -1.177554711971799952e-15 -2.659489058184899908e-16 -3.030518639462799958e-15
3.922612521229399877e-15 -1.919780308423899842e-15 -7.742804983551799883e-16 -7.404627278819099559e-16 -9.798498106821299687e-16 -8.733472758478800065e-16 -9.699293349913600864e-16 -1.031437663292599987e-15 -8.054510871182200209e-16 -7.718108168570300083e-16 -9.325908521622400115e-16 -8.713297823433700306e-16 -7.385690485697499793e-16 -8.385291325195600017e-16 -8.445336180537400036e-16 -5.585631180595300463e-16 -1.125684957620699936e-15 -1.025943159326400040e-15 5.491053181384100018e-15
-3.425263780783700254e-14 6.482917014188699930e-16 -1.136535364451099904e-15 -6.314506582427599878e-16 -8.019873205408400105e-16 -9.313297229540000413e-16 -9.183323859024399540e-16 -1.031891475515499915e-15 -8.387808387635299910e-16 -7.351101291576700080e-16 -9.084580925899900203e-16 -9.048017663586000231e-16 -7.383348925263699590e-16 -8.215108109328999681e-16 -8.878376984444799564e-16 -5.444319402503000426e-16 -1.106910366246300053e-15 -1.089084809025199906e-15 6.098860907108699846e-15
-3.563675883727999802e-14 1.020155374603899962e-15 -1.128591590147000062e-15 -6.151732164601799660e-16 -8.213035640913299604e-16 -9.683056367951700840e-16 -8.977977633724700275e-16 -1.084095326490500081e-15 -8.664691820001599867e-16 -6.711029610051300397e-16 -8.720851585825700127e-16 -9.508800916371399625e-16 -7.476665769131900420e-16 -7.829574486361400295e-16 -9.240516107713799480e-16 -5.717487359657399903e-16 -1.021779321663900066e-15 -1.196672351063999958e-15 6.140562506685200239e-15
3.991268522174999936e-14 -6.241904229022599708e-15 -4.682669679257999682e-16 -6.951555945066200061e-16 -1.194518749345400026e-15 -8.652886020051299627e-16 -1.022661485038200062e-15 -1.049308628903100089e-15 -7.989962652819100433e-16 -7.968471260691899703e-16 -8.913948592352200478e-16 -8.303316784692899786e-16 -8.273759887672999944e-16 -8.835330809186000454e-16 -7.003073126951700304e-16 -6.902032445562200472e-16 -1.146827985317600043e-15 -6.604765973489499563e-16 1.081958076148399926e-15
4.091797555755099941e-14 -6.369710994632699793e-15 -3.887398818195200077e-16 -7.662029964795500027e-16 -1.225730048452699912e-15 -8.357084754885800195e-16 -1.025367387271599931e-15 -9.925684701829799884e-16 -7.798638664721199686e-16 -8.804195186420399519e-16 -9.304404524633500212e-16 -7.456543654031199531e-16 -7.921006251073699633e-16 -9.533378305047700269e-16 -7.071526481702599867e-16 -6.190968805393599896e-16 -1.221789323931299961e-15 -6.337889861694400208e-16 1.547852164330599952e-15
-1.516187905295900102e-14 -1.021960665861300053e-15 -9.567832827503599367e-16 -6.217110970160900397e-16 -8.799849092716299908e-16 -9.508762770103899895e-16 -9.178707117960500447e-16 -9.897861242811500703e-16 -8.380846988721899637e-16 -7.755235935971499871e-16 -8.917548078794800270e-16 -8.764762501190500364e-16 -7.810750912610500278e-16 -8.433431981516799950e-16 -8.280520747335899739e-16 -6.105449307494499635e-16 -1.071930424316800079e-15 -9.557805336583600251e-16 3.866907017071200160e-15
1.098120292679799988e-14 -2.768939884303100166e-15 -7.810982717380300092e-16 -6.925798615320300308e-16 -9.610726304027400916e-16 -8.864034030386899843e-16 -9.679242707154100452e-16 -9.854902611973700778e-16 -8.121568361042200283e-16 -8.097324337100000199e-16 -9.085304261657600246e-16 -8.338245864571900480e-16 -7.703974635529899942e-16 -8.701569764443899952e-16 -8.271411963467499915e-16 -6.237620475387400016e-16 -1.072222170455000081e-15 -8.878960592589799696e-16 3.599985925117599729e-15
-8.543277518938599710e-14 5.688987059583599683e-15 -1.689475820548400083e-15 -4.761298492105300305e-16 -5.887317085573099674e-16 -1.084749671887300003e-15 -7.927514212212599770e-16 -1.129242875466500055e-15 -9.033153140857600166e-16 -5.994637136997199823e-16 -9.353782435415300425e-16 -1.030436971752500047e-15 -5.854580085016199607e-16 -6.749078683187500019e-16 -1.141885886064100051e-15 -3.862652996788600221e-16 -1.040546487084500018e-15 -1.788186605950499878e-15 1.283835084666599998e-14
-3.614901550697799837e-14 2.658358367413799955e-15 -1.281888442945300044e-15 -6.209742067189800198e-16 -6.997727458268399510e-16 -9.765691467278199199e-16 -8.875874751117900246e-16 -1.049069065058799992e-15 -8.290822398071100441e-16 -6.713968035150200374e-16 -9.529230907799199033e-16 -9.852958058188400084e-16 -6.355073561336199710e-16 -7.073153057271199975e-16 -1.048983700162400095e-15 -4.964794895107100358e-16 -1.031482361759599923e-15 -1.529135419473199940e-15 1.032572076108500002e-14
