5.878860365442287730e+04 3.282582862391861431e-15 3.792189951446919803e-14
5.890319919514415233e+04 -2.072920644866041212e-15 3.821025464291426711e-15
5.893722247345637152e+04 -8.340299270327423810e-16 3.947266293859151450e-16
5.897702033982756257e+04 -6.824781351927200395e-16 8.579493401457017597e-17
5.899997364790533902e+04 -9.425656981113717730e-16 2.115591708344078670e-16
5.902596485279832268e+04 -8.999738897109586015e-16 7.827499170202108421e-17
5.908473808243311942e+04 -9.531390339944414878e-16 7.504684479585190196e-17
5.911165821468040667e+04 -1.015356085172707399e-15 5.025973716469816679e-17
5.913972599372161494e+04 -8.276347464345697207e-16 4.052466698721334481e-17
5.916959720859111985e+04 -7.731203342746423650e-16 8.972759297229136436e-17
5.919546325738908490e+04 -8.962375568343325352e-16 3.134884057576797932e-17
5.922533143690137513e+04 -8.711994330337479624e-16 9.334842035631123110e-17
5.925241460067293519e+04 -7.801390485922905979e-16 7.738479726218547892e-17
5.927517751191325806e+04 -8.461034270844289201e-16 8.875404264181282176e-17
5.931104190681521868e+04 -8.137224302535629627e-16 1.448062621809623525e-16
5.933796362068613234e+04 -6.055778650348530197e-16 9.208481748293896478e-17
5.936888320432093315e+04 -1.106679299320050608e-15 5.977891467677092988e-17
5.939979806364837714e+04 -9.576279036065104665e-16 3.972070142019849009e-16
5.942873847774792375e+04 4.369098935938331244e-15 4.116453248131748874e-15
