58903.197707526122809 -0.010282259258958635072 117.91854540210314894
59025.963372516903011 -0.014513699769187706509 117.69513769023046734
59252.413217878981701 -0.0074218203678091371605 118.3212164335581349
59368.892701405761812 0.0064503919695238194098 118.20726325896946207
58765.772145327777135 -0.00096863929450440071409 116.99526245393902002
58977.017521868287105 -0.012942667378755959511 117.66332065180853306
59084.736641451547158 -0.015105215407277159171 118.02193222963150276
59195.461797286763009 -0.010489393098483031248 117.66693576626286699
59311.053771052873756 -0.0016726175305448845015 118.1258678329432712
59428.759652706436267 0.015325011135202344638 117.26987715057308037
58999.970946689640709 -0.013833122703930146325 118.22866783686836811
59111.656715961098104 -0.014349480367322326297 117.8437018731277135
59225.330007213980398 -0.0089323023932226946533 117.74201629730370655
59337.978686216989701 0.0018155541584330738649 118.09115773748072797
59455.65333938680951 0.018920918976970948658 117.37210458012427239
58937.220912627075283 -0.011820261933709918735 118.08269529304315881
59169.595743249014987 -0.011801220709779406309 117.98492324636814033
59275.176058066942243 -0.0055673141671403316316 117.87024035242397701
59399.811768805667846 0.010891042576760138231 117.47868591302756158
59518.48246310636528 0.02621994916577254883 117.78927362142843549
59139.724545494205781 -0.013431647070933470817 117.82976666428059787
59487.613491036374224 0.0227583981487462118 117.48405953729425732
