5.877469993882589188e+04
5.880157635507245868e+04
5.881136879259850684e+04
5.883357564195300074e+04
5.884473649863312312e+04
5.886250951551449543e+04
5.890324152767633495e+04
5.890849458998283080e+04
5.893726491562513547e+04
5.898204265758340625e+04
5.900490534351032693e+04
5.902598631923017092e+04
5.908475988161447458e+04
5.911168024003569735e+04
5.913947546397727274e+04
5.913974820068753615e+04
5.916388496963708894e+04
5.916961973165410745e+04
5.919550426309827162e+04
5.922535384207896277e+04
5.923968433685290802e+04
5.925243679219468322e+04
5.927519938747992273e+04
5.929951991921862646e+04
5.931106313027365832e+04
5.933798786391554313e+04
5.935798791736094427e+04
5.936890178671471222e+04
5.939982103234973329e+04
5.940784902615983447e+04
5.942876913887295086e+04
5.945698696416463645e+04
5.949595854892863281e+04
