5.877469993882589188e+04 -7.463857189381134155e-15 1.439057327422237995e-17
5.880157635507245868e+04 -7.518578472951726079e-15 7.876896628927426024e-18
5.881136879259850684e+04 -7.532581561315339904e-15 5.874511427298251941e-18
5.883357564195300074e+04 -7.552875611942489294e-15 2.364402545273524150e-18
5.884473649863312312e+04 -7.557596544838893512e-15 1.426330490380573122e-18
5.886250951551449543e+04 -7.558867975185050270e-15 1.655278922490789355e-18
5.890324152767633495e+04 -7.543574220528130204e-15 2.369423545632045760e-18
5.890849458998283080e+04 -7.540792388144346294e-15 2.299475725574497738e-18
5.893726491562513547e+04 -7.526623107056413899e-15 1.561256154110269108e-18
5.898204265758340625e+04 -7.517431574412704172e-15 1.066725364728354059e-18
5.900490534351032693e+04 -7.520380356980201084e-15 1.337531622054322098e-18
5.902598631923017092e+04 -7.526406613969685908e-15 1.418518058263916649e-18
5.908475988161447458e+04 -7.544396890543159774e-15 9.611677224015247062e-19
5.911168024003569735e+04 -7.546170785930279178e-15 1.030683484423599379e-18
5.913947546397727274e+04 -7.541872674817075709e-15 1.174611643191734713e-18
5.913974820068753615e+04 -7.541803607325556961e-15 1.175249425763222249e-18
5.916388496963708894e+04 -7.534314400438849580e-15 1.148328165085437873e-18
5.916961973165410745e+04 -7.532288638804019240e-15 1.121209692827613956e-18
5.919550426309827162e+04 -7.523499022022685369e-15 9.870759323548229068e-19
5.922535384207896277e+04 -7.517462670987070092e-15 1.046355991671096573e-18
5.923968433685290802e+04 -7.517281155780280008e-15 1.155528144000632296e-18
5.925243679219468322e+04 -7.518850693717569499e-15 1.248220531009228204e-18
5.927519938747992273e+04 -7.525495698864744450e-15 1.327849098491797292e-18
5.929951991921862646e+04 -7.536414386110403494e-15 1.281052035311868907e-18
5.931106313027365832e+04 -7.541985565188714578e-15 1.251639947228702611e-18
5.933798786391554313e+04 -7.552225973783574106e-15 1.349788198561598494e-18
5.935798791736094427e+04 -7.553720882217515460e-15 1.628666828091941885e-18
5.936890178671471222e+04 -7.551053792625724716e-15 1.845281570788217139e-18
5.939982103234973329e+04 -7.525771099621875118e-15 2.894086475682354869e-18
5.940784902615983447e+04 -7.514337300083169049e-15 3.362910532863033490e-18
5.942876913887295086e+04 -7.474637765275734415e-15 5.183311522313821794e-18
5.945698696416463645e+04 -7.400313080781010931e-15 9.186853791141335543e-18
5.949595854892863281e+04 -7.273924833694213917e-15 1.724868674775704933e-17
