5.877469993882599374e+04
5.883357564195319719e+04
5.890324152767634951e+04
5.893726491562512092e+04
5.898204265758331167e+04
5.900490534351016686e+04
5.902598631923009816e+04
5.908475988161459100e+04
5.911168024003574101e+04
5.913974820068771805e+04
5.916961973165431118e+04
5.919550426309832983e+04
5.922535384207913012e+04
5.925243679219480691e+04
5.927519938747976994e+04
5.931106313027373108e+04
5.933798786391528847e+04
5.936890178671458125e+04
5.939982103234961687e+04
5.942876913887287810e+04
