-4.099726543675600252e-15 -7.914365757358799846e-15 -7.417210557263000131e-15 -7.438752023726299722e-15 -7.618032489432000430e-15 -7.588869485348600679e-15 -7.515541560575900369e-15 -7.496388968106900776e-15 -7.572731232638499980e-15 -7.597354228611699779e-15 -7.548413839799700349e-15 -7.504690825060600219e-15 -7.507421478424300583e-15 -7.530263642010600110e-15 -7.524602552898199601e-15 -7.496569205741099714e-15 -7.560011556064900760e-15 -7.691016500237500702e-15 -7.424462526494800193e-15 -6.155285642793600099e-15
-4.209566268957300387e-15 -7.902285953951899685e-15 -7.427399933666900768e-15 -7.431365193768200772e-15 -7.611220177818799419e-15 -7.589568823615700769e-15 -7.520157289717299864e-15 -7.494281559730399374e-15 -7.571770140768900699e-15 -7.601255146760799930e-15 -7.552349960104799926e-15 -7.501625752526600346e-15 -7.497639858100399387e-15 -7.526384361768299405e-15 -7.533239512509500058e-15 -7.512392122972599265e-15 -7.554327236729799533e-15 -7.657867391493699848e-15 -7.441373067997000024e-15 -6.354833498505700352e-15
-4.003612721326900224e-15 -7.926722763599599770e-15 -7.417070441832099833e-15 -7.428626792799399892e-15 -7.618824004358600357e-15 -7.593251007928100115e-15 -7.518688352976799961e-15 -7.494232259654900062e-15 -7.574089409901900498e-15 -7.600433489334699651e-15 -7.546420451766099410e-15 -7.496709343558299514e-15 -7.500877231086300341e-15 -7.534962062144400135e-15 -7.538772155353300462e-15 -7.504741732833600431e-15 -7.546476534450300562e-15 -7.666679147700800526e-15 -7.449043694445000236e-15 -6.285412390121800196e-15
-4.634334387761000260e-15 -7.862144424284000247e-15 -7.439614909732900487e-15 -7.452875574992000689e-15 -7.600477059352699924e-15 -7.576107106265600008e-15 -7.515449764405300166e-15 -7.503962282352399927e-15 -7.569542847791899255e-15 -7.590141253588800103e-15 -7.546922818204399794e-15 -7.507400102650099773e-15 -7.507142129463700364e-15 -7.526337752753399430e-15 -7.523835792011899383e-15 -7.506222843881799332e-15 -7.562191034986099219e-15 -7.668274517026100328e-15 -7.430336893219299275e-15 -6.344902453420099916e-15
-4.023699611106100093e-15 -7.921394631602599994e-15 -7.420188764082999495e-15 -7.433567449829900566e-15 -7.615764789292999633e-15 -7.589174162855399842e-15 -7.517009566787999316e-15 -7.497626158102899387e-15 -7.572991549425599350e-15 -7.595047203695899266e-15 -7.542923465455999541e-15 -7.499307589582100555e-15 -7.507919240705200696e-15 -7.538336787049199446e-15 -7.535366175303399760e-15 -7.497583622529099877e-15 -7.548290121356899341e-15 -7.678950453279100514e-15 -7.443784689418000098e-15 -6.223858221736000096e-15
-3.544547461636200112e-15 -7.971803560035500354e-15 -7.402771872566399453e-15 -7.423070418622999966e-15 -7.630615968364499717e-15 -7.598434779526700637e-15 -7.514350672244899536e-15 -7.489613992836899916e-15 -7.576653674927200655e-15 -7.604583616878999965e-15 -7.547884873733900140e-15 -7.497824730288000455e-15 -7.503211275324600155e-15 -7.533200612720399559e-15 -7.529316324869299665e-15 -7.495743473484399371e-15 -7.562995647567799857e-15 -7.708499874385499985e-15 -7.407631144251200431e-15 -5.965195717248700037e-15
-4.319861277890199907e-15 -7.891970835722700103e-15 -7.428105067174000491e-15 -7.439424427412399454e-15 -7.607848633283000268e-15 -7.584364593957299439e-15 -7.518554544581299292e-15 -7.500198724274499719e-15 -7.569998183047599903e-15 -7.591924276010799558e-15 -7.545542430090300409e-15 -7.504921475108699719e-15 -7.509565392891399558e-15 -7.533783048124900666e-15 -7.529334400793600789e-15 -7.496924986094599961e-15 -7.548171920010399743e-15 -7.672704255118600741e-15 -7.457155601150200095e-15 -6.334185050921400374e-15
-4.203984401942899846e-15 -7.906171617494400416e-15 -7.425795606730599988e-15 -7.439237567438200449e-15 -7.610340319229300711e-15 -7.582773833817700292e-15 -7.513030300140599934e-15 -7.502674012494300244e-15 -7.579300925735599925e-15 -7.600443405487300168e-15 -7.544423075912899688e-15 -7.495536787081399342e-15 -7.499624915719999733e-15 -7.531666620274400718e-15 -7.534520336589199684e-15 -7.504365650454599334e-15 -7.550268198694300155e-15 -7.669379855435300568e-15 -7.449322128234099892e-15 -6.306487619436500172e-15
-4.017836476805000199e-15 -7.921590668504100501e-15 -7.421513395044500779e-15 -7.424232178977500530e-15 -7.613748691330199893e-15 -7.592065504540100745e-15 -7.520238410138000557e-15 -7.493759468766300242e-15 -7.573673718289300680e-15 -7.602876849736700292e-15 -7.550971675208299711e-15 -7.498951207109500721e-15 -7.497235400423700704e-15 -7.528837625126999423e-15 -7.535747019154499645e-15 -7.511401326214300195e-15 -7.553820561442700421e-15 -7.661595656121300782e-15 -7.431053875008699575e-15 -6.280408734641899805e-15
-4.636328787551300379e-15 -7.867737655522000261e-15 -7.429692022524400522e-15 -7.456993690627900774e-15 -7.612869928861300782e-15 -7.582401557987900633e-15 -7.513449418196299466e-15 -7.496297753488499473e-15 -7.569050971312200718e-15 -7.594780143495399973e-15 -7.549587986823899308e-15 -7.504955277077100385e-15 -7.502353876113399280e-15 -7.525884112608199746e-15 -7.529187299015299712e-15 -7.514353625210799860e-15 -7.563775442305199917e-15 -7.660352061093200629e-15 -7.423018026888200138e-15 -6.349979770248800354e-15
-4.318640245843299661e-15 -7.892007605694499594e-15 -7.431846155431799740e-15 -7.434445357204099446e-15 -7.605382928954399585e-15 -7.585727597221399911e-15 -7.521410313434000683e-15 -7.499550351169899744e-15 -7.571177458070000283e-15 -7.596754294134100764e-15 -7.549830961282200788e-15 -7.502679849079099453e-15 -7.498659707142500767e-15 -7.523118859345700689e-15 -7.527573008121500134e-15 -7.513346221895400427e-15 -7.564516327350699764e-15 -7.666247049171199875e-15 -7.424120488229600037e-15 -6.307757412185300351e-15
-3.997690152531699641e-15 -7.926385182221400640e-15 -7.419844435277199684e-15 -7.423058687355299448e-15 -7.619211550649500665e-15 -7.596993207481899813e-15 -7.521584118774199577e-15 -7.487716313269400091e-15 -7.571160136308199320e-15 -7.604756557074500625e-15 -7.553263402597199271e-15 -7.498183395802900335e-15 -7.493976963456400465e-15 -7.527651596245699392e-15 -7.538121570377099988e-15 -7.514588267915999895e-15 -7.551773099781300419e-15 -7.658315293084699589e-15 -7.450141774825200731e-15 -6.346389360275999834e-15
-4.292967431645099693e-15 -7.898374561732799796e-15 -7.419432136567700472e-15 -7.442997124358299693e-15 -7.616650964222400328e-15 -7.587195339447599322e-15 -7.514854355612599630e-15 -7.497453182177100494e-15 -7.573873261113899555e-15 -7.597883751796499397e-15 -7.546279585632900049e-15 -7.499465188462399299e-15 -7.502217234086900169e-15 -7.531371237164199386e-15 -7.533125315863500019e-15 -7.506041994896100335e-15 -7.555124430977400613e-15 -7.672972251287099249e-15 -7.447072716077500418e-15 -6.305664065495000014e-15
-3.802321438062000250e-15 -7.947421351480500054e-15 -7.410644669715999821e-15 -7.429624277026599678e-15 -7.621650874571299996e-15 -7.589626769123599220e-15 -7.510472655157999626e-15 -7.496817365279800175e-15 -7.582075022387900543e-15 -7.606394169755999966e-15 -7.546360811841599403e-15 -7.494673336063499824e-15 -7.500951883428599522e-15 -7.535072824839200044e-15 -7.535085797604999263e-15 -7.498017388289500261e-15 -7.550988487349000124e-15 -7.687128862265500589e-15 -7.434826542514500437e-15 -6.135147933781799858e-15
-5.632220058495500090e-15 -7.755387856700799472e-15 -7.471650560813499922e-15 -7.465507236262499897e-15 -7.579212470681800548e-15 -7.572309771241099301e-15 -7.532125820475400266e-15 -7.502343399581299970e-15 -7.549796685935299854e-15 -7.577215919824900131e-15 -7.555949459801800415e-15 -7.520811228448100569e-15 -7.502041006186300603e-15 -7.509084195369200479e-15 -7.517686528626100049e-15 -7.531170738360200681e-15 -7.568401294106800646e-15 -7.616562176866499785e-15 -7.463107948587400455e-15 -6.831407779907599847e-15
-4.535896841794600167e-15 -7.865048758551899576e-15 -7.442626136503000031e-15 -7.439669188442500444e-15 -7.593395269728800619e-15 -7.577945526169100561e-15 -7.523100166791200471e-15 -7.507076355586800066e-15 -7.567363741761699243e-15 -7.585529781490200121e-15 -7.543345019179500156e-15 -7.506242175281899319e-15 -7.508871045901800429e-15 -7.529627842934099936e-15 -7.526753735980100116e-15 -7.504694781384299429e-15 -7.557068660646099755e-15 -7.666974401815999630e-15 -7.448506971378699866e-15 -6.390719901170600023e-15
-5.164673695733700291e-15 -7.800701004095199954e-15 -7.459595419742000676e-15 -7.457014718668099864e-15 -7.584332137984899321e-15 -7.572157109856600166e-15 -7.525842399111399855e-15 -7.506814395168299722e-15 -7.560167830971099939e-15 -7.582396228861200592e-15 -7.550818249925600374e-15 -7.514444618811299267e-15 -7.504535690934600047e-15 -7.516528149554799468e-15 -7.519527808068700215e-15 -7.519827843096899250e-15 -7.567715548093500535e-15 -7.643399506797500435e-15 -7.448143683435699573e-15 -6.602955244657899800e-15
-4.382158512192599905e-15 -7.880614876181299471e-15 -7.430312863793100514e-15 -7.447555420645099591e-15 -7.609368446162700032e-15 -7.581670760996400601e-15 -7.513984186279599352e-15 -7.500770121684099486e-15 -7.574050034171200719e-15 -7.597053895992399590e-15 -7.547583671715300333e-15 -7.501687163166099893e-15 -7.501299844439299619e-15 -7.526490516175499443e-15 -7.528307312144299800e-15 -7.509519229044800611e-15 -7.562902259345800289e-15 -7.670873881559700319e-15 -7.423879928735000265e-15 -6.280559957238099804e-15
-4.386542991398000299e-15 -7.882825653112800498e-15 -7.430946806980700721e-15 -7.446580904660499744e-15 -7.606964339271500429e-15 -7.581040608594599836e-15 -7.515873532375099796e-15 -7.502510474799400185e-15 -7.571407299780999783e-15 -7.591690514019799318e-15 -7.544772434943700656e-15 -7.504144772026999814e-15 -7.507701962496400565e-15 -7.530894395226000350e-15 -7.528060733953699232e-15 -7.504886025756700114e-15 -7.561609961639900051e-15 -7.674530814479799422e-15 -7.418708997372399371e-15 -6.246462226760200062e-15
-3.736667567265100176e-15 -7.961155358806199656e-15 -7.403085156998100506e-15 -7.423438159505500295e-15 -7.623979719473700144e-15 -7.594298942881599786e-15 -7.515658752983299736e-15 -7.498168510712500344e-15 -7.580039229807800496e-15 -7.601345264098100470e-15 -7.541103290398100635e-15 -7.492381926664599975e-15 -7.503194789837400261e-15 -7.538931002078399434e-15 -7.537584343359300770e-15 -7.497781657857900102e-15 -7.552483352833199657e-15 -7.690605027774500180e-15 -7.422259583432499569e-15 -6.073403064160599816e-15
