5.877469993882599374e+04 -4.297163843680704973e-15 4.661717716476990155e-16
5.883357564195319719e+04 -7.894805503832650152e-15 4.922342072604660668e-17
5.890324152767634951e+04 -7.427467345622044097e-15 1.631105838575247258e-17
5.893726491562512092e+04 -7.438901819616165440e-15 1.217139116695873858e-17
5.898204265758331167e+04 -7.609994538151222033e-15 1.243677195395806985e-17
5.900490534351016686e+04 -7.585798824442848585e-15 7.381626895134291644e-18
5.902598631923009816e+04 -7.518068809037958610e-15 4.933654114639437950e-18
5.908475988161459100e+04 -7.498412782461832731e-15 4.988111957983375362e-18
5.911168024003574101e+04 -7.571545667707340385e-15 6.813125974454685540e-18
5.913974820068771805e+04 -7.595992999532439825e-15 7.509222776870769624e-18
5.916961973165431118e+04 -7.547737373220909939e-15 3.640077540867658527e-18
5.919550426309832983e+04 -7.502331837192463992e-15 6.536112817913919490e-18
5.922535384207913012e+04 -7.502822046308160478e-15 4.180566999371010398e-18
5.925243679219480691e+04 -7.528921362175680573e-15 6.839196694650278151e-18
5.927519938747976994e+04 -7.530287386129876022e-15 5.831850515072240736e-18
5.931106313027373108e+04 -7.507008636895734449e-15 8.860576418981769807e-18
5.933798786391528847e+04 -7.557145583786604279e-15 6.668336348022979214e-18
5.936890178671458125e+04 -7.669146448849679317e-15 1.842978815378553691e-17
5.939982103234961687e+04 -7.436897514084749640e-15 1.443954953372572404e-17
5.942876913887287810e+04 -6.306050802235379212e-15 1.751922867944419438e-16
