5.851644130201471125e+04
5.851743886135048524e+04
5.851843578792763583e+04
5.852441971139530506e+04
5.852541724230664840e+04
5.853040416103077587e+04
5.853140204032549082e+04
5.853239847635892511e+04
5.853543221270971844e+04
5.853642971875433432e+04
5.853742707194034301e+04
5.853842458509762218e+04
5.853942186008188582e+04
5.854341117688027589e+04
5.854740055768940510e+04
5.855017746489889396e+04
5.856934370427254180e+04
5.857034018658031709e+04
5.857234860403435596e+04
5.858032744780265784e+04
5.858132475129108934e+04
5.858631168822763721e+04
5.858730906992997916e+04
5.858830649429414188e+04
5.859030119727845158e+04
5.859329318955725466e+04
5.859728290838516841e+04
5.860027468740779295e+04
5.860226946152672463e+04
5.860326686458310724e+04
5.860426421432115603e+04
5.860725618177922297e+04
5.860825360261856258e+04
5.860925224276649533e+04
5.861024863270916831e+04
5.861124566607831366e+04
5.861324021627580805e+04
5.861922415840276517e+04
5.862022170367862418e+04
5.862221632855573989e+04
5.862321388805744937e+04
5.863218955257136986e+04
5.863318681703772017e+04
5.863617885928391479e+04
5.864714925913347543e+04
5.864814651295897784e+04
5.864914372768304020e+04
5.865014099217134935e+04
5.865113822467236605e+04
5.865213570601415267e+04
5.865413000039228791e+04
5.865810547895793570e+04
5.865910289276853291e+04
5.866010005773956800e+04
5.866109732580252603e+04
5.866209462230819918e+04
5.866309190104065783e+04
5.866408970944614703e+04
5.866508640163368545e+04
5.867406157616504061e+04
5.867805092579658231e+04
5.867904820810850651e+04
5.869101537912432104e+04
5.869201204646947735e+04
5.869600160239309480e+04
5.870098719649745908e+04
5.870198419090210518e+04
5.870298130261857295e+04
5.870397880536830053e+04
5.871395077580066572e+04
5.871494815059425309e+04
5.872192821717462357e+04
5.872292547822543565e+04
5.872392254020723340e+04
5.872890850778450113e+04
5.872990571907717094e+04
5.873688601688647032e+04
5.874486339100314217e+04
5.875184344013660302e+04
5.875284064435541950e+04
5.875383784502353228e+04
5.875782674724338722e+04
5.875882398346567061e+04
5.876779825638438342e+04
5.876879900479438948e+04
5.877876722944567155e+04
5.877976417420439248e+04
5.878076125049458642e+04
5.878380046601473441e+04
5.880074682095708704e+04
5.883764338807043532e+04
5.885354161001086322e+04
5.885856705853616586e+04
5.889738960738559399e+04
5.891638206861263461e+04
5.899815970517077949e+04
5.899915720482531469e+04
5.900015439165589487e+04
5.900115159270698496e+04
5.900406033276923699e+04
5.900804983020019426e+04
5.901503093442357931e+04
5.902201197829163721e+04
5.902300964505971933e+04
5.902500376284956292e+04
5.902599852887797169e+04
5.902699832855330169e+04
5.903098745997626975e+04
5.903196394352230709e+04
5.903296132236350240e+04
5.903395830306799326e+04
5.903695034007055074e+04
5.903794834101726155e+04
5.903894492358561547e+04
5.903994195761992887e+04
5.904093922271970951e+04
5.904193652692474279e+04
5.904293376714522310e+04
5.904393093626721384e+04
5.904492785655656189e+04
5.904891719071888656e+04
5.905190880832242692e+04
5.905290630450354365e+04
5.905490063922926493e+04
5.905589784036487254e+04
5.905689513748492027e+04
5.905789229241019348e+04
5.905888961441599531e+04
5.905988742343495687e+04
5.906088394560413144e+04
5.908082795103183162e+04
5.909379164820683945e+04
5.909478887073392980e+04
5.909578573777816200e+04
5.910077149495499907e+04
5.910176895566326857e+04
5.911090550075013016e+04
5.913068692752897914e+04
5.913168399014368333e+04
5.913467601338720124e+04
5.913883090370817808e+04
5.920350385617038410e+04
5.920450117129304272e+04
5.921363952014628740e+04
5.922949053612966964e+04
5.925237129297239881e+04
5.926134760616374842e+04
5.926533697011424374e+04
5.927132042420419020e+04
5.927331551679140830e+04
5.927531038187231024e+04
5.927644104241257446e+04
5.929126797680917662e+04
5.929230688004851254e+04
5.929330537195948273e+04
5.929529876184999011e+04
5.929632409985795675e+04
5.930627050604294345e+04
5.930926208930149733e+04
5.931325118694028060e+04
5.931833034547416173e+04
5.933326618313229119e+04
5.934018028586747823e+04
5.934117076170566725e+04
5.934715472484983184e+04
5.934815218949974224e+04
5.935214166419082176e+04
5.935723315474833362e+04
5.936211434145681415e+04
5.936311172436784545e+04
5.936410910728154704e+04
5.936710060549727496e+04
5.936909638090940280e+04
5.938206102951597131e+04
5.938305909143177269e+04
5.938405520885439182e+04
5.938505175997070182e+04
5.938604882298194570e+04
5.938704721194865124e+04
5.939414684553764528e+04
5.940486805392323004e+04
5.941604634288871603e+04
5.941895940751471790e+04
5.943089941920733690e+04
5.944301494388992433e+04
5.945475040027444629e+04
5.946692164030701679e+04
5.947867449448257685e+04
5.949684019693332812e+04
