5.851644130201471125e+04 -5.913139782321855286e-14 2.676602858029571398e-17
5.851743886135048524e+04 -5.912733973776926437e-14 2.638138108337955521e-17
5.851843578792763583e+04 -5.912328314278164068e-14 2.599805983732551513e-17
5.852441971139530506e+04 -5.909895749439351845e-14 2.372372495504691971e-17
5.852541724230664840e+04 -5.909491388455829956e-14 2.334961707945281654e-17
5.853040416103077587e+04 -5.907479577673219633e-14 2.150464946584128286e-17
5.853140204032549082e+04 -5.907079496018284204e-14 2.114095230380924006e-17
5.853239847635892511e+04 -5.906680994735794967e-14 2.077973942758737182e-17
5.853543221270971844e+04 -5.905474648140659781e-14 1.969261698362859906e-17
5.853642971875433432e+04 -5.905080520328915087e-14 1.933950192341108168e-17
5.853742707194034301e+04 -5.904687821870408007e-14 1.898867473278914210e-17
5.853842458509762218e+04 -5.904296499849679355e-14 1.864007707608755751e-17
5.853942186008188582e+04 -5.903906779604309018e-14 1.829389845426133871e-17
5.854341117688027589e+04 -5.902364253894271291e-14 1.693344721851274486e-17
5.854740055768940510e+04 -5.900851159308475278e-14 1.561416561251435459e-17
5.855017746489889396e+04 -5.899817458212304394e-14 1.472166664476896709e-17
5.856934370427254180e+04 -5.893221970933108442e-14 9.210119948749096231e-18
5.857034018658031709e+04 -5.892908597851404952e-14 8.957204549605983937e-18
5.857234860403435596e+04 -5.892286812868631551e-14 8.458273460524434765e-18
5.858032744780265784e+04 -5.889951310927458984e-14 6.623838869699292522e-18
5.858132475129108934e+04 -5.889675022037149822e-14 6.411711888609287088e-18
5.858631168822763721e+04 -5.888347407616689643e-14 5.411058411389173400e-18
5.858730906992997916e+04 -5.888092828931389846e-14 5.223287952500941789e-18
5.858830649429414188e+04 -5.887841933019835402e-14 5.039759675828350969e-18
5.859030119727845158e+04 -5.887351326267519244e-14 4.685740192236035801e-18
5.859329318955725466e+04 -5.886643528522238912e-14 4.188358388918089516e-18
5.859728290838516841e+04 -5.885752680732050763e-14 3.591681680239538686e-18
5.860027468740779295e+04 -5.885124700359885218e-14 3.198058656347367085e-18
5.860226946152672463e+04 -5.884725148929315303e-14 2.963240930422754900e-18
5.860326686458310724e+04 -5.884531126432625033e-14 2.854568206252745431e-18
5.860426421432115603e+04 -5.884340953223611290e-14 2.751932316900820112e-18
5.860725618177922297e+04 -5.883793474019110106e-14 2.481711630441230457e-18
5.860825360261856258e+04 -5.883618631184404631e-14 2.404638814221010151e-18
5.860925224276649533e+04 -5.883447409611980083e-14 2.334169276216165409e-18
5.861024863270916831e+04 -5.883280392807055223e-14 2.270605116553075104e-18
5.861124566607831366e+04 -5.883117080061609808e-14 2.213776906314687631e-18
5.861324021627580805e+04 -5.882801788544315026e-14 2.120346087153293563e-18
5.861922415840276517e+04 -5.881946451021274539e-14 1.991211047579905401e-18
5.862022170367862418e+04 -5.881816943117743990e-14 1.988842673560317069e-18
5.862221632855573989e+04 -5.881569058570825915e-14 1.997118799105267507e-18
5.862321388805744937e+04 -5.881450586885799646e-14 2.006916770212668658e-18
5.863218955257136986e+04 -5.880545878972831262e-14 2.194118982207218505e-18
5.863318681703772017e+04 -5.880462843027905548e-14 2.219947261476164018e-18
5.863617885928391479e+04 -5.880234007451445778e-14 2.297176035384518223e-18
5.864714925913347543e+04 -5.879643342489365223e-14 2.528223329701224936e-18
5.864814651295897784e+04 -5.879607974270036705e-14 2.542896508503764884e-18
5.864914372768304020e+04 -5.879575501251919734e-14 2.556344775997685105e-18
5.865014099217134935e+04 -5.879545881390081117e-14 2.568552577987885745e-18
5.865113822467236605e+04 -5.879519077393715334e-14 2.579506749846599877e-18
5.865213570601415267e+04 -5.879495042230460638e-14 2.589202051298806769e-18
5.865413000039228791e+04 -5.879455146595605659e-14 2.604789933424741097e-18
5.865810547895793570e+04 -5.879406897551353096e-14 2.620846941857837560e-18
5.865910289276853291e+04 -5.879401078643453812e-14 2.621785538665466392e-18
5.866010005773956800e+04 -5.879397693749054024e-14 2.621510422010931910e-18
5.866109732580252603e+04 -5.879396696113174412e-14 2.620037885037616112e-18
5.866209462230819918e+04 -5.879398040813870718e-14 2.617385584782518973e-18
5.866309190104065783e+04 -5.879401681923374527e-14 2.613572889957073600e-18
5.866408970944614703e+04 -5.879407576848163625e-14 2.608617507101334013e-18
5.866508640163368545e+04 -5.879415667194430138e-14 2.602550486157536275e-18
5.867406157616504061e+04 -5.879579774043350926e-14 2.501739314696849079e-18
5.867805092579658231e+04 -5.879699509389623687e-14 2.433633107880265920e-18
5.867904820810850651e+04 -5.879733357870180296e-14 2.414719977627861015e-18
5.869101537912432104e+04 -5.880239102642014250e-14 2.143416599991265288e-18
5.869201204646947735e+04 -5.880287950699840950e-14 2.118163300941555246e-18
5.869600160239309480e+04 -5.880490909146688748e-14 2.014974311888079660e-18
5.870098719649745908e+04 -5.880757371517531932e-14 1.883992333290723966e-18
5.870198419090210518e+04 -5.880811855068378171e-14 1.857891022927575176e-18
5.870298130261857295e+04 -5.880866625491274433e-14 1.831902281706141241e-18
5.870397880536830053e+04 -5.880921647410629374e-14 1.806055424115709461e-18
5.871395077580066572e+04 -5.881473365534888915e-14 1.563940719001375189e-18
5.871494815059425309e+04 -5.881527634067460599e-14 1.542121796810657750e-18
5.872192821717462357e+04 -5.881894781498636513e-14 1.406963154492811403e-18
5.872292547822543565e+04 -5.881944878651125508e-14 1.390475202373749649e-18
5.872392254020723340e+04 -5.881994241626426063e-14 1.374762243849676510e-18
5.872890850778450113e+04 -5.882228706208014151e-14 1.308270934338997410e-18
5.872990571907717094e+04 -5.882272826127146071e-14 1.297454144974894784e-18
5.873688601688647032e+04 -5.882550832135761182e-14 1.244820777914536653e-18
5.874486339100314217e+04 -5.882790391163679858e-14 1.229280651335768974e-18
5.875184344013660302e+04 -5.882918369460615300e-14 1.244410418800940970e-18
5.875284064435541950e+04 -5.882929776926534218e-14 1.248060455439803513e-18
5.875383784502353228e+04 -5.882939381466729922e-14 1.251983363020599603e-18
5.875782674724338722e+04 -5.882959257454995035e-14 1.269781277752624191e-18
5.875882398346567061e+04 -5.882959468482900636e-14 1.274609548754699417e-18
5.876779825638438342e+04 -5.882871179095244566e-14 1.319530195210188576e-18
5.876879900479438948e+04 -5.882850924227016226e-14 1.324315077279788826e-18
5.877876722944567155e+04 -5.882529661358814311e-14 1.363985271103140766e-18
5.877976417420439248e+04 -5.882485341789826859e-14 1.366942768229150476e-18
5.878076125049458642e+04 -5.882438765627640393e-14 1.369690558194512161e-18
5.878380046601473441e+04 -5.882282850789425182e-14 1.376733004655050898e-18
5.880074682095708704e+04 -5.881026926941489354e-14 1.379120885799471377e-18
5.883764338807043532e+04 -5.876203793668268469e-14 1.258945244857600224e-18
5.885354161001086322e+04 -5.873455314135705855e-14 1.205802646774649307e-18
5.885856705853616586e+04 -5.872535277239214961e-14 1.190222571362830019e-18
5.889738960738559399e+04 -5.865290632167255101e-14 1.033210713657736201e-18
5.891638206861263461e+04 -5.862151838923694427e-14 9.253012440247946105e-19
5.899815970517077949e+04 -5.858418299868881139e-14 1.317477003819921596e-18
5.899915720482531469e+04 -5.858498201437329862e-14 1.324727643757878540e-18
5.900015439165589487e+04 -5.858581229262506492e-14 1.331717930811306178e-18
5.900115159270698496e+04 -5.858667400871260776e-14 1.338442104114700482e-18
5.900406033276923699e+04 -5.858936621597900243e-14 1.356464286985149573e-18
5.900804983020019426e+04 -5.859348766672454017e-14 1.377071715112661611e-18
5.901503093442357931e+04 -5.860187074965274036e-14 1.400638120081106317e-18
5.902201197829163721e+04 -5.861169826206968954e-14 1.407020522270264724e-18
5.902300964505971933e+04 -5.861321704517191453e-14 1.406470225969207068e-18
5.902500376284956292e+04 -5.861633640150625466e-14 1.404256981630414239e-18
5.902599852887797169e+04 -5.861793374171960638e-14 1.402596624086895876e-18
5.902699832855330169e+04 -5.861956652972340124e-14 1.400554039187023695e-18
5.903098745997626975e+04 -5.862634964975121008e-14 1.388678045312752535e-18
5.903196394352230709e+04 -5.862807427766514661e-14 1.384866577364156958e-18
5.903296132236350240e+04 -5.862986138722180846e-14 1.380608990093175287e-18
5.903395830306799326e+04 -5.863167335784303994e-14 1.375986530619724321e-18
5.903695034007055074e+04 -5.863726211843199440e-14 1.359938747704733639e-18
5.903794834101726155e+04 -5.863917568538718794e-14 1.353869706350488306e-18
5.903894492358561547e+04 -5.864111073896115412e-14 1.347457344442903111e-18
5.903994195761992887e+04 -5.864307058929044888e-14 1.340694212289992433e-18
5.904093922271970951e+04 -5.864505453850611699e-14 1.333585677222178874e-18
5.904193652692474279e+04 -5.864706192068115312e-14 1.326137639230183428e-18
5.904293376714522310e+04 -5.864909222983990761e-14 1.318356037352285139e-18
5.904393093626721384e+04 -5.865114514516344192e-14 1.310246243048445538e-18
5.904492785655656189e+04 -5.865321998473225564e-14 1.301815885064917815e-18
5.904891719071888656e+04 -5.866174104338516146e-14 1.264982143340741863e-18
5.905190880832242692e+04 -5.866835119939872179e-14 1.234317464951531844e-18
5.905290630450354365e+04 -5.867059542572324355e-14 1.223558513037998203e-18
5.905490063922926493e+04 -5.867514065791214059e-14 1.201304344166620499e-18
5.905589784036487254e+04 -5.867744179374884734e-14 1.189826382392459499e-18
5.905689513748492027e+04 -5.867976165427488073e-14 1.178128504420171834e-18
5.905789229241019348e+04 -5.868209933442670369e-14 1.166225534184768556e-18
5.905888961441599531e+04 -5.868445520654283910e-14 1.154126171014675147e-18
5.905988742343495687e+04 -5.868682968757005123e-14 1.141839574124450927e-18
5.906088394560413144e+04 -5.868921817722354950e-14 1.129401343941992493e-18
5.908082795103183162e+04 -5.874003375206039050e-14 8.727383336681955611e-19
5.909379164820683945e+04 -5.877519518393565891e-14 7.579798832063270518e-19
5.909478887073392980e+04 -5.877793763765809480e-14 7.531672385679483913e-19
5.909578573777816200e+04 -5.878068245128444701e-14 7.490592441099704205e-19
5.910077149495499907e+04 -5.879444616253041551e-14 7.395752495065052429e-19
5.910176895566326857e+04 -5.879720403623061222e-14 7.399477655092341971e-19
5.911090550075013016e+04 -5.882243580120180015e-14 7.771573994686572196e-19
5.913068692752897914e+04 -5.887572525076565772e-14 9.935481272680503606e-19
5.913168399014368333e+04 -5.887832194249163281e-14 1.006292938634059073e-18
5.913467601338720124e+04 -5.888604475103311374e-14 1.044373401442930606e-18
5.913883090370817808e+04 -5.889658159311895284e-14 1.096042415023067280e-18
5.920350385617038410e+04 -5.901612622660000542e-14 1.227391223391311588e-18
5.920450117129304272e+04 -5.901713404006954820e-14 1.218683201118221495e-18
5.921363952014628740e+04 -5.902501029567643105e-14 1.131492116247338752e-18
5.922949053612966964e+04 -5.903278402099958382e-14 9.757705068274199152e-19
5.925237129297239881e+04 -5.903092397494928615e-14 8.651479168948432053e-19
5.926134760616374842e+04 -5.902615713690450624e-14 8.811150019001656922e-19
5.926533697011424374e+04 -5.902335177626104839e-14 8.969900095856322012e-19
5.927132042420419020e+04 -5.901838692535650823e-14 9.275777881472675173e-19
5.927331551679140830e+04 -5.901653608417345544e-14 9.389724800342867020e-19
5.927531038187231024e+04 -5.901459069525340759e-14 9.507145974913300241e-19
5.927644104241257446e+04 -5.901344670857674219e-14 9.574710489335500219e-19
5.929126797680917662e+04 -5.899585361399154281e-14 1.042157228676584947e-18
5.929230688004851254e+04 -5.899445291693209731e-14 1.047257756245952996e-18
5.929330537195948273e+04 -5.899308760020018996e-14 1.052006356357687077e-18
5.929529876184999011e+04 -5.899030707513590695e-14 1.061013766315024033e-18
5.929632409985795675e+04 -5.898884904593470968e-14 1.065392352439133351e-18
5.930627050604294345e+04 -5.897379878852430567e-14 1.098368786829306520e-18
5.930926208930149733e+04 -5.896897995580298309e-14 1.104968961533517749e-18
5.931325118694028060e+04 -5.896237065621895295e-14 1.111655430926155448e-18
5.931833034547416173e+04 -5.895368399011304534e-14 1.117297873684670059e-18
5.933326618313229119e+04 -5.892681524280525898e-14 1.126832590415970742e-18
5.934018028586747823e+04 -5.891396386707629791e-14 1.135167909687963538e-18
5.934117076170566725e+04 -5.891211296397786245e-14 1.136863292664762755e-18
5.934715472484983184e+04 -5.890091604093745641e-14 1.150357805324946593e-18
5.934815218949974224e+04 -5.889905083959469658e-14 1.153174579151211615e-18
5.935214166419082176e+04 -5.889160863177713118e-14 1.166045083236757969e-18
5.935723315474833362e+04 -5.888218303443174847e-14 1.185816130947392525e-18
5.936211434145681415e+04 -5.887326784854900342e-14 1.207265003540453835e-18
5.936311172436784545e+04 -5.887146500726949901e-14 1.211809630388646344e-18
5.936410910728154704e+04 -5.886966944739094714e-14 1.216373465383523506e-18
5.936710060549727496e+04 -5.886433148755559367e-14 1.230004010823099374e-18
5.936909638090940280e+04 -5.886081380064126163e-14 1.238865051506864314e-18
5.938206102951597131e+04 -5.883903355119143602e-14 1.280322972033085921e-18
5.938305909143177269e+04 -5.883744772575780465e-14 1.281627928632061656e-18
5.938405520885439182e+04 -5.883587977299858681e-14 1.282573697887238779e-18
5.938505175997070182e+04 -5.883432627311574098e-14 1.283149338039490477e-18
5.938604882298194570e+04 -5.883278748103549994e-14 1.283341877200410699e-18
5.938704721194865124e+04 -5.883126253712736314e-14 1.283139319083674326e-18
5.939414684553764528e+04 -5.882090772556755579e-14 1.269780386947195107e-18
5.940486805392323004e+04 -5.880709811624966942e-14 1.216420550338994443e-18
5.941604634288871603e+04 -5.879541056267574570e-14 1.185453206662327332e-18
5.941895940751471790e+04 -5.879286744690645439e-14 1.203687189551991104e-18
5.943089941920733690e+04 -5.878480369499763061e-14 1.532686556709267967e-18
5.944301494388992433e+04 -5.878075986542765519e-14 2.393367113991609365e-18
5.945475040027444629e+04 -5.878106188924559609e-14 3.719138636070309581e-18
5.946692164030701679e+04 -5.878589277423300307e-14 5.574410003027366106e-18
5.947867449448257685e+04 -5.879492071726230432e-14 7.819878385953315805e-18
5.949684019693332812e+04 -5.881695159062760223e-14 1.214337540378647498e-17
