59004.964586746262569 0.0019622821063049694734 69.334529120139848146
59117.648584147634612 7.4191936660898184689e-06 68.64869200812469785
59202.402999726600076 -0.0014814444957762076418 68.779853862773961737
58774.655394957725466 0.00049538303215656428953 67.994461342288616379
58937.272913227761205 0.001941056060786079913 68.590615939010135094
59173.52879822409686 -0.00084236766366599661846 68.756600097104040969
59257.331964922129654 -0.0022069144576244581684 68.871582766525804686
58775.558793722650076 0.00054353790738907148723 68.076157016347735862
58982.103775010833541 0.0020476370568745565444 69.004921378139485455
59090.723251746123914 0.00051295163406175713441 68.584073712128429179
59183.593653574424167 -0.0012008528591274054373 67.891394053000055919
59284.228724177180446 -0.0024128369513632013236 69.288396251291942463
58903.249240216698318 0.0016796714541077960764 68.809024925489353564
59033.8636361473175 0.0017713866470247436236 68.636539476554276007
59146.562786603112908 -0.00054115419822618759296 68.880446402630624902
59232.419683423260267 -0.0018930763267935890799 68.872230167799315836
58881.476411801720467 0.00159098877142052559 67.816855627773279025
