5.877465539495771372e+04
5.877555879372263007e+04
5.884929135570065409e+04
5.888147641180171922e+04
5.890324924021668267e+04
5.890847413511411287e+04
5.893727291322777455e+04
5.898210377501080802e+04
5.900496458674623864e+04
5.903386363614730362e+04
5.909072325174615253e+04
5.911764858414762421e+04
5.914054089012004260e+04
5.914656278660309181e+04
5.917352879822407704e+04
5.918359365357442584e+04
5.920240299972666253e+04
5.923241968342328619e+04
5.924066990480478853e+04
5.925733196492215939e+04
5.928422872417722829e+04
5.929941604734006251e+04
