5.877465539495771372e+04 -1.736203514473374691e-14 1.014967448150484960e-16
5.877555879372263007e+04 -1.736237271881179882e-14 9.970802836910846588e-17
5.884929135570065409e+04 -1.746384243078949806e-14 5.092286050890976374e-18
5.888147641180171922e+04 -1.749215815867879620e-14 1.221194705665912935e-17
5.890324924021668267e+04 -1.749114739174855114e-14 8.427528805327282147e-18
5.890847413511411287e+04 -1.748864361838714969e-14 7.048188850020357960e-18
5.893727291322777455e+04 -1.746403229000124984e-14 1.158508291714883255e-18
5.898210377501080802e+04 -1.742142671621889991e-14 4.059130282858677988e-18
5.900496458674623864e+04 -1.741364344108960196e-14 1.555958388454235885e-18
5.903386363614730362e+04 -1.742269238824900280e-14 2.601374882805093430e-18
5.909072325174615253e+04 -1.747088932016794958e-14 1.618090595591279354e-18
5.911764858414762421e+04 -1.748534593849314469e-14 2.078149367779499618e-18
5.914054089012004260e+04 -1.748738972616574907e-14 3.553232076621837348e-18
5.914656278660309181e+04 -1.748653227869290103e-14 3.547097713855156881e-18
5.917352879822407704e+04 -1.747884899740914788e-14 1.401146385695643945e-18
5.918359365357442584e+04 -1.747583138053029870e-14 9.471670532457169634e-19
5.920240299972666253e+04 -1.747289905563300069e-14 3.531860905288928534e-18
5.923241968342328619e+04 -1.748190669119385018e-14 3.889110271203084663e-18
5.924066990480478853e+04 -1.748795681693619526e-14 2.518143347026124785e-18
5.925733196492215939e+04 -1.750436616411214966e-14 7.276548811858426423e-18
5.928422872417722829e+04 -1.753723559722845334e-14 3.295807088175863791e-17
5.929941604734006251e+04 -1.755421810963245180e-14 5.446170588445713691e-17
