-1.734368488389999987e-14 -1.734439015250899910e-14 -1.746537281539099845e-14 -1.749442448981900057e-14 -1.749245783832699864e-14 -1.748966155898200104e-14 -1.746359159476799912e-14 -1.742053339215200000e-14 -1.741326192391799890e-14 -1.742299886888199903e-14 -1.747117468964000037e-14 -1.748533619130899965e-14 -1.748739491281399963e-14 -1.748659647800900071e-14 -1.747934435145400136e-14 -1.747646468831499857e-14 -1.747349498058000107e-14 -1.748072820655899967e-14 -1.748574179512299968e-14 -1.749918497476499872e-14 -1.752481790766599984e-14 -1.753666366214100143e-14
-1.736399154377100015e-14 -1.736424521791800099e-14 -1.746322543520399904e-14 -1.749215140291299886e-14 -1.749150629278199844e-14 -1.748905859840400077e-14 -1.746447885844999911e-14 -1.742127380555499844e-14 -1.741321212259800060e-14 -1.742220538957599869e-14 -1.747105361302000085e-14 -1.748569208163999998e-14 -1.748764465385699918e-14 -1.748672886739899964e-14 -1.747871731497100132e-14 -1.747560455633099943e-14 -1.747266047263499986e-14 -1.748244538548500032e-14 -1.748893364436999844e-14 -1.750654230441699971e-14 -1.754209579326199978e-14 -1.756081287792600121e-14
-1.735419286858000063e-14 -1.735467287326600042e-14 -1.746516702374800074e-14 -1.749365443975800092e-14 -1.749177574844799860e-14 -1.748901228700600086e-14 -1.746306395612999936e-14 -1.742006437917899864e-14 -1.741298403074800034e-14 -1.742320078715799867e-14 -1.747191435745799942e-14 -1.748546969975199926e-14 -1.748663407869800083e-14 -1.748559174553399956e-14 -1.747761756025299858e-14 -1.747478208490100107e-14 -1.747265162078799882e-14 -1.748388857391099927e-14 -1.749063127103299891e-14 -1.750832092637899938e-14 -1.754226627622500006e-14 -1.755895784453999987e-14
-1.733731739377499954e-14 -1.733804090462799868e-14 -1.746439289307800120e-14 -1.749514991623999894e-14 -1.749351675463100096e-14 -1.749071535709500118e-14 -1.746425044545799968e-14 -1.742050201525299893e-14 -1.741325189029999902e-14 -1.742329333706399870e-14 -1.747141566312400062e-14 -1.748487071521000063e-14 -1.748626111676100109e-14 -1.748532911517199913e-14 -1.747800204042699941e-14 -1.747540141980700013e-14 -1.747351007474499933e-14 -1.748393142855400123e-14 -1.749006141997600108e-14 -1.750588528086700095e-14 -1.753500357573300137e-14 -1.754813712987100007e-14
-1.729960073771299953e-14 -1.730109513779299865e-14 -1.746790873283999995e-14 -1.749958089181899896e-14 -1.749559768708799902e-14 -1.749212938922199996e-14 -1.746260215678400086e-14 -1.741882490208700096e-14 -1.741324242530399946e-14 -1.742512536863100137e-14 -1.747191682670899921e-14 -1.748358829518199976e-14 -1.748430562323799901e-14 -1.748341037063800050e-14 -1.747732296819800112e-14 -1.747548231419400041e-14 -1.747490125885100022e-14 -1.748488674041299926e-14 -1.748986335732099914e-14 -1.750148621262699854e-14 -1.751798522596400042e-14 -1.752106461487000117e-14
-1.728793433577099959e-14 -1.728961603474999916e-14 -1.746771396250200023e-14 -1.750071993026900091e-14 -1.749676045623999928e-14 -1.749323579540199899e-14 -1.746321917492799983e-14 -1.741878306702299953e-14 -1.741302887756299949e-14 -1.742477544231200137e-14 -1.747153633768500068e-14 -1.748351085394099982e-14 -1.748469753095899923e-14 -1.748394536201699870e-14 -1.747843776175900095e-14 -1.747671286578200040e-14 -1.747603275977300015e-14 -1.748452908850199920e-14 -1.748873135085999984e-14 -1.749826987107999976e-14 -1.751008213522800087e-14 -1.751003416215399999e-14
-1.762065851559999865e-14 -1.761642128475099898e-14 -1.745092805192199896e-14 -1.746111916225599958e-14 -1.746991959280700116e-14 -1.747097639267799937e-14 -1.746589349290599916e-14 -1.743149244409299922e-14 -1.741699904700800105e-14 -1.741618158105099883e-14 -1.746746356642199928e-14 -1.749064638563400060e-14 -1.749650653094900029e-14 -1.749558020041800020e-14 -1.748164480687099952e-14 -1.747444544089599908e-14 -1.746367665320600135e-14 -1.747212378077000054e-14 -1.748337678986899969e-14 -1.752049205331600094e-14 -1.762002274905099935e-14 -1.769234306991299900e-14
-1.743683703859999997e-14 -1.743586789369800031e-14 -1.745938253401099922e-14 -1.748267261246599977e-14 -1.748505102824100053e-14 -1.748373450092999896e-14 -1.746557806017499899e-14 -1.742545948893199894e-14 -1.741509537636899884e-14 -1.742019600115699949e-14 -1.746868443240399887e-14 -1.748665869692399968e-14 -1.749094169910199928e-14 -1.749033786215800052e-14 -1.748152224932600090e-14 -1.747719019165399941e-14 -1.747109296718200024e-14 -1.747648406160200019e-14 -1.748270903343300100e-14 -1.750210650052099901e-14 -1.754930481309900115e-14 -1.758000391098700086e-14
-1.729365014238400122e-14 -1.729531478385099858e-14 -1.746801204737699968e-14 -1.749947113517600053e-14 -1.749542829849800006e-14 -1.749198445836399940e-14 -1.746284154905899948e-14 -1.741969233500999885e-14 -1.741395061464100003e-14 -1.742509014697000112e-14 -1.747071370949800005e-14 -1.748305606335500064e-14 -1.748496080206299895e-14 -1.748441454423300122e-14 -1.747958635914799904e-14 -1.747790187373099884e-14 -1.747680703106099961e-14 -1.748309105689499977e-14 -1.748637012377800019e-14 -1.749375574138799966e-14 -1.750188442178900037e-14 -1.750010653640899879e-14
-1.734361870456699999e-14 -1.734409802304299851e-14 -1.746240561862099984e-14 -1.749516365494000103e-14 -1.749491891809099852e-14 -1.749235674526300062e-14 -1.746624005799999975e-14 -1.742028073084899873e-14 -1.741172262836700031e-14 -1.742116152973700066e-14 -1.747215599506299945e-14 -1.748716869780800005e-14 -1.748885225334700091e-14 -1.748778520379599966e-14 -1.747880674428599994e-14 -1.747525634536000117e-14 -1.747145220939700018e-14 -1.747981482179800043e-14 -1.748588707085599964e-14 -1.750257048787599896e-14 -1.753620827858599971e-14 -1.755352151100099845e-14
-1.731405965070399882e-14 -1.731541148712800041e-14 -1.746830884530700047e-14 -1.749753610960900094e-14 -1.749365284082300129e-14 -1.749035906190800037e-14 -1.746226593186900042e-14 -1.741990900703399864e-14 -1.741399376851100029e-14 -1.742479237537499849e-14 -1.747073684289299921e-14 -1.748345564963299933e-14 -1.748537663868800043e-14 -1.748476238129499970e-14 -1.747927878332900143e-14 -1.747726038382800065e-14 -1.747561342777499984e-14 -1.748205281669900014e-14 -1.748578698430500116e-14 -1.749484084036200113e-14 -1.750804132178899944e-14 -1.751036540242000105e-14
-1.733004744912000013e-14 -1.733094226808300128e-14 -1.746547625151299957e-14 -1.749613358467899901e-14 -1.749388239028699998e-14 -1.749091986885299926e-14 -1.746373743785299960e-14 -1.741991500035599969e-14 -1.741299442308800130e-14 -1.742346644699999880e-14 -1.747183606223100065e-14 -1.748529340043400126e-14 -1.748677216919700149e-14 -1.748587654603300062e-14 -1.747868891954799950e-14 -1.747607730145500135e-14 -1.747394108853800005e-14 -1.748295714431699962e-14 -1.748841201274900055e-14 -1.750245171851499926e-14 -1.752761635695100102e-14 -1.753813626496900144e-14
-1.766617253330500062e-14 -1.766118312629699915e-14 -1.744919488295099982e-14 -1.745532630699200026e-14 -1.746553449247100070e-14 -1.746719405214299962e-14 -1.746578183088499865e-14 -1.743381562282799905e-14 -1.741844918248400132e-14 -1.741575217943299936e-14 -1.746607074876800053e-14 -1.749033690382700002e-14 -1.749699406613900038e-14 -1.749617532724100030e-14 -1.748203788560499948e-14 -1.747453173712899917e-14 -1.746317024130000105e-14 -1.747222714113500049e-14 -1.748437618953200139e-14 -1.752472974192100049e-14 -1.763426478882799906e-14 -1.771485248138500137e-14
-1.731805978759900053e-14 -1.731916091517400005e-14 -1.746556770406700075e-14 -1.749728432379499940e-14 -1.749491719116200120e-14 -1.749188428894399901e-14 -1.746431028802499909e-14 -1.742038181382900042e-14 -1.741348359194999873e-14 -1.742367951425300004e-14 -1.747038748876499875e-14 -1.748331887473999902e-14 -1.748498583438000041e-14 -1.748425689738199983e-14 -1.747834325898200039e-14 -1.747635351522999973e-14 -1.747536781118800028e-14 -1.748533779565799899e-14 -1.749068336250800008e-14 -1.750382476505499903e-14 -1.752540190593100024e-14 -1.753279093554899877e-14
-1.738622542869799941e-14 -1.738612737484200028e-14 -1.746305273259900001e-14 -1.748972295670000156e-14 -1.748944317961600054e-14 -1.748720558021299997e-14 -1.746397951752899924e-14 -1.742166878471399845e-14 -1.741330617568099881e-14 -1.742176925640800078e-14 -1.747105836466199977e-14 -1.748640534611400032e-14 -1.748868061335399904e-14 -1.748776641914399878e-14 -1.747928662621600059e-14 -1.747584258379199987e-14 -1.747224339450400004e-14 -1.748178417316499898e-14 -1.748859158845399924e-14 -1.750760339990799843e-14 -1.754795412154400032e-14 -1.757076893328499976e-14
-1.728139252746200106e-14 -1.728303268488900001e-14 -1.746625992163099986e-14 -1.750203594084800087e-14 -1.749875746587300085e-14 -1.749524477063799974e-14 -1.746448950739100034e-14 -1.741815114684400085e-14 -1.741207744341099983e-14 -1.742433661204699945e-14 -1.747274469378899985e-14 -1.748440897894499936e-14 -1.748464956434900034e-14 -1.748359269031799938e-14 -1.747687368196499854e-14 -1.747492703307299966e-14 -1.747447105090000031e-14 -1.748561138579499854e-14 -1.749106479923100005e-14 -1.750371235312800089e-14 -1.752145249392100109e-14 -1.752461111684400141e-14
-1.735192358696499877e-14 -1.735236295892899872e-14 -1.746391830888600090e-14 -1.749409227745800127e-14 -1.749302184756200020e-14 -1.749038382024400112e-14 -1.746459703292400088e-14 -1.742049844149500033e-14 -1.741271505281900112e-14 -1.742238736838299998e-14 -1.747158296084799950e-14 -1.748565338649799858e-14 -1.748707401161699885e-14 -1.748605323059699931e-14 -1.747792683564799892e-14 -1.747494848701100048e-14 -1.747249588706299884e-14 -1.748335731225100026e-14 -1.749008807218200005e-14 -1.750793551800099992e-14 -1.754271086215899996e-14 -1.756015367112499977e-14
-1.730387137826400097e-14 -1.730523115536200074e-14 -1.746643711182899887e-14 -1.749884975246699997e-14 -1.749571124911899879e-14 -1.749243295155699883e-14 -1.746360954327100137e-14 -1.741941613718799887e-14 -1.741316786149300061e-14 -1.742430677616300019e-14 -1.747120881836400067e-14 -1.748351857591700033e-14 -1.748475205237400077e-14 -1.748396301514400071e-14 -1.747814281339599881e-14 -1.747632249656700149e-14 -1.747572740799399866e-14 -1.748587791292099933e-14 -1.749101831483900008e-14 -1.750321591234899862e-14 -1.752144757084700035e-14 -1.752592165709200105e-14
-1.734247716152899925e-14 -1.734323715436699936e-14 -1.746603216083400105e-14 -1.749415095210200066e-14 -1.749147940377099977e-14 -1.748854652915000040e-14 -1.746214730562699893e-14 -1.742017497890300047e-14 -1.741385322578199916e-14 -1.742451578751599943e-14 -1.747199644164000136e-14 -1.748490001688499949e-14 -1.748599014805600134e-14 -1.748501014008399996e-14 -1.747755590869599863e-14 -1.747490103932999976e-14 -1.747279631605600010e-14 -1.748230840155799967e-14 -1.748803214519900112e-14 -1.750283611204799981e-14 -1.752994111043000022e-14 -1.754194616616799939e-14
-1.726498722636799943e-14 -1.726700294495799888e-14 -1.746809158147900053e-14 -1.750392333326999889e-14 -1.749961515913399899e-14 -1.749583636074700058e-14 -1.746396805799299982e-14 -1.741769683105399980e-14 -1.741207915975699897e-14 -1.742461299586400149e-14 -1.747213479037599882e-14 -1.748362995611500014e-14 -1.748432022337299888e-14 -1.748346917724600004e-14 -1.747784307810500017e-14 -1.747622125221999854e-14 -1.747587445912400123e-14 -1.748469659588900140e-14 -1.748877701310599852e-14 -1.749755856772000004e-14 -1.750621023556599911e-14 -1.750317024399999963e-14
