7.672235567964600236e-14 -4.238973917986600188e-15 -2.802575591154799951e-15 -2.871432572055299909e-15 -2.784718166439600107e-15 -2.828807829490000148e-15 -2.914808403481400177e-15 -2.856669654032200193e-15 -2.828008055912799958e-15 -2.850491471908299919e-15 -2.895834930225300116e-15 -2.846464607931299907e-15 -2.814103660630300105e-15 -2.873961423828799911e-15 -2.866001774553999841e-15 -2.801428601077900036e-15 -2.906157623904900045e-15
6.579701688997900385e-14 -4.278124781070600323e-15 -2.798375515627100189e-15 -2.867127760662700075e-15 -2.789457763370099950e-15 -2.817395650091499958e-15 -2.911597010208400057e-15 -2.861205525330799966e-15 -2.822342295508799907e-15 -2.847007097241499964e-15 -2.904558697647200109e-15 -2.854084761605299949e-15 -2.803998938774000107e-15 -2.866534166918100005e-15 -2.877872463651700153e-15 -2.781441395661299963e-15 -3.079334456977099873e-15
8.355520161025399771e-14 -4.466201905962300189e-15 -2.791324208487700196e-15 -2.866610661768999805e-15 -2.784526601673800068e-15 -2.813737309084100081e-15 -2.913322785585500125e-15 -2.864094421313400115e-15 -2.825075556405900172e-15 -2.848023945498400111e-15 -2.897740314882000184e-15 -2.848158557481100058e-15 -2.810665624510200182e-15 -2.871831761111800094e-15 -2.867702709783000084e-15 -2.798533229019400090e-15 -2.923422522087299945e-15
6.155981756340399766e-14 -4.139966895431400287e-15 -2.805586000358700013e-15 -2.861710886953699968e-15 -2.800743536798800063e-15 -2.822993577648799965e-15 -2.901481615899699876e-15 -2.857813015468700165e-15 -2.826978694612100010e-15 -2.847687197648699930e-15 -2.894468062116099883e-15 -2.851207672836900073e-15 -2.812195535555699888e-15 -2.866654865884799862e-15 -2.875184516637800162e-15 -2.793490235764100057e-15 -2.946472032173800061e-15
8.395404575653399950e-14 -4.652514419003400005e-15 -2.775232308710600059e-15 -2.863676118736200191e-15 -2.779851505880999981e-15 -2.809930751911100098e-15 -2.923029430783699974e-15 -2.863842460936700104e-15 -2.820173157331500153e-15 -2.848531034774799907e-15 -2.909907172629099949e-15 -2.846721269934399911e-15 -2.800155403077100037e-15 -2.883698984214999864e-15 -2.867070587422900045e-15 -2.765721694632100117e-15 -3.350305008196200036e-15
1.377380896971299996e-13 -6.884704080309600381e-15 -2.666347598402400144e-15 -2.807436836540900049e-15 -2.755731383179499995e-15 -2.722934550890400144e-15 -2.959829577989400129e-15 -2.894429740459999808e-15 -2.793381149875699812e-15 -2.847822090906399814e-15 -2.972210936279900058e-15 -2.839065068325999987e-15 -2.740655376459099900e-15 -2.940197785387499851e-15 -2.863998684032299827e-15 -2.599033421530899885e-15 -5.216870628073800256e-15
9.526835384737900540e-14 -4.950073972766000016e-15 -2.769266332710500040e-15 -2.853495344246900104e-15 -2.778935126237100191e-15 -2.802626819058599947e-15 -2.924048665523500027e-15 -2.863623249056099906e-15 -2.823392581135100083e-15 -2.853863463049600142e-15 -2.915686032556699947e-15 -2.841511445671300154e-15 -2.794941285435299935e-15 -2.892572675145300187e-15 -2.861606064782200127e-15 -2.751267900761699851e-15 -3.501884332355599828e-15
8.698078825275500580e-14 -4.916746577455899813e-15 -2.765714280749199886e-15 -2.853890135296899921e-15 -2.777732724171900146e-15 -2.797359860014200075e-15 -2.925357410985599998e-15 -2.868686453209200081e-15 -2.818730596572700161e-15 -2.849618907348099849e-15 -2.916323822096399954e-15 -2.843439184435600059e-15 -2.792657987568299845e-15 -2.894497181530499919e-15 -2.865737618408200113e-15 -2.736395532257499886e-15 -3.667139915037899917e-15
1.075800873035699940e-13 -6.874485256594099624e-15 -2.679507527219500074e-15 -2.793368431366199957e-15 -2.761456367476200040e-15 -2.708882632947900106e-15 -2.958152511195400075e-15 -2.905405112136300121e-15 -2.785050274680399822e-15 -2.841059213361200047e-15 -2.976940913502000123e-15 -2.840476655976299946e-15 -2.730475023695699998e-15 -2.952640767769799947e-15 -2.869701121832599875e-15 -2.531904540172900121e-15 -5.946354044248099733e-15
-1.826761853166299953e-14 -2.537628980155600018e-15 -2.916146258876599896e-15 -2.877623657198099914e-15 -2.828099789099499876e-15 -2.869613665489499860e-15 -2.870887536145799999e-15 -2.847112871420699942e-15 -2.836543619778499965e-15 -2.841163439028300045e-15 -2.859660152765299819e-15 -2.862813309812400066e-15 -2.841859339615499842e-15 -2.835522163288800142e-15 -2.877524463466399822e-15 -2.837116962380200028e-15 -2.616582067100600150e-15
1.012490801451100035e-13 -5.502522156794099779e-15 -2.744825619312899857e-15 -2.838965035080299894e-15 -2.774540374637199959e-15 -2.779570312037700161e-15 -2.933193874396599834e-15 -2.869715626890700024e-15 -2.814906081542700070e-15 -2.853799788760000178e-15 -2.936430241272400126e-15 -2.839820918056200085e-15 -2.774104574814800130e-15 -2.910377737890199974e-15 -2.866447732710899872e-15 -2.690957129157399890e-15 -4.170222006164800243e-15
1.322201645386900010e-13 -6.264726787517499818e-15 -2.698446061644699865e-15 -2.828060686223400125e-15 -2.759465345044499940e-15 -2.753188553176000094e-15 -2.950713988139599991e-15 -2.882066913772300185e-15 -2.805399441308300067e-15 -2.851621947871600053e-15 -2.951374388274700134e-15 -2.836878429149299842e-15 -2.761344415963300153e-15 -2.926025516115599951e-15 -2.859983985564099892e-15 -2.660173574077699862e-15 -4.515937743044100032e-15
5.405457277964500092e-14 -3.958364644236200264e-15 -2.831660189166100178e-15 -2.863232649209200174e-15 -2.803286722888600020e-15 -2.824968921795299930e-15 -2.894160666746399949e-15 -2.859700569036199920e-15 -2.828598514099500015e-15 -2.845177474189399940e-15 -2.885219680824700070e-15 -2.854013108780500160e-15 -2.820008925827000004e-15 -2.857453934520199808e-15 -2.875300863357499933e-15 -2.817034122847000181e-15 -2.758157651214799906e-15
4.347722115014899834e-14 -3.547929660159200127e-15 -2.848884730934799970e-15 -2.873859012253700174e-15 -2.806993982583500093e-15 -2.844124659062599845e-15 -2.891756819109899898e-15 -2.853064649627700064e-15 -2.831457220552599993e-15 -2.845066103080399888e-15 -2.878635826903000060e-15 -2.857807647439799872e-15 -2.826945721741200114e-15 -2.844036490790400173e-15 -2.878551993439700026e-15 -2.845273368927200020e-15 -2.441222674368799818e-15
7.113652615641799815e-14 -4.699374551837899622e-15 -2.783422556069200090e-15 -2.851545595292700098e-15 -2.787946280295800112e-15 -2.798645153210399925e-15 -2.915355679058300148e-15 -2.868981003126100112e-15 -2.818979846174900179e-15 -2.847133123756599816e-15 -2.911894900041800138e-15 -2.847478258337400102e-15 -2.793702892650899910e-15 -2.885726360626600027e-15 -2.875824884991000050e-15 -2.736423194374299805e-15 -3.573297906904399649e-15
-1.886786859407900067e-14 -1.475913873121899923e-15 -2.951975019167900057e-15 -2.916419865311999805e-15 -2.838046033655799912e-15 -2.912379116003399878e-15 -2.849150865977500033e-15 -2.831244034726699824e-15 -2.850136163291000004e-15 -2.839016319503599813e-15 -2.822675717566300139e-15 -2.875768621710199994e-15 -2.881879230987199807e-15 -2.781791822071500078e-15 -2.884493934873899934e-15 -2.990131757912999859e-15 -8.101506172887099643e-16
7.315646464503099502e-14 -4.488374475393000232e-15 -2.799380439644600080e-15 -2.851023476809000144e-15 -2.797910664866800066e-15 -2.810314245155300019e-15 -2.905591851701199850e-15 -2.864173958507299876e-15 -2.821224770508099834e-15 -2.844052324346900195e-15 -2.898613572480499878e-15 -2.853567119534600137e-15 -2.810901747309500012e-15 -2.870419561256299931e-15 -2.870789553737099890e-15 -2.787188473687300067e-15 -3.065173366496500153e-15
9.915652921691600247e-14 -5.425740338786999769e-15 -2.738123596118199834e-15 -2.845697064573599983e-15 -2.770227977805999955e-15 -2.773862979020599929e-15 -2.933367709850600192e-15 -2.878023400294499874e-15 -2.812407709599800112e-15 -2.848589167690900157e-15 -2.928010726846199863e-15 -2.839663497946200080e-15 -2.780284736692199947e-15 -2.911134108283800051e-15 -2.863700171727100057e-15 -2.694315682708000094e-15 -4.133049388754000205e-15
6.666097201092800039e-14 -4.365511801720700368e-15 -2.804367514476199815e-15 -2.860931400634399841e-15 -2.790205529595799948e-15 -2.817741415412599941e-15 -2.912025964903400083e-15 -2.859269245834400024e-15 -2.823547999046000002e-15 -2.849060271174500039e-15 -2.906159765522100014e-15 -2.851368519147300028e-15 -2.804069103400999839e-15 -2.874798314169299885e-15 -2.872947286534199929e-15 -2.769499427467100006e-15 -3.233913310481999851e-15
9.129049347920200196e-14 -5.038862144781900082e-15 -2.746825621589199841e-15 -2.863985983959900065e-15 -2.766535932651700050e-15 -2.793374622703400118e-15 -2.935308462423399876e-15 -2.868503761498900094e-15 -2.817159458822899924e-15 -2.852235431042200047e-15 -2.925251938532200041e-15 -2.839776519747600013e-15 -2.786469603553699821e-15 -2.907174767141100034e-15 -2.857562116328499989e-15 -2.711797550867799903e-15 -4.017392914312499690e-15
