5.877469993882595008e+04
5.883357564195315354e+04
5.890324152767629130e+04
5.893726491562509909e+04
5.898204265758326801e+04
5.900490534351007227e+04
5.902598631923003995e+04
5.908475988161449641e+04
5.911168024003571190e+04
5.913974820068769623e+04
5.916961973165433301e+04
5.919550426309833711e+04
5.922535384207909374e+04
5.925243679219482874e+04
5.927519938747988635e+04
5.931106313027360011e+04
5.933798786391531758e+04
5.936890178671452304e+04
5.939982103234958049e+04
5.942876913887287810e+04
