-2.658294849318400005e-14 -4.298201787425299983e-15 -8.692315174981699303e-15 -7.415342124168100347e-15 -7.597450210300499590e-15 -7.887346180850600080e-15 -7.600881034960899692e-15 -7.551214574367899812e-15 -7.776965449867400236e-15 -7.497159323964199453e-15 -7.408604909588699390e-15 -7.640094322557900296e-15 -7.556801765449900513e-15 -7.336741950554799387e-15 -7.518629438545900348e-15 -7.729469996537299544e-15 -7.251100667913800249e-15 -7.716592714886799772e-15 -7.981573605604599748e-15 -4.834359327528799784e-16
3.460674564769499825e-15 -9.004997034701799468e-15 -7.111678670149400658e-15 -7.477665625320799635e-15 -7.588105993288400692e-15 -7.493767373943700226e-15 -7.493964893817399587e-15 -7.516702313851100240e-15 -7.526311719741299677e-15 -7.576552044700500328e-15 -7.558577935661099582e-15 -7.507948976586599887e-15 -7.515210311087500017e-15 -7.526965127500700314e-15 -7.493174663571600275e-15 -7.524361473652700109e-15 -7.633735918430200735e-15 -7.563416452135799873e-15 -7.433335506801899740e-15 -7.572467406865999429e-15
-2.501840990238400020e-14 -4.602183010021100078e-15 -8.560732780163400768e-15 -7.432554538614000203e-15 -7.605171684640900433e-15 -7.840920875115099793e-15 -7.570956433856399503e-15 -7.560984355804399939e-15 -7.761167757407499612e-15 -7.500434448696699497e-15 -7.420311746598899327e-15 -7.628038428302700567e-15 -7.549219909065199873e-15 -7.354947027027299827e-15 -7.525671345649399395e-15 -7.713837348949300003e-15 -7.273741739169500079e-15 -7.687875462487900676e-15 -7.951867171890599913e-15 -1.349602327034599927e-15
-2.188061780575499881e-14 -5.146476877204099980e-15 -8.373169186921300402e-15 -7.423838825701400455e-15 -7.588535281426100484e-15 -7.801871748999400529e-15 -7.586399674866999268e-15 -7.534552896216900384e-15 -7.711006932207899797e-15 -7.519927991281800628e-15 -7.449352647343300042e-15 -7.606307285033499799e-15 -7.546181213400600748e-15 -7.388137366338599793e-15 -7.513308393056099309e-15 -7.675404671837100054e-15 -7.355743409229200131e-15 -7.660938014812400753e-15 -7.814293725455500451e-15 -2.725015591517500029e-15
-1.368190904463699902e-15 -8.338054733098499507e-15 -7.299195812949499577e-15 -7.474270114488799836e-15 -7.588807189938700046e-15 -7.530933478212000657e-15 -7.501921059319800777e-15 -7.529602223394300757e-15 -7.555155939636000079e-15 -7.563235156120299526e-15 -7.533022228962599667e-15 -7.514734484523900076e-15 -7.528735423472800171e-15 -7.522733613375599720e-15 -7.494789798678899856e-15 -7.524701555100599383e-15 -7.603904914377800423e-15 -7.588776979198700314e-15 -7.467214452074300375e-15 -7.231528026206100235e-15
-2.552720246650100103e-14 -4.684474985117900057e-15 -8.489383105056400537e-15 -7.419633568009599389e-15 -7.604289935178500653e-15 -7.831511041106299261e-15 -7.582136382582400506e-15 -7.534958433321900330e-15 -7.739395060375999899e-15 -7.530028603226900282e-15 -7.442277614216800303e-15 -7.604039595335199300e-15 -7.539133977461000661e-15 -7.376952439664300683e-15 -7.516714322611300613e-15 -7.686536712752400643e-15 -7.342636157183399388e-15 -7.666699835974900091e-15 -7.840175129840100673e-15 -2.676953859452700076e-15
2.129718647223699959e-15 -8.822193271345099438e-15 -7.151836479847999631e-15 -7.464660456829800744e-15 -7.596861748160500054e-15 -7.503607813867900255e-15 -7.491054515771499742e-15 -7.518849941642100258e-15 -7.528285062780499615e-15 -7.576244238401700210e-15 -7.566877952446800383e-15 -7.513503752946300452e-15 -7.501761369003499460e-15 -7.517759050513799584e-15 -7.505639909682999634e-15 -7.531613883461900520e-15 -7.612979361236599641e-15 -7.571188019802800779e-15 -7.440524052206399499e-15 -7.394782074152099414e-15
-2.731512724131700080e-14 -4.334453942347999655e-15 -8.631209622260500010e-15 -7.431847376670599865e-15 -7.592988377622899249e-15 -7.854810613115599263e-15 -7.591587768578999976e-15 -7.548986090890099703e-15 -7.749859210258800233e-15 -7.499135542179399263e-15 -7.426324568997899254e-15 -7.632910675581799405e-15 -7.548981505891800524e-15 -7.350163850220400246e-15 -7.517931415000799915e-15 -7.716665965532300419e-15 -7.294687460446200118e-15 -7.683882615803700223e-15 -7.915523074877300501e-15 -1.648326474071999954e-15
-1.674284124526000095e-14 -5.768739006936200045e-15 -8.222008474054300078e-15 -7.429385738354300262e-15 -7.600006960455799855e-15 -7.782316468851900177e-15 -7.572134550862999839e-15 -7.540230270190099510e-15 -7.712216181111100738e-15 -7.517705823047699815e-15 -7.444090792466100370e-15 -7.608701815565900050e-15 -7.552147615760599861e-15 -7.374167904095999381e-15 -7.493691773327599270e-15 -7.705797916421799787e-15 -7.379210839116800108e-15 -7.613224201194600781e-15 -7.853104075997299853e-15 -2.681294662396599839e-15
6.113844402299100360e-15 -9.120808627453299281e-15 -7.163521146007500692e-15 -7.497241131931700378e-15 -7.588597371710099742e-15 -7.515434859920499229e-15 -7.496050231963000642e-15 -7.529346297009899890e-15 -7.543227283267799307e-15 -7.552487905073000562e-15 -7.552392720681500036e-15 -7.545100845704400053e-15 -7.506706941718199611e-15 -7.470874585959699593e-15 -7.499008015205200778e-15 -7.591520658571699318e-15 -7.552608241141100506e-15 -7.576254706758699852e-15 -7.594821119792400620e-15 -5.565786114577999621e-15
-1.123773696536699941e-14 -6.606711794067900194e-15 -7.938972001178600138e-15 -7.453502714781400755e-15 -7.597340484646800568e-15 -7.699816214573199866e-15 -7.544630925494800696e-15 -7.542480831958599723e-15 -7.653818970949499394e-15 -7.520959356897100784e-15 -7.487537019055499920e-15 -7.596495786247199594e-15 -7.524884428928400405e-15 -7.401336549191600106e-15 -7.514378110452599463e-15 -7.659609528598400775e-15 -7.396661642145400586e-15 -7.646230885708499883e-15 -7.787343138444100714e-15 -3.171322441826799890e-15
-5.443269382462699806e-15 -7.638034365010099777e-15 -7.560228459904599567e-15 -7.454064325932899302e-15 -7.593468457696000174e-15 -7.605974104178899992e-15 -7.523352785359899405e-15 -7.521607148528499969e-15 -7.596994210358499857e-15 -7.563323554991300593e-15 -7.522443284613300598e-15 -7.539371891104900408e-15 -7.520632251177599413e-15 -7.478554362596800738e-15 -7.504820084880899677e-15 -7.569991798470600103e-15 -7.527444108811099791e-15 -7.625603181266299365e-15 -7.561294541413899281e-15 -5.592442522445700093e-15
-5.460644006266200234e-15 -7.547627760313600162e-15 -7.616798491408399632e-15 -7.485034686874600157e-15 -7.590076922950400754e-15 -7.610321164244799754e-15 -7.517246636584599336e-15 -7.539323354379000604e-15 -7.611190472104599291e-15 -7.540591439898299523e-15 -7.507848830918699644e-15 -7.562265425744900596e-15 -7.529468018195400231e-15 -7.452280251703499796e-15 -7.501017957305600740e-15 -7.606355929389399523e-15 -7.488295671793400138e-15 -7.602081432046099694e-15 -7.662737998841199533e-15 -4.942333912180300383e-15
2.134716133292300114e-14 -1.185426676397900004e-14 -6.111130653095600088e-15 -7.492051151758200288e-15 -7.613991237030900579e-15 -7.251860423002199688e-15 -7.406784999865800476e-15 -7.503304885160000095e-15 -7.368280164080600623e-15 -7.624628905180999803e-15 -7.669348699416600392e-15 -7.431842921013800599e-15 -7.465503517604100531e-15 -7.637754271233699502e-15 -7.499416131700600106e-15 -7.392471839674300297e-15 -7.847026525600300140e-15 -7.513871825650299483e-15 -7.052542113042300090e-15 -1.152626868891200035e-14
4.115000044048999782e-15 -9.272819125296500503e-15 -6.948318114132500324e-15 -7.473646646579600167e-15 -7.600522107133599265e-15 -7.445273129048600434e-15 -7.473074646604599600e-15 -7.522312582526599286e-15 -7.485869947909599366e-15 -7.574285647554000542e-15 -7.580499256496600240e-15 -7.492550302807099787e-15 -7.504819970922900545e-15 -7.558491385046699804e-15 -7.500960677612700403e-15 -7.487335353277499284e-15 -7.689379265007399967e-15 -7.556280767996399452e-15 -7.310747559102699482e-15 -8.905206142733100218e-15
-2.882800907166699779e-14 -4.116328578373099648e-15 -8.673604456111100682e-15 -7.399894095379400759e-15 -7.623510302435299448e-15 -7.877167445332799739e-15 -7.576320287254700116e-15 -7.559663795072099880e-15 -7.769665867367599407e-15 -7.496285741230999450e-15 -7.423773453996199448e-15 -7.642342108088699548e-15 -7.546246899382999217e-15 -7.341254662443499685e-15 -7.524660111387599490e-15 -7.710801124995900664e-15 -7.256055614352799399e-15 -7.715875091577600678e-15 -7.961264897518399216e-15 -1.231334555699900076e-15
-2.109688118546800154e-14 -4.903401235222100373e-15 -8.580589872903900419e-15 -7.414566152513899338e-15 -7.602604312273399443e-15 -7.884637462582200419e-15 -7.598497896714600516e-15 -7.535138286314299775e-15 -7.783568150411000397e-15 -7.516602511035299717e-15 -7.413266960387700300e-15 -7.635867769758700441e-15 -7.552995784957000212e-15 -7.330997844239200257e-15 -7.520445472164100448e-15 -7.743082913908200588e-15 -7.225035874057400664e-15 -7.705811087607499533e-15 -8.068784778218299332e-15 1.837394423132200038e-16
-1.578830458737300065e-14 -5.966443734232399778e-15 -8.135018979891199899e-15 -7.448737494986300720e-15 -7.603477903142600011e-15 -7.752448007779299305e-15 -7.557568350358099226e-15 -7.539795607428200611e-15 -7.695184576906900553e-15 -7.520501488541699461e-15 -7.452129795166299670e-15 -7.597901471468500464e-15 -7.552279396352499493e-15 -7.397727385129799257e-15 -7.498835193614399214e-15 -7.674085768988099716e-15 -7.396841659479400124e-15 -7.631300500812399611e-15 -7.804029622893099242e-15 -3.103742480501200182e-15
1.728639959376099957e-14 -1.118589605501600018e-14 -6.396495477245299821e-15 -7.519572183927899802e-15 -7.561953497794100266e-15 -7.314453502007700430e-15 -7.465761549470000416e-15 -7.482845898175199506e-15 -7.407517447288999608e-15 -7.628918835265899310e-15 -7.628892079514999264e-15 -7.436825697085900265e-15 -7.498869996624499991e-15 -7.614807790845299939e-15 -7.463019821447800721e-15 -7.438253870544400619e-15 -7.859392729525499772e-15 -7.466000429059200690e-15 -7.127944595820900074e-15 -1.128928726883800057e-14
-7.445182475412999615e-16 -8.322991029783300492e-15 -7.333527255443600519e-15 -7.460640410792900271e-15 -7.605077904860799673e-15 -7.556212709580600597e-15 -7.498942930416500212e-15 -7.537236516853600685e-15 -7.573029709948700345e-15 -7.550305620088600335e-15 -7.526794258802400481e-15 -7.541139083330799781e-15 -7.530808660713100318e-15 -7.483622990039499215e-15 -7.483382320157600313e-15 -7.573111608803199612e-15 -7.582177789434399432e-15 -7.572478733066800671e-15 -7.528637771289799813e-15 -6.390752402042200275e-15
