5.877469993882595008e+04 -8.929095145999228777e-15 1.488916830138200387e-14
5.883357564195315354e+04 -7.076755185847266115e-15 2.308908902588272828e-15
5.890324152767629130e+04 -7.749486710685341281e-15 7.715784700996575733e-16
5.893726491562509909e+04 -7.453407468180810449e-15 3.141680109894647683e-17
5.898204265758326801e+04 -7.597141894134314970e-15 1.196799144429047040e-17
5.900490534351007227e+04 -7.652034230815665458e-15 1.912141361732674748e-16
5.902598631923003995e+04 -7.532463377735199582e-15 5.212291882919104833e-17
5.908475988161449641e+04 -7.532456815154238786e-15 1.797858061114421404e-17
5.911168024003571190e+04 -7.627435505699014350e-15 1.232720323097980018e-16
5.913974820068769623e+04 -7.543465708868818692e-15 3.825642197094226321e-17
5.916961973165433301e+04 -7.500718337766600310e-15 7.406716665816794116e-17
5.919550426309833711e+04 -7.563899131939433333e-15 6.398855650366332118e-17
5.922535384207909374e+04 -7.528569447858478591e-15 2.342019834477375925e-17
5.925243679219482874e+04 -7.445813520386040472e-15 9.215633285273412213e-17
5.927519938747988635e+04 -7.504474747802683342e-15 1.488855486926396332e-17
5.931106313027360011e+04 -7.612750495973356152e-15 1.014807095138724614e-16
5.933798786391531758e+04 -7.478432979422585148e-15 1.870700465534363010e-16
5.936890178671452304e+04 -7.618219146892367979e-15 6.683996145258501434e-17
5.939982103234958049e+04 -7.657887946556255184e-15 2.814441911368457706e-16
5.942876913887287810e+04 -4.764907172094723174e-15 3.355251822499826360e-15
