5.880157635507266968e+04 -7.314707666648826299e-15 8.478325641566516289e-16
5.881136879259921989e+04 -7.341173047409515263e-15 6.137457771389621625e-16
5.884473649863265746e+04 -7.519589418991624827e-15 4.268319790901742900e-17
5.886250951551382605e+04 -7.623234289908430446e-15 1.465388292536773831e-16
5.890849458998245973e+04 -7.724970223439886882e-15 1.614343714536240497e-16
5.913947546397728001e+04 -7.690320820810987414e-15 8.748411333794906207e-17
5.916388496963698708e+04 -7.672662839811697918e-15 8.726744089590800233e-17
5.923968433685299533e+04 -7.471293802488999009e-15 2.724008521943657210e-17
5.929951991921981244e+04 -7.532776479151689695e-15 2.998663734852282706e-17
5.935798791736084968e+04 -7.595453164707406181e-15 3.842502031574210688e-17
5.940784902615930332e+04 -7.457128373945145495e-15 5.117496300292288255e-17
5.945698696416457824e+04 -7.399830164158698927e-15 4.120261609070679035e-17
5.949595854892906209e+04 -7.636796777538339383e-15 4.397573997283425294e-16
