-6.541198188786100249e-15 -6.784283112838200152e-15 -7.502325243083299767e-15 -7.747201488027499724e-15 -7.841581670144800554e-15 -7.692705520232900472e-15 -7.668398247606400421e-15 -7.512788579545299595e-15 -7.537282898382699803e-15 -7.556075872345699459e-15 -7.501325220803999962e-15 -7.407014256368500571e-15 -7.244325387338200252e-15
-6.234499518321999695e-15 -6.494987126677200307e-15 -7.427676116058800371e-15 -7.817736402771699631e-15 -8.092430284778800625e-15 -7.899285220053100485e-15 -7.856316181003399249e-15 -7.430781540466700506e-15 -7.518062849236500196e-15 -7.621389134624300197e-15 -7.440748602875900031e-15 -7.392824320531900612e-15 -7.654005720778500681e-15
-7.389523372791099932e-15 -7.403801115069899310e-15 -7.551717356983899244e-15 -7.644236402797799726e-15 -7.724465854707800226e-15 -7.692455438463300139e-15 -7.664088368701500002e-15 -7.462809562886799754e-15 -7.550766115647500320e-15 -7.595646581025700715e-15 -7.430771392289699932e-15 -7.422152371216400329e-15 -7.770843198123799340e-15
-7.307622105650400655e-15 -7.335507095941799425e-15 -7.504805158584700556e-15 -7.599319695370399236e-15 -7.689921377787500630e-15 -7.662985988914299645e-15 -7.633880203601299988e-15 -7.464486013255299863e-15 -7.555002682839700671e-15 -7.605701688155600018e-15 -7.450115015267000788e-15 -7.380329036232299280e-15 -7.598018006180800055e-15
-7.934660677787200308e-15 -7.774589696529600543e-15 -7.517444928532300654e-15 -7.527247234699399715e-15 -7.694932970528399587e-15 -7.723297077132099752e-15 -7.755447366003800171e-15 -7.470870208888799298e-15 -7.479731254844500064e-15 -7.623078940444699238e-15 -7.467080929702200739e-15 -7.398555232572699581e-15 -7.895633731706700757e-15
-6.127805369235599816e-15 -6.461307970902799674e-15 -7.468598042966399684e-15 -7.816428698132899678e-15 -7.941848232876700197e-15 -7.764547968966500599e-15 -7.685209451776499965e-15 -7.463769872245699461e-15 -7.583204933868699842e-15 -7.560194897627200463e-15 -7.430798518003100619e-15 -7.463726314284499380e-15 -7.525785085001799845e-15
-7.292534778247300283e-15 -7.355715964536700687e-15 -7.537526179373299639e-15 -7.594995547567300258e-15 -7.596785461080100622e-15 -7.599528873634799742e-15 -7.571291270085099731e-15 -7.494565222967699352e-15 -7.533460814199500041e-15 -7.549653714119399345e-15 -7.498217946325299894e-15 -7.441324891525200141e-15 -7.415422583591100373e-15
-6.086707980462899856e-15 -6.446345106860199896e-15 -7.468107488623799253e-15 -7.795452081918699551e-15 -7.879253865139500274e-15 -7.720272612869199764e-15 -7.638900071835999927e-15 -7.463875787378500114e-15 -7.573709288794600706e-15 -7.569347059147599860e-15 -7.468098716912600601e-15 -7.363295137437000036e-15 -7.134009142584500306e-15
-8.346371898040700282e-15 -8.084986587229000128e-15 -7.516481744055800447e-15 -7.413336605053200482e-15 -7.525935765965000280e-15 -7.606997974850200367e-15 -7.622992016242500177e-15 -7.469922771423600475e-15 -7.542760740182700368e-15 -7.619878808423800391e-15 -7.403362435183500108e-15 -7.378188591437899713e-15 -8.014509046153900292e-15
-8.499624807025299966e-15 -8.168522523245100025e-15 -7.495805543437499881e-15 -7.403245479214999555e-15 -7.602256262807200662e-15 -7.680522780929600698e-15 -7.710063091952999442e-15 -7.445686526933799755e-15 -7.523365805515200107e-15 -7.654933577825699835e-15 -7.393810712999199469e-15 -7.404282190170099795e-15 -8.309804002456599954e-15
-8.393248503905599790e-15 -8.075453636563100313e-15 -7.533960115815699367e-15 -7.519600802377899722e-15 -7.767710839298800477e-15 -7.823678787670399456e-15 -7.826086252755999972e-15 -7.396673373100800538e-15 -7.547178629491000074e-15 -7.691431180680000676e-15 -7.311559537691800203e-15 -7.422890520599100524e-15 -8.734195948437700172e-15
-7.420971218531999417e-15 -7.439621491724299771e-15 -7.551455822083600763e-15 -7.612427815109900280e-15 -7.657874879634899238e-15 -7.647715509293600671e-15 -7.641362080887899635e-15 -7.498515571048300122e-15 -7.513328527980400535e-15 -7.555686493829299804e-15 -7.490222131231900246e-15 -7.467222332762799399e-15 -7.608372428869800333e-15
-8.116021713192500538e-15 -7.935469096726800459e-15 -7.533737448674800147e-15 -7.452499188548400143e-15 -7.502401411574400246e-15 -7.578289883642500099e-15 -7.573112596708999345e-15 -7.483022791999000503e-15 -7.561609385565499212e-15 -7.586901814834999439e-15 -7.416129902820699261e-15 -7.442440045080699968e-15 -7.950212765923199736e-15
-7.137208355725499762e-15 -7.183734856321300596e-15 -7.483982485340000751e-15 -7.663374265552000431e-15 -7.876115721039700390e-15 -7.795770202774699931e-15 -7.819134481759000167e-15 -7.475791425913000473e-15 -7.462261677124499830e-15 -7.624047073931400576e-15 -7.503696532960700552e-15 -7.318207770849500502e-15 -7.458219325890699746e-15
-6.919017071301400303e-15 -7.110165853113999317e-15 -7.559217583987799394e-15 -7.659765286775700144e-15 -7.600148469970599677e-15 -7.542223046597400694e-15 -7.507162212942100024e-15 -7.524209062285300278e-15 -7.552690226521399532e-15 -7.537687425337399840e-15 -7.533614529364499701e-15 -7.363655322315700677e-15 -6.931331397732900046e-15
-7.819438794159199833e-15 -7.765923977852499591e-15 -7.631776804560700044e-15 -7.594243646307500125e-15 -7.564199762446700388e-15 -7.604662250676899838e-15 -7.609802434736799986e-15 -7.495243060469399977e-15 -7.505650258826200164e-15 -7.592676303617099248e-15 -7.512175959195400197e-15 -7.323567363634899557e-15 -7.305546295457200542e-15
-6.798869042975600049e-15 -7.004764766715200332e-15 -7.575143716591399462e-15 -7.746419801928600235e-15 -7.737604301353799857e-15 -7.676381942956100004e-15 -7.613722990349000394e-15 -7.463768801325900460e-15 -7.551327961761099580e-15 -7.575641370611100491e-15 -7.486487268880700637e-15 -7.374635107161199974e-15 -7.238112557589499743e-15
-5.923646191007799606e-15 -6.339716173290200290e-15 -7.505063761676700022e-15 -7.868925683701699665e-15 -7.931925426075400751e-15 -7.745485521306699555e-15 -7.661309115628699269e-15 -7.463457664313599918e-15 -7.552366896579000415e-15 -7.553624068573500379e-15 -7.506477028618000292e-15 -7.444558442299599655e-15 -7.159915289224700259e-15
-8.847779923551600483e-15 -8.441515668540299615e-15 -7.519387337162499452e-15 -7.331113931156700636e-15 -7.478583820345500007e-15 -7.605485255023700263e-15 -7.661192348019699321e-15 -7.479329213187099955e-15 -7.503386534544200572e-15 -7.625409351330200441e-15 -7.421878823033600140e-15 -7.425189836722299794e-15 -8.251661473403199778e-15
-7.157403822276699912e-15 -7.217049127512099310e-15 -7.507575502239499225e-15 -7.657115741156300527e-15 -7.793428091242099811e-15 -7.744124560231799746e-15 -7.733786013636199633e-15 -7.466309000145400291e-15 -7.508382101128899751e-15 -7.610057937663399545e-15 -7.475996274743100224e-15 -7.362544199971699571e-15 -7.536012164322000442e-15
