5.876577214532780636e+04
5.890319770752611657e+04
5.893722091262707545e+04
5.897701752186829981e+04
5.899997094668960199e+04
5.902596337251691148e+04
5.908473664145149814e+04
5.911165671596110042e+04
5.913972454549418762e+04
5.916959574324903951e+04
5.919546179728674178e+04
5.922533000721400458e+04
5.925241321787899506e+04
5.927517605806692882e+04
5.931105377105287334e+04
5.933797868621700036e+04
5.936889270140574081e+04
5.939981176880565181e+04
5.942875965270643064e+04
5.945565333938682306e+04
5.948761349103639077e+04
5.951848246310636023e+04
