-1.066111686370399957e-13 -8.754450689653599626e-14 -8.823451575470599965e-14 -8.815638426214999715e-14 -8.809818727756399393e-14 -8.817275078871199513e-14 -8.832568977037200052e-14 -8.824694045244400121e-14 -8.816513962577999565e-14 -8.814113829711100579e-14 -8.815859785787600461e-14 -8.819858490708300359e-14 -8.825542344559100239e-14 -8.830836944928299461e-14 -8.832098409294699554e-14 -8.823662917579300079e-14 -8.812451276262200578e-14 -8.810895557234199534e-14 -8.810732621466899923e-14 -8.797947859489199962e-14 -8.798468650728600109e-14 -8.951402757997799951e-14
-1.074698548200299951e-13 -8.766782930096400364e-14 -8.825723092819599423e-14 -8.813182700193300415e-14 -8.809528665995999959e-14 -8.818862935791600138e-14 -8.831276688965400251e-14 -8.823917197970000455e-14 -8.817561913569199842e-14 -8.815358928396499720e-14 -8.815392407006799718e-14 -8.818120375625699435e-14 -8.825148345388300589e-14 -8.832258765519200060e-14 -8.833227231210300564e-14 -8.822232644726999635e-14 -8.810632084102799551e-14 -8.812802924998100315e-14 -8.813073222991200235e-14 -8.794213822802899981e-14 -8.796436931936800301e-14 -9.001575538232800586e-14
-1.054556742249600028e-13 -8.775214407472900551e-14 -8.825110244067800363e-14 -8.812678129645799675e-14 -8.810122003611799598e-14 -8.819473573747400131e-14 -8.830836978405599904e-14 -8.823848913588099941e-14 -8.817740696133900239e-14 -8.815349001415000453e-14 -8.815232352821199782e-14 -8.818119334830400350e-14 -8.825320759528600014e-14 -8.832364986651599601e-14 -8.833130725046599955e-14 -8.822306105681999723e-14 -8.810879874363899768e-14 -8.812520944333500429e-14 -8.812483041467600197e-14 -8.794836348024299885e-14 -8.797417661106200267e-14 -8.988421401836099918e-14
-1.039693501981899945e-13 -8.782853492825800583e-14 -8.824842151224599868e-14 -8.812329374769299475e-14 -8.810702643018100578e-14 -8.819933716100999918e-14 -8.830346719436799425e-14 -8.824017741249099801e-14 -8.818285164052599395e-14 -8.815435468879699847e-14 -8.814834988729299608e-14 -8.817863813449799668e-14 -8.825577560100200257e-14 -8.832742351706600304e-14 -8.832884106080499585e-14 -8.821812792165900404e-14 -8.810998397131600071e-14 -8.813145433335999914e-14 -8.812439363678000104e-14 -8.794121453093100358e-14 -8.797954342974999693e-14 -8.989182485198099430e-14
-7.463147275899000532e-14 -8.893473882596499523e-14 -8.818940408658199751e-14 -8.809235657771300560e-14 -8.817834326028200317e-14 -8.823422612504200399e-14 -8.827209498424799435e-14 -8.827621346215500441e-14 -8.822121256360100288e-14 -8.813067777109200608e-14 -8.810945053836399465e-14 -8.819367204801200190e-14 -8.830075340419099387e-14 -8.833913151895100186e-14 -8.827474217576900482e-14 -8.820655257750099854e-14 -8.817319903167800619e-14 -8.812774162034299536e-14 -8.803513432538399618e-14 -8.800164283073399384e-14 -8.811445176583500486e-14 -8.791547662931499846e-14
-1.038518084281800016e-13 -8.781470944941500238e-14 -8.824420248117300341e-14 -8.812629810587599748e-14 -8.810861891132999475e-14 -8.819862510743999694e-14 -8.830375724955499752e-14 -8.824041563526700398e-14 -8.818219377704600202e-14 -8.815388999465700284e-14 -8.814909860427799899e-14 -8.817976256710400292e-14 -8.825539448160599785e-14 -8.832586529969699902e-14 -8.832907897130199376e-14 -8.822107277052499905e-14 -8.811173860187100029e-14 -8.812745678386899614e-14 -8.811997024136200301e-14 -8.794513190772799948e-14 -8.798405925841499449e-14 -8.983944080398600545e-14
-1.026403713984800050e-13 -8.785977098657900296e-14 -8.824283743949399781e-14 -8.812248274368500161e-14 -8.810856781874199902e-14 -8.819961783210699700e-14 -8.830554859738499985e-14 -8.824163234506300164e-14 -8.818061660251499479e-14 -8.815090967637399978e-14 -8.814884032972199984e-14 -8.818374106350600201e-14 -8.825860864492700321e-14 -8.832469828400500499e-14 -8.832349400567599765e-14 -8.821955503605200341e-14 -8.811615119512300278e-14 -8.812917242737200592e-14 -8.811748848423000340e-14 -8.794894436209199685e-14 -8.798437422393799911e-14 -8.972296947337799578e-14
-9.731078295227399904e-14 -8.806537812163699639e-14 -8.823380137656200559e-14 -8.811754445427900209e-14 -8.812145368071200484e-14 -8.820434060155100162e-14 -8.829896298994399602e-14 -8.824983897495299735e-14 -8.819021990125400082e-14 -8.814733619648900274e-14 -8.814034373725300497e-14 -8.818488853476099461e-14 -8.826713521066399571e-14 -8.832843383430099620e-14 -8.831386651772700388e-14 -8.821568116198000607e-14 -8.812660370375799608e-14 -8.813048141706499959e-14 -8.810257572334399548e-14 -8.795665799627399584e-14 -8.800870347223299723e-14 -8.939802074276100310e-14
-1.036738402706699949e-13 -8.782410082007900129e-14 -8.824677642851599883e-14 -8.812517536108599954e-14 -8.810710218534200576e-14 -8.819785538709400228e-14 -8.830495510506700580e-14 -8.824065726429399994e-14 -8.818113719050199466e-14 -8.815294830503800445e-14 -8.814953174126900041e-14 -8.818121807966300286e-14 -8.825577057518799447e-14 -8.832443997848299675e-14 -8.832678851954400520e-14 -8.822097068585199475e-14 -8.811434353679699762e-14 -8.812938042166200391e-14 -8.811943424019699613e-14 -8.794436998901500230e-14 -8.798326005954000354e-14 -8.982118647234499820e-14
-1.119137079483399995e-13 -8.751128031618699417e-14 -8.826042376413900195e-14 -8.813358696031899973e-14 -8.808769379242699713e-14 -8.818849476894599870e-14 -8.831357849957300603e-14 -8.823085331817100166e-14 -8.817085355480599691e-14 -8.815970016276200113e-14 -8.816041498122600128e-14 -8.817752781665799677e-14 -8.824421525512000512e-14 -8.832191727447199542e-14 -8.834089164029199463e-14 -8.822239018166999699e-14 -8.809618075776300298e-14 -8.813206333001700621e-14 -8.814534245576700176e-14 -8.792534292609199696e-14 -8.794460197574099371e-14 -9.039141832551000149e-14
-9.482357105914299818e-14 -8.815750001314600296e-14 -8.822863721056600213e-14 -8.811446429049200194e-14 -8.812690677970600480e-14 -8.820733156078299613e-14 -8.829721336575499577e-14 -8.825277037695499615e-14 -8.819246434745700325e-14 -8.814451697146499962e-14 -8.813684980638800275e-14 -8.818600131679599544e-14 -8.827018249745499673e-14 -8.832855851353900354e-14 -8.831017985046599789e-14 -8.821715401124900169e-14 -8.813354161093299885e-14 -8.812812128924900570e-14 -8.809143519676599882e-14 -8.796179727469399821e-14 -8.802710489227699378e-14 -8.923403432249100324e-14
-9.969105635035100198e-14 -8.797192882561600124e-14 -8.823909316273799466e-14 -8.812255652592200537e-14 -8.811630016926100422e-14 -8.819960641602999487e-14 -8.830174108876200625e-14 -8.824927012276199916e-14 -8.818905700322100136e-14 -8.814842016175499686e-14 -8.814083273732700043e-14 -8.818169751248299488e-14 -8.826390726999200353e-14 -8.832943972048499866e-14 -8.831971200311299422e-14 -8.821643418623699624e-14 -8.812044013640499731e-14 -8.813021112177700595e-14 -8.810936643716700172e-14 -8.795137982396299834e-14 -8.800152719935799984e-14 -8.957408772577599503e-14
-1.033724085006399974e-13 -8.783288963801699945e-14 -8.824545671276099599e-14 -8.812378946015599588e-14 -8.810654210896700449e-14 -8.819778023097199923e-14 -8.830624986329300317e-14 -8.824140918576999371e-14 -8.818029411198300245e-14 -8.815122666912499887e-14 -8.814886345649399421e-14 -8.818268881716900044e-14 -8.825789649894800437e-14 -8.832564730935899401e-14 -8.832597087329299772e-14 -8.821987859362999703e-14 -8.811358814194100529e-14 -8.812840934561599378e-14 -8.811955822222399608e-14 -8.794769653057800458e-14 -8.798194640099999561e-14 -8.977621532607500214e-14
-1.060795642877099956e-13 -8.773719643240399537e-14 -8.825239905185599864e-14 -8.812693452654300363e-14 -8.810038416981699378e-14 -8.819417348398999580e-14 -8.830836525152099376e-14 -8.823942295967600008e-14 -8.817930360859600454e-14 -8.815442216320799516e-14 -8.815110229360500337e-14 -8.817900845421599743e-14 -8.825286432121400455e-14 -8.832507948142499516e-14 -8.833123404503100091e-14 -8.822008325927499517e-14 -8.810771362859200260e-14 -8.813088318768699615e-14 -8.812841306470899870e-14 -8.793845862154999668e-14 -8.797230530869400560e-14 -9.000344467432599463e-14
-1.075394881411800057e-13 -8.747346935888699807e-14 -8.823369719583699491e-14 -8.816445460237000266e-14 -8.809615140665300367e-14 -8.816702884727500446e-14 -8.832987761928899722e-14 -8.824767832724699787e-14 -8.816162731296799652e-14 -8.813947025528600188e-14 -8.816132730389900264e-14 -8.820185679122999903e-14 -8.825407461076500526e-14 -8.830392301155800542e-14 -8.831994534095099686e-14 -8.824030067554200265e-14 -8.812676287274600245e-14 -8.810579483986499369e-14 -8.810680587167800057e-14 -8.798590118654699839e-14 -8.797720140587200288e-14 -8.945238932782999884e-14
-1.066401461918299942e-13 -8.760752272539899837e-14 -8.824075180796299708e-14 -8.814732181855800131e-14 -8.810002137938499524e-14 -8.818018015066699472e-14 -8.831828382898500497e-14 -8.824454473137200453e-14 -8.817145071263199700e-14 -8.814623506650099761e-14 -8.815503662051799822e-14 -8.819102303309300496e-14 -8.825572847944999980e-14 -8.831636489156599531e-14 -8.832422330277199678e-14 -8.822791644632899589e-14 -8.811738200507000166e-14 -8.812038671695800158e-14 -8.811710296908900160e-14 -8.795882768272800202e-14 -8.797772559795200376e-14 -8.974749690213099926e-14
-1.054744694626399995e-13 -8.776721328938100565e-14 -8.825082874792400222e-14 -8.812242778258400150e-14 -8.810096791078399744e-14 -8.819798367604600430e-14 -8.830754318528599464e-14 -8.823680864215399888e-14 -8.817715758464700297e-14 -8.815457754277400218e-14 -8.815314376045499979e-14 -8.818120465732700197e-14 -8.825312974329199625e-14 -8.832355326943600413e-14 -8.832996283085099431e-14 -8.822114789403500004e-14 -8.810930478596600207e-14 -8.812883007063000630e-14 -8.812522592026799848e-14 -8.794146359635999730e-14 -8.797720842560500376e-14 -8.995511078213500069e-14
-1.074460399664200014e-13 -8.766422503309900566e-14 -8.824947565384600062e-14 -8.813143511946299975e-14 -8.809824659231700431e-14 -8.819147698514099705e-14 -8.831134396013499842e-14 -8.823856801418599450e-14 -8.817596721878000434e-14 -8.815328871325999426e-14 -8.815263806882399943e-14 -8.818045412594699812e-14 -8.825266634716000354e-14 -8.832483938846500035e-14 -8.833296577571699654e-14 -8.822093357468099580e-14 -8.810508334939000191e-14 -8.812890186324400231e-14 -8.813083497995900154e-14 -8.793886793082500557e-14 -8.796532491176900523e-14 -9.004635999016199981e-14
-8.437386885193300615e-14 -8.852299833642600340e-14 -8.820027912399700602e-14 -8.811214538503600424e-14 -8.815777305745400524e-14 -8.821780586877699499e-14 -8.828415422808700151e-14 -8.826768236307499849e-14 -8.820861157738200209e-14 -8.813601172411200594e-14 -8.812167443396199788e-14 -8.819120197141599646e-14 -8.828750939427899973e-14 -8.833399212599400012e-14 -8.829040805081700353e-14 -8.821202375102099476e-14 -8.815581324579599734e-14 -8.812691092609400087e-14 -8.805977998269300477e-14 -8.798470287397000398e-14 -8.807515214862300127e-14 -8.850807770063399994e-14
-1.068767612098399959e-13 -8.762724178814400045e-14 -8.824472067825500198e-14 -8.814064759996599753e-14 -8.809824482124899583e-14 -8.818469833810899871e-14 -8.831712063410300316e-14 -8.824124175892299835e-14 -8.817079585221599708e-14 -8.814846137038699577e-14 -8.815607658587799462e-14 -8.818880371689999919e-14 -8.825341669483400515e-14 -8.831648687125000300e-14 -8.832652437507700166e-14 -8.822767516121000101e-14 -8.811497388771299934e-14 -8.812181606440599536e-14 -8.812104079957200478e-14 -8.795610145538100136e-14 -8.797226224763000092e-14 -8.980454497054999418e-14
