-1.737265592134299872e-14 -1.737600317621299844e-14 -1.746727063467299844e-14 -1.747373722473200061e-14 -1.747126289471300067e-14 -1.742726848328099947e-14 -1.740802374843800110e-14 -1.741218209552700097e-14 -1.748093574204599950e-14 -1.749139737912599958e-14 -1.747779580002000009e-14 -1.746683684117700120e-14 -1.746833405154499874e-14 -1.748050533718000112e-14 -1.750540360127500134e-14 -1.748923520664800089e-14 -1.739254646546800004e-14
-1.687215843449999975e-14 -1.688503769077499900e-14 -1.750996778173400031e-14 -1.749062390706400121e-14 -1.746445668915299965e-14 -1.742682773167899856e-14 -1.740985685867800070e-14 -1.741147176400799891e-14 -1.748300401097199848e-14 -1.749563620962999853e-14 -1.747739187290899978e-14 -1.746157368153800068e-14 -1.746353467381000091e-14 -1.748122036442899924e-14 -1.751617401760500101e-14 -1.747671127059399857e-14 -1.727643366183100129e-14
-1.670235032004900134e-14 -1.672058189974499882e-14 -1.750815922363200025e-14 -1.748078044956400126e-14 -1.746171768799299951e-14 -1.743355802790099850e-14 -1.741241740881599898e-14 -1.740770350399200083e-14 -1.748453122952600023e-14 -1.749782813854400034e-14 -1.747429279804300066e-14 -1.745681627755900030e-14 -1.746093719868400074e-14 -1.748645088916199920e-14 -1.752972139926999930e-14 -1.746447630725199911e-14 -1.717435536242899988e-14
-1.600238133238600138e-14 -1.603708310377799854e-14 -1.754139155311600113e-14 -1.747867794926400050e-14 -1.745245854516400011e-14 -1.744731127612700108e-14 -1.741977091598600128e-14 -1.739875641680299937e-14 -1.748718802989399882e-14 -1.750801545531599962e-14 -1.747327316215799947e-14 -1.744381524499599849e-14 -1.744895222167200022e-14 -1.748737463015699985e-14 -1.755628805046000127e-14 -1.744890167299600033e-14 -1.695943105579500156e-14
-1.721968708176599855e-14 -1.722658988588999974e-14 -1.747601225655700095e-14 -1.747590244251800082e-14 -1.747035438888800074e-14 -1.742777797715599919e-14 -1.740741151790999893e-14 -1.741043873339100063e-14 -1.748348169232699881e-14 -1.749319486735299980e-14 -1.747525342608800041e-14 -1.746273829950899853e-14 -1.746549072946800128e-14 -1.748256368639299895e-14 -1.751352207815399869e-14 -1.748295547203900155e-14 -1.733205330316899929e-14
-1.675397249840799893e-14 -1.677113256611100129e-14 -1.750286343245800061e-14 -1.747858091558499948e-14 -1.746366303358899892e-14 -1.743553154881000101e-14 -1.741263242622299972e-14 -1.740564160262000021e-14 -1.748363859135599954e-14 -1.749994809942700088e-14 -1.747811264907499970e-14 -1.745840012238200005e-14 -1.746077168520999913e-14 -1.748264342174099926e-14 -1.752423667948100048e-14 -1.746804886859999882e-14 -1.720202148921700107e-14
-1.712867831157199941e-14 -1.713736645070200031e-14 -1.748243973987899918e-14 -1.747456309008200124e-14 -1.746545053370000115e-14 -1.743124123199799870e-14 -1.741249637139899936e-14 -1.741210109505399878e-14 -1.747916808453299981e-14 -1.749206888267200093e-14 -1.747791329356300096e-14 -1.746569355815499887e-14 -1.746770764369100093e-14 -1.748285591988300109e-14 -1.751130495542599936e-14 -1.747873493235399943e-14 -1.732013258238899939e-14
-1.685230245923300087e-14 -1.686748612869599852e-14 -1.749614546946800103e-14 -1.747704120801699880e-14 -1.746523348658500080e-14 -1.743424997973800001e-14 -1.741139278493900152e-14 -1.740623865540100132e-14 -1.748393282205699936e-14 -1.749847412891999871e-14 -1.747652641853299863e-14 -1.745813365202100059e-14 -1.746089202869799854e-14 -1.748288165546199906e-14 -1.752442105137400154e-14 -1.747363015020100006e-14 -1.722789750075900036e-14
-1.647791080815899924e-14 -1.650083871655800065e-14 -1.752266418373400118e-14 -1.748477696806100026e-14 -1.746051197873499985e-14 -1.743689126303600120e-14 -1.741386191023899860e-14 -1.740428292295499953e-14 -1.748470658297100154e-14 -1.750155134067399914e-14 -1.747589873442000035e-14 -1.745416424091300122e-14 -1.745779079484699874e-14 -1.748532614453299867e-14 -1.753518202242699992e-14 -1.746161569290900024e-14 -1.712295308586600019e-14
-1.676868361924799892e-14 -1.678563999070700036e-14 -1.750180257576100076e-14 -1.747762720169800070e-14 -1.746323202601599921e-14 -1.743510095371099997e-14 -1.741215426298999934e-14 -1.740547380430900055e-14 -1.748436136268999886e-14 -1.750011277797099905e-14 -1.747690278222799953e-14 -1.745621704677700151e-14 -1.745860921030700105e-14 -1.748144593593000158e-14 -1.752760523426600133e-14 -1.747764510345900007e-14 -1.721890848253999866e-14
-1.685342232170200015e-14 -1.686870072546299945e-14 -1.749556357439599997e-14 -1.747486226481700134e-14 -1.746259391216999909e-14 -1.743427605348999922e-14 -1.741273888762400067e-14 -1.740795869294399893e-14 -1.748333573280699962e-14 -1.749752166097800064e-14 -1.747647111957900028e-14 -1.745926352722599960e-14 -1.746227169698599928e-14 -1.748414201345899945e-14 -1.752362915020699916e-14 -1.746996564999199953e-14 -1.722152638610100081e-14
-1.557467654590900118e-14 -1.562004744678700102e-14 -1.755672171053999889e-14 -1.747458888350799900e-14 -1.744918518117200032e-14 -1.745743067228600140e-14 -1.742338429117199915e-14 -1.739075901162000119e-14 -1.748905806207900091e-14 -1.751464784100999945e-14 -1.747259769483100113e-14 -1.743732982327300019e-14 -1.744429810608600058e-14 -1.749301905838300138e-14 -1.757667752693999861e-14 -1.743168624692099912e-14 -1.679387763086800050e-14
-1.710344281497099870e-14 -1.711203571712999965e-14 -1.748811803236699867e-14 -1.747877798858900154e-14 -1.746569182919399999e-14 -1.743052994388799925e-14 -1.741220750059400146e-14 -1.741156543657900122e-14 -1.747883079321799943e-14 -1.749341844292600152e-14 -1.747979431974499993e-14 -1.746520081273600129e-14 -1.746587526608800070e-14 -1.747904996765699861e-14 -1.751043804990199918e-14 -1.748978805395099891e-14 -1.735159743850999897e-14
-1.701824266720999987e-14 -1.702955008710200112e-14 -1.748846920239999976e-14 -1.747914083529899970e-14 -1.746882220639000144e-14 -1.743003591879700079e-14 -1.740879087265399952e-14 -1.740900516267499985e-14 -1.748383370137800045e-14 -1.749424544321100060e-14 -1.747389427740199986e-14 -1.746041793645099940e-14 -1.746424572489800080e-14 -1.748539899387599852e-14 -1.752003465381499995e-14 -1.747145472118499873e-14 -1.725874799154099898e-14
-1.678402740796100082e-14 -1.680102612510900075e-14 -1.749916654164699933e-14 -1.747691145928200007e-14 -1.746403881937100087e-14 -1.743403863058000035e-14 -1.741114315862300007e-14 -1.740633311381100045e-14 -1.748519229096500016e-14 -1.749780149082999940e-14 -1.747341464965899991e-14 -1.745617568686699905e-14 -1.746059737908200123e-14 -1.748667151009000069e-14 -1.753038561665799912e-14 -1.746651573978999857e-14 -1.718340889077300076e-14
-1.714950584530299954e-14 -1.715840141084400095e-14 -1.747764153853800119e-14 -1.747420605963999892e-14 -1.746961963028999881e-14 -1.742884103632999980e-14 -1.740672146854199917e-14 -1.740776538169900139e-14 -1.748505603162300095e-14 -1.749602185697999859e-14 -1.747608237108099991e-14 -1.746151638533099938e-14 -1.746428185729700077e-14 -1.748274811973000041e-14 -1.751553055377400125e-14 -1.747657853465299897e-14 -1.729588380608800153e-14
-1.683142854600299888e-14 -1.684533828246299929e-14 -1.750917371725999874e-14 -1.748601406613799850e-14 -1.746255658552999948e-14 -1.743233432214699916e-14 -1.741397445515400145e-14 -1.740984042301199916e-14 -1.747927871931599976e-14 -1.749666223322600033e-14 -1.748078553473399908e-14 -1.746234128523400084e-14 -1.746280153737799931e-14 -1.747872483230999859e-14 -1.751812850145900141e-14 -1.748937094970200096e-14 -1.729924394060000122e-14
-1.676938076774400001e-14 -1.678549465933500020e-14 -1.750783872968400003e-14 -1.748194243769799875e-14 -1.746136949225499999e-14 -1.743384985080200087e-14 -1.741402104199200032e-14 -1.740850518366099876e-14 -1.748053264125900031e-14 -1.749709670097400032e-14 -1.747893670137999914e-14 -1.746125623044100002e-14 -1.746320307582300013e-14 -1.748268961561900118e-14 -1.752140982815999860e-14 -1.747312346956100008e-14 -1.723380106740900047e-14
-1.729915174987299888e-14 -1.730353099340600121e-14 -1.747691748462200040e-14 -1.747919017715899861e-14 -1.747010173605000079e-14 -1.742585202458000037e-14 -1.740799991879799891e-14 -1.741265108934699914e-14 -1.748017044349199942e-14 -1.749141466469500105e-14 -1.747914436544800069e-14 -1.746853616715599902e-14 -1.746978683510799980e-14 -1.748094345403799970e-14 -1.750277021920900067e-14 -1.748200383875500136e-14 -1.737624044823299973e-14
-1.718638836658999954e-14 -1.719404755847900109e-14 -1.747880865899499906e-14 -1.747620032511600062e-14 -1.746839407641799947e-14 -1.742724354787699910e-14 -1.740818049246999874e-14 -1.741203821779100088e-14 -1.748302887824600153e-14 -1.749150575806299946e-14 -1.747383178421200119e-14 -1.746344874366399980e-14 -1.746721564455299893e-14 -1.748574095269000134e-14 -1.751475776946900141e-14 -1.747536403177200100e-14 -1.730684550141399926e-14
