5.877465539495773555e+04 -1.683602239099649753e-14 4.191315673686439432e-16
5.877555879372263735e+04 -1.685129663076464655e-14 4.094034029170560534e-16
5.888147641180171922e+04 -1.749935680207304779e-14 2.180036894315646241e-17
5.890324924021668267e+04 -1.747870729269154852e-14 4.258197102821767542e-18
5.893727291322774545e+04 -1.746403573666879941e-14 5.444795528447816825e-18
5.898210377501085168e+04 -1.743350952371070116e-14 7.231573953413395235e-18
5.900496458674625319e+04 -1.741195901466204884e-14 3.963269931290925767e-18
5.903386363614732545e+04 -1.740753561535995215e-14 5.088136602004651400e-18
5.909072325174613070e+04 -1.748316327213775161e-14 2.611878322383642363e-18
5.911764858414758055e+04 -1.749742816862629848e-14 5.598709603705857185e-18
5.914656278660306998e+04 -1.747641568775539893e-14 2.294268289809460646e-18
5.917352879822409886e+04 -1.745899377817030047e-14 7.231262393400769822e-18
5.918359365357441129e+04 -1.746187986806155072e-14 6.003616118256957378e-18
5.920240299972657522e+04 -1.748361982513609974e-14 3.222063275134900528e-18
5.923241968342326436e+04 -1.752388104796654466e-14 1.666701033136611127e-17
5.925733196492212301e+04 -1.747239029566670092e-14 1.349293728419369899e-17
5.928422872417713370e+04 -1.722739530454999657e-14 1.378681715917867015e-16
