5.878784274850213114e+04 6.161059848649855882e-15 8.190000072300286203e-15
5.884868123299240688e+04 -1.815119698591838569e-15 1.020912640447206209e-15
5.889747798873823922e+04 -4.222370089407922026e-15 2.826208652663407480e-15
5.912356728654309700e+04 -3.328074514604339355e-15 1.803595193573617642e-15
5.923263342850160552e+04 -1.467731882040151526e-16 4.854950066869142729e-16
5.929747416851540038e+04 -8.434693110971021936e-16 1.491810993940924451e-16
5.933533165752152854e+04 -1.076864440501754287e-15 1.824982056859704036e-16
5.940017948248826724e+04 -5.535602882530545221e-16 2.853046597922618332e-16
5.941476529633255996e+04 -8.431811867597818456e-16 1.110395752750369743e-16
5.945490049454395194e+04 -3.228241368434228962e-15 2.020382332615309652e-15
