7.440598862562799698e-15 -1.967735229973900116e-15 -4.977681647973000365e-15 -3.902658802147700255e-15 1.179762789886199967e-17 -8.115773447673799573e-16 -1.120214976611800015e-15 -5.013114422126099767e-16 -8.676123771337999970e-16 -3.894690057636400140e-15
1.509873223497899924e-14 -3.043955713568399928e-15 -7.789542228511999631e-15 -5.632182213182699889e-15 4.745076573475299711e-16 -1.079494276312899956e-15 -1.274785597152300047e-15 -2.100833098325300062e-16 -8.966733417466400283e-16 -5.795651779984699935e-15
1.038392869091600017e-14 -2.243179463976400116e-15 -5.177943250504599699e-15 -3.774552230828300167e-15 -1.058449551756699982e-16 -9.290189637333400922e-16 -1.019744329854600007e-15 -5.618619447476600292e-16 -9.690991662416099336e-16 -3.511885177772099858e-15
8.732255822690800194e-15 -2.163659701342800012e-15 -4.493098283699900326e-15 -3.275891508545500031e-15 -2.445019731523599827e-16 -9.606726922062400289e-16 -9.275570418940699917e-16 -6.111099367690699787e-16 -1.048773964169000075e-15 -3.495127493896900016e-15
2.371445580899900094e-15 -1.451908802693500065e-15 -3.724830877838499882e-15 -3.307515134819900137e-15 -6.010758179941099904e-17 -7.581477147477900463e-16 -1.207906133256900053e-15 -4.554242107636800156e-16 -6.589027965241900127e-16 -3.383533367778500010e-15
1.147456725449699971e-14 -2.393847755296100171e-15 -6.425361491302700123e-15 -4.811611422930499780e-15 2.527807467096799989e-16 -7.863190857790699509e-16 -1.245545080766500045e-15 -4.270840017439399795e-16 -7.652422929394399644e-16 -3.865908069424100075e-15
1.051465363507299953e-14 -2.357603589748199972e-15 -4.706150236269599958e-15 -3.346842950952000130e-15 -2.498999469794000095e-16 -7.864442927099100018e-16 -9.674133234220999747e-16 -7.755787235539899615e-16 -9.514859347510399826e-16 -1.833853004958699839e-15
-1.436588119267199931e-14 8.675004339062200145e-16 1.309098015043899986e-15 -2.462381416164599822e-16 -8.070616413958400127e-16 -7.644112641836800296e-16 -9.197740406703600118e-16 -5.885508326610700304e-16 -8.824146197382900024e-16 -4.276762070040500239e-15
6.524209702548299606e-15 -1.876512106955800175e-15 -4.019225578912999806e-15 -3.081631980326899997e-15 -2.392738067419900107e-16 -9.120714134880399908e-16 -9.951134271643500252e-16 -6.017629446999699707e-16 -9.519985439163699304e-16 -3.275851071672499875e-15
6.545662682718100180e-15 -2.064644427986800099e-15 -5.370639946798900312e-15 -4.315220843294099912e-15 1.959742897097799949e-16 -1.009481055889500027e-15 -1.230784481635899943e-15 -2.367317937267800030e-16 -8.161169907374500376e-16 -5.545648571597900041e-15
1.829827004735300151e-14 -3.220639764563600028e-15 -7.110146944961199417e-15 -4.727837651540700129e-15 9.189457417294600201e-17 -9.635947087737100873e-16 -1.048461425710000079e-15 -6.021593016966899578e-16 -9.865411741550099044e-16 -2.840938084237300011e-15
6.371102077710799952e-15 -1.784188610124500159e-15 -2.481439230566800197e-15 -1.741522594389200061e-15 -6.695823147385799794e-16 -7.689353249245100353e-16 -8.403858759993200094e-16 -9.956751349719699260e-16 -9.187286163297499861e-16 1.407695807002699958e-16
-8.567782510918999388e-15 8.186480256379200301e-18 8.495027282211399583e-16 -2.489839351283400138e-16 -9.084580783694100381e-16 -5.833504096849499855e-16 -8.959157984269199837e-16 -8.905766706234300441e-16 -7.182324050922999784e-16 -6.390105481189699512e-16
-4.844457867146599607e-15 -4.671661807339300097e-16 1.444088711706999940e-15 6.509403517949100273e-16 -1.304885094293500004e-15 -5.771141663872899632e-16 -6.296514296468299554e-16 -1.262728854503299962e-15 -8.928432127830899760e-16 1.907015212200299956e-15
-1.281565958279099910e-15 -9.403143324104399293e-16 -1.274017809122099913e-15 -1.405955773534599996e-15 -6.929549714142699705e-16 -5.483420640931099973e-16 -9.139599617071399366e-16 -9.141989233375499344e-16 -7.679584744157300103e-16 -4.698681223070699881e-16
9.153277495103099352e-15 -2.369057163142899945e-15 -5.766497763164999620e-15 -4.480668342081600203e-15 1.866808675089900067e-16 -8.644431662348100127e-16 -1.243438683318599962e-15 -3.646019603427499958e-16 -7.158804277804199662e-16 -3.968009679098599824e-15
9.093795274707400089e-15 -2.112607566923400138e-15 -5.918017132539399651e-15 -4.540721518890799914e-15 2.224852350988799796e-16 -1.059738620581900083e-15 -1.223453588527299967e-15 -1.714537823376999937e-16 -7.668300316370199650e-16 -5.451328296984499992e-15
1.091857060134300032e-14 -2.409495388614799937e-15 -6.566725211345100326e-15 -4.944207298185599823e-15 3.265689089252999788e-16 -9.005579453122900736e-16 -1.296249515846000072e-15 -2.778205210682000042e-16 -7.182207915254800089e-16 -4.641065619621399912e-15
1.824185950648700148e-14 -3.185274087181699990e-15 -8.603235234247300298e-15 -6.082682838313899695e-15 5.614164167358600368e-16 -9.796246120773700270e-16 -1.273512988650199939e-15 -2.589150181506800201e-16 -8.962304678780600954e-16 -5.408754834337999857e-15
1.117955032424599919e-15 -1.126291000762199993e-15 -3.645538375371399626e-15 -3.345505463172900159e-15 2.300027587229999957e-17 -8.260471000542499761e-16 -1.263421109773899966e-15 -3.635764573175199856e-16 -6.738381057009500153e-16 -4.314726312117000218e-15
