-5.243722951857500205e-15 -6.263573179570999645e-15 -7.832794073306999655e-15 -7.716927782371099884e-15 -6.854929686484000008e-15 -7.265635504122000461e-15 -7.506178202916800135e-15 -7.454991549903799786e-15 -7.574251539036800128e-15 -7.570995320192600603e-15 -7.430893076308100766e-15 -7.532557701963300348e-15 -6.066066359951299913e-15
-6.555747164815900176e-15 -7.326273694825500765e-15 -7.935815398218699696e-15 -7.462826289792800652e-15 -6.590089692068900353e-15 -7.303559783832599394e-15 -7.545398259406500712e-15 -7.412069454652900274e-15 -7.662110450566199486e-15 -7.508276862488700329e-15 -7.398436265049700067e-15 -7.641386661717999341e-15 -5.797872564605299768e-15
-6.399805707299599885e-15 -6.964841568131499624e-15 -7.682868055910399618e-15 -7.566689759656999275e-15 -7.269908341141099267e-15 -7.631861011175299352e-15 -7.755079137557199854e-15 -7.393646191882099496e-15 -7.609408817807000746e-15 -7.540386901652900263e-15 -7.448645538986700347e-15 -7.533094817743200120e-15 -6.122742139526399645e-15
-5.941463826210900123e-15 -6.866251437455500391e-15 -7.957035059616800284e-15 -7.630131196970699752e-15 -6.708066178798199654e-15 -7.278597876669299855e-15 -7.572047257524900147e-15 -7.472872209546899475e-15 -7.550800767663199355e-15 -7.546541454567300611e-15 -7.501025804132900162e-15 -7.455651279007800076e-15 -5.418973111960899959e-15
-6.063974445241900049e-15 -6.831451247547200286e-15 -7.856886865956000347e-15 -7.675217335556199588e-15 -7.020911454827900196e-15 -7.475884752119100719e-15 -7.718747649023400331e-15 -7.409599147914399773e-15 -7.564787050017300650e-15 -7.603297655473299919e-15 -7.380041966007399388e-15 -7.550600102564300492e-15 -6.488436062858399720e-15
-6.550314519949899947e-15 -7.138116111167499966e-15 -7.791885051659200680e-15 -7.557556753542300493e-15 -6.981767287171299750e-15 -7.442275447198000718e-15 -7.659160585854400545e-15 -7.428162166053899233e-15 -7.548589653059199358e-15 -7.603613475358500085e-15 -7.422634427207899864e-15 -7.494409218624399712e-15 -6.528386790936000180e-15
-6.181787958280400162e-15 -6.966927692979800004e-15 -7.879026614236300185e-15 -7.595118488795100679e-15 -6.844998185733599748e-15 -7.372700023077399314e-15 -7.646829883574499623e-15 -7.440139234988800128e-15 -7.562526400677200110e-15 -7.571702395959399928e-15 -7.420055975714600747e-15 -7.537556176188399284e-15 -6.129594787150300130e-15
-7.076859406545499693e-15 -7.402725152773499629e-15 -7.661667510969500752e-15 -7.498791283115499928e-15 -7.311015250903600223e-15 -7.685614138450799365e-15 -7.772638951651399261e-15 -7.374343826310099898e-15 -7.594290684534900691e-15 -7.572747068179200538e-15 -7.436229501541899473e-15 -7.500366388668000369e-15 -6.547896919845000196e-15
-7.641030124123600200e-15 -7.837543918204300177e-15 -7.756595830222800175e-15 -7.473944617409899931e-15 -7.148236360305100075e-15 -7.503314548374800605e-15 -7.655230262049100422e-15 -7.469158095389600666e-15 -7.534753578700999866e-15 -7.591619451096899442e-15 -7.474877100639599960e-15 -7.389068187152899537e-15 -6.694624987177300075e-15
-4.842984468259000196e-15 -6.181138786585400105e-15 -8.030523903495799502e-15 -7.766189579060300370e-15 -6.654000997910900160e-15 -7.326140678609199804e-15 -7.652318710937499561e-15 -7.407092131796799367e-15 -7.559241993214499898e-15 -7.545449744270899663e-15 -7.535247380946900510e-15 -7.500279686158900296e-15 -4.617872501737999984e-15
-8.233063202660599784e-15 -7.881313544958600206e-15 -7.394956327346599720e-15 -7.473146424741999305e-15 -7.820001451463399890e-15 -7.681831163919600773e-15 -7.606382342637799336e-15 -7.508124603648299630e-15 -7.535969845906400480e-15 -7.585320895936999321e-15 -7.437806220783999895e-15 -7.406240553415199860e-15 -8.307062035740499948e-15
-5.851021376119399851e-15 -6.708172766489799906e-15 -7.893130360148499580e-15 -7.707400337784500424e-15 -6.946555060370699857e-15 -7.462800200839699501e-15 -7.711402016235400617e-15 -7.365857633352400670e-15 -7.566343757218700400e-15 -7.627735679980499714e-15 -7.345655857929700313e-15 -7.604453352521600323e-15 -6.656587028825599993e-15
-7.399829920497399872e-15 -7.561468501634199968e-15 -7.687715939839399904e-15 -7.590751566726799414e-15 -7.414401167018799706e-15 -7.595316560296999384e-15 -7.634771935836799644e-15 -7.446914243303799343e-15 -7.589656085317300630e-15 -7.552661039207499836e-15 -7.400225538563800589e-15 -7.556080114453599720e-15 -7.421298109130599216e-15
-5.614099803161600178e-15 -6.670137346152299810e-15 -7.932361775753200306e-15 -7.609426580062199415e-15 -6.763091146727699853e-15 -7.506702923754199844e-15 -7.777824230826099740e-15 -7.316919705418899967e-15 -7.611139441317800189e-15 -7.567027435769900521e-15 -7.431696442119300357e-15 -7.593816418323900784e-15 -5.263252805409200266e-15
-6.308584371447500253e-15 -7.187300508225899713e-15 -8.052240733334899945e-15 -7.607875992917899471e-15 -6.591522768064000209e-15 -7.283221973896400639e-15 -7.628445792582399584e-15 -7.427302232984099291e-15 -7.559406700950499399e-15 -7.591915053794499660e-15 -7.398765388478099725e-15 -7.549271711586099699e-15 -6.000007935105899670e-15
-6.627624467721799867e-15 -7.140729779970399979e-15 -7.693829925224400005e-15 -7.530034847619800482e-15 -7.242334523672100440e-15 -7.655754353362099750e-15 -7.743190508036200405e-15 -7.376939080274999758e-15 -7.615797176555100568e-15 -7.537756923454199642e-15 -7.505225965257200028e-15 -7.466972827918299617e-15 -5.736403627587699665e-15
-7.157958052173699533e-15 -7.537600935964900620e-15 -7.771700141351200030e-15 -7.512304922321700588e-15 -7.113486813901800040e-15 -7.525073523925200661e-15 -7.578408172548099956e-15 -7.401343411955999408e-15 -7.648979491233699561e-15 -7.529805029847299488e-15 -7.464942514042600254e-15 -7.465282317580499772e-15 -6.108481002294300209e-15
-6.429116203221400011e-15 -7.057087507299899627e-15 -7.775962133944100067e-15 -7.566345019337700471e-15 -7.070717716086799728e-15 -7.521972036054500210e-15 -7.706901369967399939e-15 -7.423351246776800317e-15 -7.577784304034200610e-15 -7.545594969100900024e-15 -7.458256290442499401e-15 -7.512048325462399266e-15 -6.035042419532999772e-15
-7.138308578048299828e-15 -7.368799461255400588e-15 -7.654536432028099645e-15 -7.569137495859900417e-15 -7.307655616096799964e-15 -7.506270945645500641e-15 -7.598870400913999770e-15 -7.438350988889499682e-15 -7.565576609054099748e-15 -7.631036767655900645e-15 -7.354765439964799674e-15 -7.483054372600400283e-15 -7.679468916994600409e-15
-9.261728999416400019e-15 -8.524806528836400589e-15 -7.296528960432899698e-15 -7.355589205400499379e-15 -8.145170631776699811e-15 -7.982627160201299775e-15 -7.809735940420199888e-15 -7.458984255767199958e-15 -7.593340901736499277e-15 -7.576522004917499284e-15 -7.426650910211599243e-15 -7.383655690741799579e-15 -8.382370083960300017e-15
