5.880157635507270606e+04 -6.625951277352615228e-15 9.951138903598854467e-16
5.881136879259887792e+04 -7.170812983501451934e-15 5.367160741098400747e-16
5.884473649863326864e+04 -7.776903054649789201e-15 1.850297195929450338e-16
5.886250951551448088e+04 -7.573270273952197126e-15 9.584417038842011788e-17
5.890849458998198679e+04 -7.089943016526169395e-15 3.873763317904699699e-16
5.913947546397610859e+04 -7.500357730276200590e-15 1.722842434539122868e-16
5.916388496963711077e+04 -7.663978080525004973e-15 8.142961872890359731e-17
5.923968433685266791e+04 -7.421308070540564806e-15 4.252160671239721593e-17
5.929951991921859008e+04 -7.581237762430081793e-15 3.369747654089916030e-17
5.935798791736044222e+04 -7.570000306445245528e-15 3.157047650169667955e-17
5.940784902615880128e+04 -7.433603880216464249e-15 4.706272871738600898e-17
5.945698696416474559e+04 -7.507792295219650476e-15 6.691263261290094045e-17
5.949595854892904026e+04 -6.400122009516531593e-15 9.305579759318356810e-16
