-5.861694191325599848e-14 -5.869904350418299840e-14 -5.877178884149099587e-14 -5.878088448313799553e-14 -5.879118661729999944e-14 -5.881439001926599882e-14 -5.882494486995900135e-14 -5.883587686343399911e-14 -5.884740973397799906e-14 -5.885727333566399427e-14 -5.886857554745600423e-14 -5.887866166488899566e-14 -5.888702260749199667e-14 -5.889996367597799626e-14 -5.890946429272999376e-14 -5.892012992893399964e-14 -5.893051759631499976e-14 -5.893997108728200474e-14
-5.861675125162199580e-14 -5.869895054919600531e-14 -5.877178214213300048e-14 -5.878088855333400622e-14 -5.879120288189000262e-14 -5.881443373541899400e-14 -5.882500106743200470e-14 -5.883594598389300274e-14 -5.884749248419200055e-14 -5.885736773913000490e-14 -5.886868329973100446e-14 -5.887878132646600489e-14 -5.888715213859700182e-14 -5.890010847996099832e-14 -5.890962030496099526e-14 -5.892029852049899517e-14 -5.893069843633900537e-14 -5.894016306948299623e-14
-5.861682210680300532e-14 -5.869898672659800531e-14 -5.877178744901600340e-14 -5.878088999127900437e-14 -5.879119993519700115e-14 -5.881442090324200369e-14 -5.882498373362299767e-14 -5.883592398476100613e-14 -5.884746555899700292e-14 -5.885733659792000201e-14 -5.886864732370700559e-14 -5.887874103225899958e-14 -5.888710826192900041e-14 -5.890005905287400390e-14 -5.890956679928000415e-14 -5.892024043113199551e-14 -5.893063587720099548e-14 -5.894009643835799633e-14
-5.861697882343399830e-14 -5.869907109320299626e-14 -5.877180668992599833e-14 -5.878090102990700287e-14 -5.879120166772100075e-14 -5.881440161320099428e-14 -5.882495485170199404e-14 -5.883588514825600141e-14 -5.884741619801999811e-14 -5.885727821689300081e-14 -5.886857858494299576e-14 -5.887866302889399806e-14 -5.888702256295299831e-14 -5.889996141294500003e-14 -5.890946036828099566e-14 -5.892012410367999458e-14 -5.893050988245799986e-14 -5.893996161750799774e-14
-5.861717673273599905e-14 -5.869916129734499834e-14 -5.877180280249700558e-14 -5.878088545053099781e-14 -5.879117286422999982e-14 -5.881434309770900410e-14 -5.882488285396500281e-14 -5.883579920843800079e-14 -5.884731557528299390e-14 -5.885716505727999848e-14 -5.886845108348700552e-14 -5.887852275113300620e-14 -5.888687171127300576e-14 -5.889979422526100427e-14 -5.890928121332800222e-14 -5.891993154073699747e-14 -5.893030428968000167e-14 -5.893974419480900609e-14
-5.861674650530600074e-14 -5.869895857786299459e-14 -5.877179981969000236e-14 -5.878090734340300135e-14 -5.879122290741800492e-14 -5.881445644749500202e-14 -5.882502495700699843e-14 -5.883597106308700326e-14 -5.884751878437299522e-14 -5.885739505496800140e-14 -5.886871174659699854e-14 -5.887881075100099370e-14 -5.888718235117500486e-14 -5.890013986704999653e-14 -5.890965251983000147e-14 -5.892033162494099871e-14 -5.893073236530299613e-14 -5.894019770972999812e-14
-5.861703180569000158e-14 -5.869907002289300410e-14 -5.877176214037799682e-14 -5.878085129150099995e-14 -5.879114611688100484e-14 -5.881433322401699643e-14 -5.882488073974199569e-14 -5.883580518791600414e-14 -5.884733015730099529e-14 -5.885718705036500391e-14 -5.886848163228499846e-14 -5.887856099444699767e-14 -5.888691637677500276e-14 -5.889984891485800483e-14 -5.890934333048600287e-14 -5.892000207054600313e-14 -5.893038309330599610e-14 -5.893983060451300203e-14
-5.861712629195600140e-14 -5.869912661598100097e-14 -5.877178362296200467e-14 -5.878086829646999387e-14 -5.879115802719799382e-14 -5.881433356904400617e-14 -5.882487578164799812e-14 -5.883579470869700356e-14 -5.884731382140899771e-14 -5.885716567808399594e-14 -5.886845445707999970e-14 -5.887852861089100471e-14 -5.888687965351399723e-14 -5.889980543234199444e-14 -5.890929485097799575e-14 -5.891994794425700547e-14 -5.893032342608300391e-14 -5.893976585615299714e-14
-5.861689061407900106e-14 -5.869903428841600559e-14 -5.877181428853699592e-14 -5.878091411727699979e-14 -5.879122095548299731e-14 -5.881443480253300140e-14 -5.882499433513100120e-14 -5.883593113073599827e-14 -5.884746901474099990e-14 -5.885733686028399406e-14 -5.886864388277800574e-14 -5.887873424516200105e-14 -5.888709867049099548e-14 -5.890004506210299744e-14 -5.890954953183199595e-14 -5.892021943341100583e-14 -5.893061118979400623e-14 -5.894006834033900467e-14
-5.861709249693900201e-14 -5.869910509928600387e-14 -5.877177373956800498e-14 -5.878085991049899674e-14 -5.879115134856199864e-14 -5.881433078005799428e-14 -5.882487478271300470e-14 -5.883579557739599665e-14 -5.884731667624500326e-14 -5.885717024461399637e-14 -5.886846100087799460e-14 -5.887853693326799889e-14 -5.888688946186099582e-14 -5.889981755997500407e-14 -5.890930869832699620e-14 -5.891996373987100542e-14 -5.893034113988499632e-14 -5.893978533365099821e-14
-5.861691045911700401e-14 -5.869903709701500547e-14 -5.877180313943199376e-14 -5.878090128665000125e-14 -5.879120623699999841e-14 -5.881441589679499782e-14 -5.882497355500999683e-14 -5.883590842942999895e-14 -5.884744430946800247e-14 -5.885731046035999451e-14 -5.886861556338799595e-14 -5.887870423372800405e-14 -5.888706727192200113e-14 -5.890001154689300476e-14 -5.890951448585099772e-14 -5.892018269477199630e-14 -5.893057283132799419e-14 -5.894002853449300348e-14
-5.861682585219900572e-14 -5.869896470541800273e-14 -5.877174643721099764e-14 -5.878084682098900321e-14 -5.879115437666199978e-14 -5.881437018660399916e-14 -5.882493077356599465e-14 -5.883586876968000243e-14 -5.884740804352800313e-14 -5.885727717987700306e-14 -5.886858580245999796e-14 -5.887867770576999895e-14 -5.888704349319299601e-14 -5.889999215083499668e-14 -5.890949841389899743e-14 -5.892017046871300085e-14 -5.893056447515999798e-14 -5.894002381712700459e-14
-5.861681923557099916e-14 -5.869898311429499439e-14 -5.877178353102599645e-14 -5.878088605482700166e-14 -5.879119598304099925e-14 -5.881441693599000610e-14 -5.882497976890199403e-14 -5.883592002886899686e-14 -5.884746161997399524e-14 -5.885733267889300268e-14 -5.886864343484499967e-14 -5.887873717722199875e-14 -5.888710443974100071e-14 -5.890005529096599618e-14 -5.890956308860299650e-14 -5.892023678646099929e-14 -5.893063230588699525e-14 -5.894009294146799904e-14
-5.861693706524199928e-14 -5.869906383493600192e-14 -5.877182782547899943e-14 -5.878092559377900545e-14 -5.879123008283400548e-14 -5.881443857816500531e-14 -5.882499564831200526e-14 -5.883592987438500083e-14 -5.884746502604800272e-14 -5.885733051676999536e-14 -5.886863481942400115e-14 -5.887872273490500328e-14 -5.888708511709600406e-14 -5.890002831864600055e-14 -5.890953042332799995e-14 -5.892019764451099582e-14 -5.893058676352799695e-14 -5.894004148914199986e-14
-5.861693407585999819e-14 -5.869904403366999733e-14 -5.877179607227400055e-14 -5.878089251183900050e-14 -5.879119553928500537e-14 -5.881440091221000525e-14 -5.882495664067700623e-14 -5.883588953028000629e-14 -5.884742333208700236e-14 -5.885728771834000035e-14 -5.886859081447000045e-14 -5.887867770805799849e-14 -5.888703928395199613e-14 -5.889998131492900371e-14 -5.890948262300899951e-14 -5.892014901938499588e-14 -5.893053740844600454e-14 -5.893999153927600003e-14
-5.861706548421699657e-14 -5.869910180011899425e-14 -5.877178981950899529e-14 -5.878087832205499790e-14 -5.879117237715100195e-14 -5.881435760952199475e-14 -5.882490420765200389e-14 -5.883582766158100526e-14 -5.884735153282900523e-14 -5.885720744489999908e-14 -5.886850085433799920e-14 -5.887857912435299847e-14 -5.888693356803999966e-14 -5.889986458921999418e-14 -5.890935783788799888e-14 -5.892001521233600504e-14 -5.893039484405600033e-14 -5.893984103007200514e-14
-5.861689842456999772e-14 -5.869902250047499621e-14 -5.877178765623999395e-14 -5.878088577054799928e-14 -5.879119070405499570e-14 -5.881440040585700239e-14 -5.882495812017100533e-14 -5.883589307784800586e-14 -5.884742907420199737e-14 -5.885729534812599837e-14 -5.886860061952199645e-14 -5.887868946642600094e-14 -5.888705267063500559e-14 -5.889999723819099749e-14 -5.890950042210100478e-14 -5.892016893859200406e-14 -5.893055940954399398e-14 -5.894001545000099834e-14
-5.861702626538099945e-14 -5.869910410248199512e-14 -5.877182540218700442e-14 -5.878091786901699435e-14 -5.879121636274299864e-14 -5.881441139106799783e-14 -5.882496235188099785e-14 -5.883589026153200257e-14 -5.884741876256099657e-14 -5.885727857509800140e-14 -5.886857638373599480e-14 -5.887865851525699511e-14 -5.888701611121099423e-14 -5.889995192049900440e-14 -5.890944860999700375e-14 -5.892010976706800013e-14 -5.893049299368700559e-14 -5.893994237139399471e-14
-5.861701347571799524e-14 -5.869908644315900188e-14 -5.877180524364800369e-14 -5.878089750025100524e-14 -5.879119578268399871e-14 -5.881439043994200521e-14 -5.882494128080700065e-14 -5.883586909874700553e-14 -5.884739754019999965e-14 -5.885725733262100092e-14 -5.886855515539699732e-14 -5.887863733316999798e-14 -5.888699499282099372e-14 -5.889993094792100600e-14 -5.890942778421199702e-14 -5.892008914814600121e-14 -5.893047262281099658e-14 -5.893992226794299377e-14
-5.861689539320799994e-14 -5.869903743975300593e-14 -5.877181587397699622e-14 -5.878091549986900400e-14 -5.879122210648100239e-14 -5.881443542453399746e-14 -5.882499471313800085e-14 -5.883593125374800172e-14 -5.884746886654300278e-14 -5.885733647729900441e-14 -5.886864322882999842e-14 -5.887873334653699523e-14 -5.888709756795699459e-14 -5.890004363990800485e-14 -5.890954787194999407e-14 -5.892021750443899449e-14 -5.893060899457500228e-14 -5.894006590079199429e-14
