5.855727900889401644e+04 -5.861694421364519364e-14 1.170097294059247120e-19
5.879038456808323099e+04 -5.869904764231429661e-14 5.681703898124802002e-20
5.897700052627096011e+04 -5.877179412685906085e-14 1.959533171978656761e-20
5.899995429031523963e+04 -5.878088988485815940e-14 2.103553428213632173e-20
5.902595770527168497e+04 -5.879119214369079414e-14 2.487279101027466965e-20
5.908473069335755281e+04 -5.881439579863355537e-14 3.795640279429935492e-20
5.911165067162514606e+04 -5.882495075165190211e-14 4.481596471303204981e-20
5.913971832474364055e+04 -5.883588284213570023e-14 5.218832854563899893e-20
5.916958944816871372e+04 -5.884741580559895725e-14 6.014685045576252280e-20
5.919539722629539756e+04 -5.885727947837430782e-14 6.704822116341283570e-20
5.922532380058831768e+04 -5.886858176176759970e-14 7.502688664475345915e-20
5.925240707597903383e+04 -5.887866793419179453e-14 8.219059045216892603e-20
5.927517015448298480e+04 -5.888702891563140240e-14 8.815039752729556511e-20
5.931105262991896598e+04 -5.889997003206775044e-14 9.740055686763673743e-20
5.933797763358910743e+04 -5.890947067354353224e-14 1.042039999004436635e-19
5.936889169371844037e+04 -5.892013632612152635e-14 1.118483982853205803e-19
5.939981068589290226e+04 -5.893052399726929311e-14 1.192958890285490467e-19
5.942875842163783091e+04 -5.893997747967670288e-14 1.260718900682121342e-19
