5.855727900889403099e+04 2.489576853105527158e-15 1.291265400723557162e-14
5.879038456808321644e+04 -1.423364199575488065e-15 1.042637256018342691e-14
5.897700052627096738e+04 -5.600073261228331081e-14 9.900098395112303791e-16
5.899995429031523236e+04 -5.863284533583294072e-14 3.683674855657766421e-17
5.902595770527168497e+04 -5.880887877900765778e-14 8.357890663128282246e-17
5.908473069335755281e+04 -5.880448376990099943e-14 1.177036699227624372e-17
5.911165067162511696e+04 -5.906538713544551002e-14 5.695431158690682023e-17
5.913971832474364055e+04 -5.884677318734366408e-14 2.325963409662188176e-17
5.916958944816871372e+04 -5.886459234288554379e-14 2.211947822176809520e-17
5.919539722629539028e+04 -5.910316540728350851e-14 3.701972535358705796e-17
5.922532380058833223e+04 -5.901286771522850265e-14 7.578163734649454563e-18
5.925240707597903383e+04 -5.884995669178749855e-14 4.691493099034143527e-17
5.927517015448301390e+04 -5.905230782384544064e-14 1.612425646321814949e-17
5.931105262991898053e+04 -5.917949195155708361e-14 4.592015509456259220e-17
5.933797763358919474e+04 -5.857404578817419925e-14 1.031150917712748819e-16
5.936889169371846219e+04 -5.891539452849385372e-14 3.572650877742494361e-17
5.939981068589293864e+04 -5.951823413058695909e-14 1.697824121090520274e-16
5.942875842163781635e+04 -5.140875093405513755e-14 1.916938475486850067e-15
