8.711534920416000749e-15 -6.126141765662300267e-15 -5.544747149625300281e-14 -5.866881464429100223e-14 -5.885058736174799402e-14 -5.881083145250799482e-14 -5.909122070299200589e-14 -5.883514175043500063e-14 -5.886328820463100082e-14 -5.912380271226499943e-14 -5.899884505096899801e-14 -5.882225074756199927e-14 -5.906989233637900051e-14 -5.920253003022199493e-14 -5.850907809533800254e-14 -5.894233097872299755e-14 -5.960365159951999886e-14 -5.031589739615499796e-14
3.103463858741500064e-15 -4.528775003719100035e-15 -5.600708115421799776e-14 -5.861919242937200582e-14 -5.880796255449399535e-14 -5.880233466895100144e-14 -5.906498707560100342e-14 -5.885262917625800332e-14 -5.886019351778899743e-14 -5.909272253768999699e-14 -5.901862586228599453e-14 -5.886194517270699472e-14 -5.904648600522300375e-14 -5.916659495098200359e-14 -5.859880783812600504e-14 -5.891913838792700158e-14 -5.946852337846899966e-14 -5.173143759264099821e-14
9.852681206249400635e-15 8.747451667351000024e-16 -5.502232369249700193e-14 -5.868932362704199627e-14 -5.888485044689199518e-14 -5.882075155690799900e-14 -5.912288179252900450e-14 -5.881732173073199655e-14 -5.884429402478699572e-14 -5.914518337385999754e-14 -5.901010970447300067e-14 -5.880164860438500556e-14 -5.906693508194099917e-14 -5.922108003682299866e-14 -5.846964207907399451e-14 -5.895720418048600504e-14 -5.967963944964999631e-14 -4.954182726167399946e-14
1.015919622518600056e-14 6.604469979644099699e-15 -5.460427714450200277e-14 -5.865096651171300121e-14 -5.893586766027200097e-14 -5.880915948002800514e-14 -5.914330819854200059e-14 -5.882063880774500545e-14 -5.882961971281399394e-14 -5.914753658136300423e-14 -5.901889288342100055e-14 -5.879352560953999536e-14 -5.906210073074099448e-14 -5.923790810257399925e-14 -5.845655651800300106e-14 -5.893842109530999743e-14 -5.972525912652800374e-14 -4.931892006138599737e-14
7.807599516403100535e-15 1.157100559377099953e-15 -5.478620859393899897e-14 -5.867530273648899371e-14 -5.891038452432099996e-14 -5.881196631357299569e-14 -5.912950405886599721e-14 -5.882282620015899459e-14 -5.884669138164100332e-14 -5.914695475686300146e-14 -5.900267804228500038e-14 -5.879344908971000550e-14 -5.907347752901699536e-14 -5.923248132145399548e-14 -5.845273995108599652e-14 -5.895788901287899700e-14 -5.970532702792599865e-14 -4.921908603762399943e-14
1.978547761132700153e-14 9.611878538770699682e-15 -5.598162359183700268e-14 -5.862160684292800063e-14 -5.883087773283499411e-14 -5.879425159936400073e-14 -5.907115168900700114e-14 -5.884862282360200361e-14 -5.886034480983199845e-14 -5.910633655676200065e-14 -5.901320978039900462e-14 -5.884210477051200516e-14 -5.905423768453600596e-14 -5.918837825396499623e-14 -5.855106090508100451e-14 -5.892624637703099739e-14 -5.956685321157200000e-14 -5.087140299435900251e-14
3.537475375219400056e-15 2.351484680763099910e-14 -5.567303750644899783e-14 -5.862729418085599907e-14 -5.884234322624700467e-14 -5.881909071288599724e-14 -5.910166054659799742e-14 -5.882219410269500274e-14 -5.884909433600700573e-14 -5.913813015407600481e-14 -5.900864836523499733e-14 -5.880310762081399555e-14 -5.906398203785600127e-14 -5.922941031012800147e-14 -5.847990595338799987e-14 -5.893872758822200493e-14 -5.968316494706200193e-14 -4.959682498571099822e-14
-2.048351426655100057e-14 5.797402011417999888e-15 -5.821087634494700553e-14 -5.853161857777399839e-14 -5.864267517817800058e-14 -5.877263009210500576e-14 -5.894606088301399755e-14 -5.890192437951499968e-14 -5.890529377162499513e-14 -5.902510734196700501e-14 -5.902306772507499510e-14 -5.894132914761699772e-14 -5.901600794225800377e-14 -5.909757125941999845e-14 -5.877669794206000092e-14 -5.884385021415799534e-14 -5.922814001324800150e-14 -5.470293587422200225e-14
-7.011680440672800233e-16 -8.069907181904400482e-16 -5.472756823088899722e-14 -5.864605409859699682e-14 -5.892389775183399754e-14 -5.880450532319299572e-14 -5.913381436151500180e-14 -5.882676998347200206e-14 -5.883341133419500116e-14 -5.914017653899999961e-14 -5.901992929783799799e-14 -5.880172174310299560e-14 -5.905758657245899964e-14 -5.923000151791499977e-14 -5.847909328376899403e-14 -5.893984324744099900e-14 -5.969163536955699763e-14 -4.950600513037400217e-14
2.522052092318199952e-15 4.411347287695599914e-15 -5.628766943377000168e-14 -5.860121521144599918e-14 -5.879436525077600185e-14 -5.879521549000499914e-14 -5.904895372341599857e-14 -5.885827617515099733e-14 -5.886637782123799872e-14 -5.908626195911400334e-14 -5.901841976120299819e-14 -5.887009802338799726e-14 -5.904586184655699787e-14 -5.916275176236999736e-14 -5.861250880438099757e-14 -5.889666002481199988e-14 -5.945462236798300346e-14 -5.224834241162700202e-14
-1.896349216388599945e-14 -1.474535515914300077e-14 -5.696636643233999675e-14 -5.863953218473299714e-14 -5.871633744831000391e-14 -5.880801282021799574e-14 -5.901570904625400094e-14 -5.885805831185800612e-14 -5.889138393547499500e-14 -5.908297426995099765e-14 -5.900162287589600393e-14 -5.887431172524800057e-14 -5.905269518538900129e-14 -5.915799319238000015e-14 -5.862608709358300089e-14 -5.889005226842000045e-14 -5.943374307543999931e-14 -5.241308308240299765e-14
4.660328560778899960e-15 -2.249779574817300094e-14 -5.706655553364500138e-14 -5.863028892344299624e-14 -5.870480763858500196e-14 -5.879754505288199720e-14 -5.898917634504199784e-14 -5.887726377920800363e-14 -5.889798509467299910e-14 -5.904874171083699958e-14 -5.901031577742000434e-14 -5.892330757709800538e-14 -5.904169791181300322e-14 -5.910300776407699402e-14 -5.872034356996299385e-14 -5.887330949748799536e-14 -5.924782710241400578e-14 -5.449768974165899727e-14
9.778267470232100523e-16 1.771620276522499902e-15 -5.593824328559200162e-14 -5.864214015350099424e-14 -5.881522483163800217e-14 -5.880815205029299608e-14 -5.907302900853799773e-14 -5.883771770602500003e-14 -5.886016862944599635e-14 -5.911461565937000199e-14 -5.901516545272900601e-14 -5.883861663240500004e-14 -5.905320860667499510e-14 -5.919182253798199423e-14 -5.855261856726299416e-14 -5.891822340960499457e-14 -5.955682958018799536e-14 -5.099470629284500059e-14
2.838778752356400119e-14 -7.212930707466400554e-15 -5.777952398559500056e-14 -5.860564318171799479e-14 -5.864047216649200350e-14 -5.879929744170000120e-14 -5.894934619148599622e-14 -5.888410697196000500e-14 -5.891212310387600606e-14 -5.903173544174299634e-14 -5.901618501959400123e-14 -5.894979939226200229e-14 -5.902293345109700041e-14 -5.907175328500200379e-14 -5.880485161718599424e-14 -5.885228184737500612e-14 -5.909811553632800116e-14 -5.607259432244699711e-14
-5.993194125647600286e-15 -2.058733033126000013e-14 -5.621526370078199782e-14 -5.863858200684399907e-14 -5.877727787403600412e-14 -5.881055290539900404e-14 -5.905246955147299596e-14 -5.884928865380999944e-14 -5.886233425763800584e-14 -5.908992374508399560e-14 -5.902687913117400229e-14 -5.887098865890499913e-14 -5.903304915867799733e-14 -5.916133991869299853e-14 -5.863997353033300023e-14 -5.888195130209300220e-14 -5.942630276434299679e-14 -5.256236390349000201e-14
1.106169401971500049e-14 -6.090780074976100401e-16 -5.536340172961700011e-14 -5.866873555464099461e-14 -5.885820469495800433e-14 -5.880829989776099574e-14 -5.910481910846899809e-14 -5.883666576134299387e-14 -5.884975007611999455e-14 -5.912173964144299758e-14 -5.901333758536999808e-14 -5.882578283933399534e-14 -5.905794302520400575e-14 -5.920224381390800535e-14 -5.852485668829799866e-14 -5.893450624536900382e-14 -5.960469802000199696e-14 -5.051384207563499915e-14
-2.322065402646599941e-14 4.471230140541700387e-15 -5.727415438343200407e-14 -5.856213695731600374e-14 -5.872457336315599722e-14 -5.878072856227099605e-14 -5.900307360367099564e-14 -5.888128444974600390e-14 -5.888268438853100388e-14 -5.905891302880900118e-14 -5.902125976509699850e-14 -5.889724324265700140e-14 -5.903096775630200117e-14 -5.914458754413199519e-14 -5.867682690008299678e-14 -5.886275688041500097e-14 -5.938984634989900444e-14 -5.296868873177300107e-14
1.783500262149300133e-14 4.726300818933099699e-15 -5.510448949161899923e-14 -5.865740734858200125e-14 -5.887552734393199643e-14 -5.881653460200400450e-14 -5.911618457654700481e-14 -5.882769725787199554e-14 -5.884922489135000183e-14 -5.913303228954000371e-14 -5.900435874055800433e-14 -5.881293722996399681e-14 -5.907352358968099654e-14 -5.921023969197000059e-14 -5.847744263745300185e-14 -5.896137780217100204e-14 -5.965065851954400519e-14 -4.978973573820300200e-14
-4.390326059871000050e-16 -1.282350385316099988e-14 -5.572249311393400101e-14 -5.866101294112000272e-14 -5.881594773977699490e-14 -5.881460275792799878e-14 -5.907407476156599561e-14 -5.883601059980199947e-14 -5.886668863716299971e-14 -5.911398128124800590e-14 -5.900399946360500324e-14 -5.884222021912300069e-14 -5.906911381693300307e-14 -5.918050291769999497e-14 -5.853171189302100628e-14 -5.894891075655799585e-14 -5.956110029512300450e-14 -5.068739739523799825e-14
-8.809527983719200465e-15 -1.470324284505799957e-15 -5.583602339980900242e-14 -5.862003860425300132e-14 -5.882539079167199879e-14 -5.880521261804300453e-14 -5.907631748378399491e-14 -5.884102512548500356e-14 -5.886089492887999673e-14 -5.911543856468500613e-14 -5.901180401994300582e-14 -5.883274578941600283e-14 -5.905445620816999637e-14 -5.919764081944500312e-14 -5.854011189599500154e-14 -5.892420945339400221e-14 -5.958874487694299393e-14 -5.062223765163700234e-14
