5.877469993882613198e+04
5.883357564195313171e+04
5.890324152767632768e+04
5.893726491562504089e+04
5.898204265758327529e+04
5.900490534351005772e+04
5.902598631923011271e+04
5.908475988161447458e+04
5.911168024003582832e+04
5.913974820068769623e+04
5.916961973165436939e+04
5.919550426309839531e+04
5.922535384207910101e+04
5.925243679219479964e+04
5.927519938747990091e+04
5.931106313027364376e+04
5.933798786391519388e+04
5.936890178671450121e+04
5.939982103234968235e+04
5.942876913887281989e+04
