-7.523770628787800307e-15 -7.552065624801000041e-15 -7.537975843551600326e-15 -7.527266483426199992e-15 -7.522914359520899338e-15 -7.525787597704499963e-15 -7.530493385100500092e-15 -7.542896952342100531e-15 -7.543277081419000146e-15 -7.538921895615200567e-15 -7.530676514394799487e-15 -7.523253269559700764e-15 -7.518031002141700784e-15 -7.518835881845199763e-15 -7.524107863306000380e-15 -7.538597190704099754e-15 -7.550244616942700291e-15 -7.558156251238100248e-15 -7.554596920588200618e-15 -7.538347668765299700e-15
-7.530209338631200766e-15 -7.550344378886500287e-15 -7.538701732067000651e-15 -7.529601205785100108e-15 -7.524695381764299466e-15 -7.526193875002199562e-15 -7.529375822984299508e-15 -7.539333136069399968e-15 -7.540504570059499956e-15 -7.538169333192100508e-15 -7.532592294317699979e-15 -7.526989834966199373e-15 -7.522313177250399255e-15 -7.521731440420099778e-15 -7.524589856184799945e-15 -7.534258097505800718e-15 -7.543068754796599262e-15 -7.550521840061800089e-15 -7.550872111857400594e-15 -7.542396042136400571e-15
-7.475984378528500329e-15 -7.549040381037999771e-15 -7.546640658527500180e-15 -7.530447464734000427e-15 -7.518760513977699997e-15 -7.520126497362599781e-15 -7.525105304500899317e-15 -7.543263553792899616e-15 -7.546054761479999645e-15 -7.542610077208400025e-15 -7.533433742077600031e-15 -7.524275457035300670e-15 -7.517221958863499872e-15 -7.517473765001300407e-15 -7.523305179404000252e-15 -7.539511925611200520e-15 -7.551192782548899350e-15 -7.554974521407000231e-15 -7.540507144620100024e-15 -7.507406949429400345e-15
-7.525163910287800396e-15 -7.553248568653299734e-15 -7.539050630000100175e-15 -7.527553441907199810e-15 -7.521666297861799302e-15 -7.523860389805299541e-15 -7.528195043944099857e-15 -7.541484498188000311e-15 -7.543111955983300188e-15 -7.540226714210600752e-15 -7.533237610542300606e-15 -7.526263252868100597e-15 -7.520550562225300289e-15 -7.519987740395700281e-15 -7.523626770519000397e-15 -7.535369319171700128e-15 -7.545512077161099671e-15 -7.553006905267599569e-15 -7.550823776548200276e-15 -7.537406480192699968e-15
-7.495788201078199896e-15 -7.551186245666699706e-15 -7.542857153320700693e-15 -7.528793795431900476e-15 -7.520397118128000150e-15 -7.522502083785599795e-15 -7.527355529731299897e-15 -7.542369570609599764e-15 -7.543695406347300204e-15 -7.539622263658500634e-15 -7.531060241563000584e-15 -7.523289018627500551e-15 -7.518138932653000481e-15 -7.519649884570700166e-15 -7.525770254078899942e-15 -7.540782292832300770e-15 -7.550697808864599408e-15 -7.552734102620700070e-15 -7.538354955679299769e-15 -7.508156254619700406e-15
-7.521590286034200552e-15 -7.552984526872299719e-15 -7.539614666945899964e-15 -7.528227519481900722e-15 -7.522594016953200566e-15 -7.524885745513099453e-15 -7.529212308175300340e-15 -7.541712038479700617e-15 -7.542688905869100386e-15 -7.539162841092499287e-15 -7.531788345383600539e-15 -7.524881514612899482e-15 -7.519732437821099888e-15 -7.519967349928699874e-15 -7.524257799501500765e-15 -7.536397422563799936e-15 -7.545890551157200506e-15 -7.551356225270799768e-15 -7.545901311391100560e-15 -7.528831010232399531e-15
-7.458665501768100166e-15 -7.548965781907699217e-15 -7.547156490917799424e-15 -7.528820272631799216e-15 -7.516422922704200428e-15 -7.518584948926099871e-15 -7.524690880098800335e-15 -7.545141176452699936e-15 -7.547600057936699400e-15 -7.542959901057200443e-15 -7.532279685750900379e-15 -7.522362878011399689e-15 -7.515684916118299261e-15 -7.517443714354900570e-15 -7.524934146489000032e-15 -7.542662318172299759e-15 -7.552851241927599988e-15 -7.550474154396099211e-15 -7.524648765060500043e-15 -7.477389502055299677e-15
-7.520317478209300294e-15 -7.553457812947699346e-15 -7.540792119244400253e-15 -7.528859587297500496e-15 -7.522289048881299368e-15 -7.524270955204699263e-15 -7.528498924521399821e-15 -7.541553854672000059e-15 -7.542900137878699711e-15 -7.539572597231800197e-15 -7.532066796597400658e-15 -7.524775052244300672e-15 -7.519050914474899874e-15 -7.518911524586799646e-15 -7.523204486838699514e-15 -7.536240847151800553e-15 -7.547177852139400333e-15 -7.554879121814299981e-15 -7.551736175087699854e-15 -7.536246052337499839e-15
-7.509011067682100177e-15 -7.550213385867600518e-15 -7.542129047003400150e-15 -7.529984376924700049e-15 -7.522231186855500781e-15 -7.523738499881700577e-15 -7.527769882044499948e-15 -7.541395317001799913e-15 -7.543165346077499500e-15 -7.540066159993800510e-15 -7.532441490397799983e-15 -7.524804742766399761e-15 -7.518643542433599987e-15 -7.518349294313800380e-15 -7.522849715202200442e-15 -7.536906226863899566e-15 -7.548949262848100121e-15 -7.557726812165800681e-15 -7.554727192218099478e-15 -7.537941699581900626e-15
-7.535753189839900332e-15 -7.553567532081300481e-15 -7.538004249430699439e-15 -7.527577940590999911e-15 -7.522486031244200504e-15 -7.524608835625500456e-15 -7.528677468321299613e-15 -7.541255091537800608e-15 -7.542928351519899866e-15 -7.540299104380399495e-15 -7.533544480065699217e-15 -7.526494361654600011e-15 -7.520234358346900489e-15 -7.518890494000599315e-15 -7.521969056362000305e-15 -7.533947739585300253e-15 -7.545963580207200035e-15 -7.558015197539899965e-15 -7.562872166868799819e-15 -7.557393038147400167e-15
-7.502860737163499615e-15 -7.550295190796899909e-15 -7.541058664348599444e-15 -7.528133478791500278e-15 -7.520826974340399603e-15 -7.523074556509700068e-15 -7.527855743439499803e-15 -7.542506779128299385e-15 -7.543954199576299532e-15 -7.540229287105599905e-15 -7.532072608745900153e-15 -7.524432855437899996e-15 -7.518946428552999822e-15 -7.519669740133000588e-15 -7.524921447058400542e-15 -7.538831474440099665e-15 -7.548807098328200432e-15 -7.552555899200199714e-15 -7.541960603146200416e-15 -7.516897596759399601e-15
-7.486933797373700277e-15 -7.547614789008900713e-15 -7.545779509452700341e-15 -7.531639598933499816e-15 -7.520640973355399833e-15 -7.521245480161399873e-15 -7.525106463291600584e-15 -7.540680801913900355e-15 -7.543590502211700018e-15 -7.541248203295899861e-15 -7.533796783310699391e-15 -7.525916941330100330e-15 -7.519355568793599734e-15 -7.518847997714600397e-15 -7.523315292895799721e-15 -7.537179508185900777e-15 -7.548292472361300288e-15 -7.554231422998599364e-15 -7.545814165668900681e-15 -7.521635065414499651e-15
-7.525957409138599583e-15 -7.549721986317300264e-15 -7.538760473202599525e-15 -7.529340256109599269e-15 -7.524274075166599875e-15 -7.525899717045200319e-15 -7.529288108256299552e-15 -7.539745437682800301e-15 -7.540886174358099986e-15 -7.538321828026100663e-15 -7.532406097805599954e-15 -7.526589894581199972e-15 -7.521932610153999708e-15 -7.521683687662100766e-15 -7.525010205126500492e-15 -7.535464056855399704e-15 -7.544545459254800104e-15 -7.551544751084399330e-15 -7.550349841971999362e-15 -7.539460508123799603e-15
-7.477678315732000563e-15 -7.548794086671399235e-15 -7.544075261001299742e-15 -7.528349522542900460e-15 -7.518463650669999715e-15 -7.520772564172299985e-15 -7.526364920379300289e-15 -7.544184323305399238e-15 -7.545988341476100431e-15 -7.541432225598700018e-15 -7.531485204398399401e-15 -7.522310339349500259e-15 -7.516074380290099529e-15 -7.517620297852199982e-15 -7.524614357106300245e-15 -7.541945884387199600e-15 -7.553294404255499219e-15 -7.555090434737199850e-15 -7.537126566048199807e-15 -7.500097208988200142e-15
-7.532960155105199345e-15 -7.553420230316299635e-15 -7.538334251509900666e-15 -7.527984163430499445e-15 -7.523089950411799342e-15 -7.525268911820899529e-15 -7.529301643443499330e-15 -7.541246760864799626e-15 -7.542516390860800285e-15 -7.539596607598600418e-15 -7.532838113671100590e-15 -7.526079999464299757e-15 -7.520380291358099864e-15 -7.519497799388799656e-15 -7.522683438987599944e-15 -7.533821438712200698e-15 -7.544142919023700045e-15 -7.553151336697000570e-15 -7.554248080251899444e-15 -7.545366946593900100e-15
-7.481963724408700550e-15 -7.546638435308900754e-15 -7.544792888244900002e-15 -7.531013444467700571e-15 -7.521494492475099853e-15 -7.522965599964999870e-15 -7.527422624602100011e-15 -7.542506984157500612e-15 -7.544137644918200631e-15 -7.540223604091000533e-15 -7.531462982477299905e-15 -7.523211656320599624e-15 -7.517346207772899389e-15 -7.518338472645500353e-15 -7.524313977090200032e-15 -7.539834467247500291e-15 -7.550628667044900652e-15 -7.553763843495200491e-15 -7.539902078951099507e-15 -7.509035357557200189e-15
-7.491860214822000027e-15 -7.549691187387199989e-15 -7.544396484715599792e-15 -7.530281543396699651e-15 -7.520678844817199604e-15 -7.522117443538900733e-15 -7.526559123258099603e-15 -7.542027025246399667e-15 -7.544155425423999265e-15 -7.540904258531600059e-15 -7.532804615385899325e-15 -7.524883277169199773e-15 -7.518934588065599511e-15 -7.519397825707300051e-15 -7.524707386588899604e-15 -7.539263655286600557e-15 -7.549923232704399414e-15 -7.554093218115400116e-15 -7.542834527875900023e-15 -7.515683376911699550e-15
-7.512989313919299960e-15 -7.552447415173300471e-15 -7.540118038388399274e-15 -7.528385944246599956e-15 -7.522920506958499728e-15 -7.525507390330400153e-15 -7.530070464966100694e-15 -7.542211688278299667e-15 -7.542499250650900106e-15 -7.538233617961999508e-15 -7.530485827357899508e-15 -7.523875196734699977e-15 -7.519807983272099366e-15 -7.521370597157899890e-15 -7.526562462070899626e-15 -7.538520351443299922e-15 -7.545710064166000559e-15 -7.545732385222500596e-15 -7.532238359320700631e-15 -7.506570843285100665e-15
-7.512121719089500653e-15 -7.548037543658000011e-15 -7.541281946117600335e-15 -7.529958336167000683e-15 -7.522214136132399235e-15 -7.523436079751299519e-15 -7.527240512141599904e-15 -7.541352536139000466e-15 -7.543889686179199988e-15 -7.541567693501799722e-15 -7.534260458639500699e-15 -7.526176062621900184e-15 -7.518636405317700408e-15 -7.516646542699699948e-15 -7.519878729353200778e-15 -7.533458476425599673e-15 -7.547257427846400226e-15 -7.560799648430199316e-15 -7.565121964479599301e-15 -7.556270677440800222e-15
-7.541851275531099656e-15 -7.551310524606899502e-15 -7.538271058345000514e-15 -7.530528067710299736e-15 -7.526479920227699961e-15 -7.527651618574800167e-15 -7.530162261547000075e-15 -7.538058110073300568e-15 -7.539008385676599394e-15 -7.537141843070600549e-15 -7.532577894094300319e-15 -7.527852967868799670e-15 -7.523647622075400277e-15 -7.522698858499599923e-15 -7.524695202388299518e-15 -7.532646043410399287e-15 -7.540779268989199753e-15 -7.549259839235799632e-15 -7.553390684836500030e-15 -7.551005299333999905e-15
