5.877469993882613198e+04 -7.508171532156536277e-15 2.259748641752109003e-17
5.883357564195313171e+04 -7.550652281398359413e-15 2.066681164553338759e-18
5.890324152767632768e+04 -7.541489558316785676e-15 2.978816645388219935e-18
5.893726491562504089e+04 -7.529137322200377214e-15 1.213991684198027359e-18
5.898204265758327529e+04 -7.521777020122309201e-15 2.204126170351655273e-18
5.900490534351005772e+04 -7.523624939534060555e-15 2.210204031317799861e-18
5.902598631923011271e+04 -7.527937320737373035e-15 1.679487987579729098e-18
5.908475988161447458e+04 -7.541746281796786717e-15 1.555260209212598697e-18
5.911168024003582832e+04 -7.543327628795146588e-15 1.867894712439032564e-18
5.913974820068769623e+04 -7.540025502821120025e-15 1.457754177038427103e-18
5.916961973165436939e+04 -7.532365589348868458e-15 9.911051292815659335e-19
5.919550426309839531e+04 -7.524935928661230766e-15 1.538787365728904555e-18
5.922535384207910101e+04 -7.519233194399060678e-15 1.931758941286493744e-18
5.925243679219479964e+04 -7.519350645443925245e-15 1.546256898004186511e-18
5.927519938747990091e+04 -7.523965881327611702e-15 1.417647963668465333e-18
5.931106313027364376e+04 -7.537281936827820422e-15 2.840423022443472798e-18
5.933798786391519388e+04 -7.547746477128390377e-15 3.236986530123487822e-18
5.936890178671450121e+04 -7.553603395549929624e-15 3.370224299386301177e-18
5.939982103234968235e+04 -7.546901369623518671e-15 9.700013233212442979e-18
5.942876913887281989e+04 -7.526676878895330496e-15 2.055829743003016384e-17
