5.877471204151576239e+04 2.882676334513777618e-14 1.016123903986619980e-13
5.888155252966455737e+04 -2.823666776971811492e-14 3.637223065481625581e-14
5.898219124091431877e+04 2.619306531740235234e-15 2.440888165820861091e-15
5.900505010875787411e+04 -6.508066423002375730e-16 1.537121756950491866e-16
5.903399326554661093e+04 -9.198455502456536135e-16 1.958672946394652090e-16
5.909085363662290911e+04 -4.205649384040955101e-16 5.259043124766370597e-17
5.911777920596356125e+04 -8.266879454840724684e-16 1.365264104815597228e-16
5.914669323282764526e+04 -3.477407699556255049e-16 5.174456125512056595e-17
5.917365890904894331e+04 -2.512860045034440252e-16 4.734734550271849720e-17
5.918366100564321096e+04 -3.868875215162900704e-16 3.932701725357882622e-17
5.920758272813582880e+04 -6.663081021941460254e-16 6.199223710791684146e-17
5.923254838931187987e+04 -4.947172184714819962e-16 5.440168662417835181e-17
5.925746051023701148e+04 -2.875671177587986223e-16 8.818639556722103411e-17
5.928435719174635597e+04 -5.192309925861994002e-16 5.199393264578751870e-17
5.931108557962963823e+04 -5.645174999339573608e-16 1.573764988961517123e-16
5.933800739753771632e+04 -3.370177720232404817e-16 1.700211679251752331e-16
5.936892767244389688e+04 -1.207401076690315987e-15 1.679369436767515103e-16
5.939984291289166140e+04 -6.237385620622914716e-16 7.900987921769255468e-16
5.942878425485551998e+04 6.222949339919054980e-15 9.190712441597346461e-15
