-6.299456170080500012e-15 -3.208798159685300284e-14 3.503587194352900075e-15 -6.155902421259099964e-16 -1.066818122495800095e-15 -3.785355421413600165e-16 -8.969901093687000457e-16 -3.384371044265799777e-16 -2.160361595588800083e-16 -3.734275454626100085e-16 -6.959816553025699853e-16 -4.973764138616799880e-16 -2.782441226036500203e-16 -5.416995654549100378e-16 -5.212940786143699529e-16 -2.607153899329800204e-16 -1.369413810828999928e-15 -6.021832773767799826e-16 5.564366864335899719e-15
-2.184942020539899930e-13 6.291066335417500134e-14 -2.653261406853899834e-15 -2.234972015221000112e-16 -6.829290530039599523e-16 -2.539040382085100053e-16 -6.605461690551999843e-16 -4.449697516659300243e-16 -1.376239222553100049e-16 -2.602333678837200146e-16 -7.901843948200899668e-16 -6.587403668987500028e-16 -1.089674211349400032e-17 -4.405506231222399886e-16 -1.045867145155799924e-15 2.120826509710700032e-16 -1.336599427739299940e-15 -3.224428521049099893e-15 3.612954034432599695e-14
-1.549166487607900047e-14 -1.868645680146799848e-14 2.166623950473300145e-15 -5.434951045897799540e-16 -9.011330863421099119e-16 -3.996567337384299904e-16 -7.947258065306800271e-16 -3.662609713066899923e-16 -2.395729812111600108e-16 -3.638468854394400007e-16 -6.651084009936300332e-16 -5.324036479815499508e-16 -2.767284229870599794e-16 -4.666177694221299866e-16 -6.355234461360799965e-16 -4.425963009206399805e-16 -9.563444078189199675e-16 -6.432138550382199652e-16 4.202071045845400018e-15
-1.906933205215899851e-14 -7.121984919470399528e-15 1.118895460813399929e-15 -5.864160682848700476e-16 -8.148655669781399893e-16 -3.830418665871800235e-16 -7.573969848864800478e-16 -3.950893724879100077e-16 -2.477231361986900092e-16 -3.586641869889100157e-16 -6.630579275757300048e-16 -5.400207679246899803e-16 -2.439993689714299883e-16 -4.469058039588799791e-16 -6.806362505750199786e-16 -3.991193235478100083e-16 -1.093991812000600089e-15 -8.772775000601399796e-16 1.039858029324200079e-14
5.247520765493100288e-14 -3.966453732747199771e-14 3.023923749052900060e-15 -8.165855575665000213e-16 -8.711086095975399518e-16 -4.865491267605899717e-16 -8.464837790506600468e-16 -3.266363488281900049e-16 -2.856485419968899882e-16 -4.163283894809800081e-16 -6.156716348476899954e-16 -4.390462326493100138e-16 -3.742491717692600177e-16 -5.883261308003899531e-16 -4.230741780831599780e-16 -3.336188277449200116e-16 -1.328231532142800045e-15 -2.019219375927299897e-16 2.091680705098699882e-15
7.789049385864399796e-14 -4.126935627307999816e-14 3.427226979090700180e-15 -7.359952553511799650e-16 -9.964297396400200393e-16 -4.128588272867699916e-16 -8.825141302286399567e-16 -3.519219244413000178e-16 -2.537255463856299858e-16 -3.954967984592400224e-16 -6.626721858121599900e-16 -4.629339121306599550e-16 -2.816841588662799852e-16 -5.521912986305999543e-16 -5.737805994200900250e-16 -3.376118205851100108e-16 -1.152039842302800067e-15 -5.757033311880200453e-16 4.364860758758999871e-15
-5.170249861041899849e-14 -9.148265999805800373e-15 1.791335930494599989e-15 -5.019757710926199776e-16 -8.706129213318199897e-16 -4.132915244738000244e-16 -8.173070009184199789e-16 -3.470960617892100245e-16 -2.265195205273200067e-16 -3.724733871366900089e-16 -6.988633025828700130e-16 -4.956862270573099591e-16 -2.192454235689799880e-16 -5.490621071649799510e-16 -6.489306821744999677e-16 -1.564803420383100025e-16 -1.354315815875499970e-15 -1.113083941159599907e-15 1.247239978404500078e-14
1.073082660350900056e-13 -5.663332710637800167e-14 4.548791083644999761e-15 -7.921705550468199899e-16 -1.023007744802800002e-15 -4.862087842069000403e-16 -9.757725241576699217e-16 -2.657675798504100020e-16 -2.134649716650700012e-16 -4.063677606815099951e-16 -7.268693250782099768e-16 -4.709576853436799615e-16 -2.801535455160899908e-16 -5.545853386702400055e-16 -4.735842966682099858e-16 -3.232572397608599768e-16 -1.394769688173600083e-15 -2.157193554020500114e-16 3.346719635248100053e-15
5.489474401875199793e-14 -3.922261388971199975e-14 3.593325179721900139e-15 -6.624666035218400430e-16 -1.021427738512900091e-15 -4.459383790716500475e-16 -8.928080366305600740e-16 -2.832326013981499953e-16 -2.159574400590799923e-16 -3.987710124036600014e-16 -7.420973507616799659e-16 -4.956249464398400199e-16 -2.203822121435400010e-16 -5.083283621663700330e-16 -5.968079423988099564e-16 -3.601945716744900042e-16 -1.282795297689800050e-15 -4.467501718503600090e-16 6.523421668083599990e-15
9.972375998807899428e-14 -5.002840581650900247e-14 3.647010871076799784e-15 -7.674512140654899850e-16 -8.847336901007699870e-16 -4.695276766034299825e-16 -8.816209756804300391e-16 -3.543756402517000226e-16 -2.834190467468499921e-16 -4.057272119333599761e-16 -6.073751079500999862e-16 -4.565166271058400149e-16 -3.764429080104800056e-16 -5.385845295723499639e-16 -4.665233244090399680e-16 -5.247615020249700481e-16 -1.082158103782100094e-15 8.975308297539399961e-17 -1.729504555351000079e-15
3.453576694048599904e-13 -1.342468805672200106e-13 9.562651070981800403e-15 -1.007716463200899936e-15 -1.454864241850100063e-15 -4.672278312320899952e-16 -1.130561703670999981e-15 -2.610847635648999757e-16 -2.859284406650600119e-16 -4.766084954833900432e-16 -6.330215759030299750e-16 -3.596748043010099823e-16 -4.680810332848399992e-16 -6.256236421000300009e-16 -1.699473864316999917e-16 -6.558346383419100287e-16 -1.225509689648900026e-15 1.333336718247700004e-15 -1.729618198777800029e-14
8.303675555294199441e-14 -4.360094912704600264e-14 3.695240030455700159e-15 -7.586111983810600060e-16 -1.045725796388200051e-15 -4.052187926009600220e-16 -9.134891475240300195e-16 -3.232819648214000081e-16 -2.184646070314899989e-16 -3.856606879339400222e-16 -7.194403846316599792e-16 -5.035995324811499952e-16 -2.418385273708800064e-16 -5.060684263138199761e-16 -6.084911499132099603e-16 -3.741649066799100180e-16 -1.095301840445300082e-15 -5.449612077912400150e-16 4.484258182907599648e-15
4.223701179103099867e-14 -2.693441512422499903e-14 2.281351777863499965e-15 -6.601719270589099877e-16 -8.782693931788700112e-16 -4.443423363282700016e-16 -7.823581045449899626e-16 -3.445058799088800114e-16 -2.666257439412499912e-16 -3.909478297867899962e-16 -6.465815763418200163e-16 -4.996296151322700490e-16 -3.145860647542900116e-16 -5.096631256401900215e-16 -5.479701843130800142e-16 -3.650128026935799849e-16 -1.161842556252100041e-15 -6.087862295348900424e-16 5.940745837920099697e-15
-1.827075896381900156e-14 -1.502246983248300021e-14 1.942261723103700081e-15 -6.288708496535499864e-16 -9.235742977509600759e-16 -3.674809570448699871e-16 -8.117288579874300407e-16 -3.875926654612499950e-16 -2.432698114090800052e-16 -3.638894295907399845e-16 -6.524369612002100207e-16 -5.080135090939900008e-16 -3.019773660850099972e-16 -5.448204536153700033e-16 -5.261123404833599814e-16 -1.710649891264100119e-16 -1.508383761683699930e-15 -8.706976472209900126e-16 1.243161237393599983e-14
-7.880658561262600288e-15 -2.529554634970399935e-14 2.790552602222000171e-15 -5.957954556603200320e-16 -9.606604296600800687e-16 -3.894420397080099902e-16 -8.559317394142399817e-16 -3.575340478927000119e-16 -2.348330877654799930e-16 -3.770447835906300164e-16 -6.843249571153600405e-16 -5.041753020556099982e-16 -2.676267703636299820e-16 -5.156946556791800062e-16 -5.868060124659400350e-16 -3.478285136616599984e-16 -1.238700432476699922e-15 -4.823072707013100063e-16 6.605996309860499743e-15
8.482392979219699598e-14 -5.280477923723599929e-14 4.389857343660199810e-15 -7.450416895318900027e-16 -1.054840923533499915e-15 -4.623774022014299581e-16 -9.299651120252300745e-16 -2.861155360453400152e-16 -2.322660998267099760e-16 -4.074833196736699969e-16 -7.019820148354999713e-16 -4.751520724957199972e-16 -3.042935287204499766e-16 -5.399184282112400414e-16 -4.624297809708900093e-16 -3.728881701645800161e-16 -1.303532108621200035e-15 -1.373097051917200070e-16 1.489289179688300090e-15
-5.458039000096300215e-15 -1.282232947679499968e-14 1.444500318436300040e-15 -6.023254150995799876e-16 -8.195900372085900139e-16 -4.311067020767600220e-16 -7.489480453347400387e-16 -3.496909931917100098e-16 -2.613769859163500175e-16 -3.869153321301999899e-16 -6.671747927814499684e-16 -5.026511855426099635e-16 -2.529038294785899879e-16 -5.130821125616399752e-16 -6.783584247531499711e-16 -3.226001465711499873e-16 -1.023306790851300077e-15 -9.753700727174900340e-16 8.294421066605900115e-15
-4.838587104032400222e-14 2.660862882990600136e-14 -2.493925954659099891e-15 -4.819813277405800463e-16 -3.645141987147099761e-16 -4.582395498956999758e-16 -4.078581867484899981e-16 -4.644624545570400172e-16 -3.896364115768900180e-16 -3.842468758932900185e-16 -4.812973285613699854e-16 -5.353850910153100398e-16 -3.878781276637299995e-16 -3.895536520241000088e-16 -6.399631665120499998e-16 -5.552478959752600441e-16 -8.020978723993999669e-16 -1.124124801959700030e-15 1.000286019219000031e-14
2.810397014033199978e-14 -2.422280443441999857e-14 2.128318736516499963e-15 -6.407920012763499659e-16 -8.886497629385599206e-16 -3.969369531673299837e-16 -7.579063539727300342e-16 -3.904324087908000103e-16 -2.825564815187500135e-16 -3.799791297243099977e-16 -6.049817289039899931e-16 -5.051481059254400228e-16 -3.553664833947700042e-16 -5.018239548910600004e-16 -5.162652441040200410e-16 -3.810270302070299805e-16 -1.086544229562200074e-15 -6.553585867495500353e-16 4.093924234912000296e-15
-8.264060005873099836e-15 -2.543954369856599931e-14 2.477863994356500193e-15 -6.491829452345000388e-16 -8.731556508836400451e-16 -4.594137047478700244e-16 -7.888461419511300016e-16 -3.163273284324200242e-16 -2.910711538129400107e-16 -4.336380006487200090e-16 -6.670394378837999511e-16 -4.516083239932199792e-16 -2.947645475095200237e-16 -5.515198717242700392e-16 -4.879843650966699700e-16 -2.684136797843000224e-16 -1.352142513511100041e-15 -5.986636298850300178e-16 5.047924864505999626e-15
