3.470785674740799920e-14 3.506737245067599745e-14 3.569289730907399989e-15 -1.816990150566899921e-14 -1.693414968089400120e-14 -1.921509647793900151e-14 -1.767564285929099912e-14 -1.634886702569599846e-14 -1.643085927972100106e-14 -1.758135667078899934e-14 -1.756317616228200012e-14 -1.715175427130000127e-14 -1.786038830697399920e-14 -1.785361461717999914e-14 -1.700903155170099940e-14 -2.023666643771199866e-14 4.949853476173399755e-15
5.350671363153700142e-14 5.250587876986500122e-14 3.252015665944699913e-15 -1.827575313920799927e-14 -1.688640694569499943e-14 -1.904238339490099893e-14 -1.762097630257599935e-14 -1.651207742575600126e-14 -1.660560176643300090e-14 -1.756381299146299893e-14 -1.752970005268000114e-14 -1.722866085598400146e-14 -1.779514198856999980e-14 -1.776781333615000111e-14 -1.712602738380000058e-14 -1.957184837053799900e-14 -6.398884650855200270e-16
2.250471422150099920e-14 2.244490782603600087e-14 -2.865172823696000161e-15 -1.799184718778599993e-14 -1.707895119941300007e-14 -1.867553340931400039e-14 -1.758823019755699934e-14 -1.665948912569500047e-14 -1.675570483595000035e-14 -1.753762480216499908e-14 -1.755118079289699899e-14 -1.722035409946200072e-14 -1.772193829010900056e-14 -1.778452798985100139e-14 -1.710791932546299888e-14 -1.939117075730900037e-14 -1.759399243155499918e-15
8.400034868667400520e-14 8.213178262574999799e-14 9.203512073825300085e-15 -1.855944154548599887e-14 -1.670927286327700129e-14 -1.936139902551499876e-14 -1.764273593580299882e-14 -1.640553652825599910e-14 -1.646821680362599973e-14 -1.758053145988899925e-14 -1.753790031415799867e-14 -1.721779675473999898e-14 -1.780616372867799842e-14 -1.776095946438900029e-14 -1.717593887929099844e-14 -1.932373111040600021e-14 -3.436334039468299892e-15
1.925334721277199892e-14 1.970661117115300062e-14 -1.073606433808900060e-15 -1.795973963461100036e-14 -1.708192995716399878e-14 -1.888209368383599949e-14 -1.763332409712500037e-14 -1.650859308492399852e-14 -1.658633592967399887e-14 -1.756218836051600044e-14 -1.755625510461499912e-14 -1.718965556509700007e-14 -1.782750082115900088e-14 -1.782585652423900043e-14 -1.701006520058499953e-14 -2.020165637247100112e-14 5.476241710041600290e-15
3.459999212522699907e-14 3.454023382324800154e-14 1.550367065544199957e-15 -1.812095410771400060e-14 -1.696495171054800055e-14 -1.903685211580800154e-14 -1.762232800759299970e-14 -1.646748574438700032e-14 -1.653863578840200056e-14 -1.756846881150699955e-14 -1.755801345888700017e-14 -1.718147729984299910e-14 -1.781675280668999894e-14 -1.782325358666599890e-14 -1.703995363845000001e-14 -1.998139242642000151e-14 3.152617721636799954e-15
1.189362581207999972e-14 1.209739930402399983e-14 -5.034941181170400099e-15 -1.786567784711799847e-14 -1.715432468888599961e-14 -1.855184910854099906e-14 -1.758386957685999910e-14 -1.671056933112399960e-14 -1.679547796768599969e-14 -1.754922104230099981e-14 -1.753651339322300013e-14 -1.722627422000000138e-14 -1.773489639827800122e-14 -1.778793616116199998e-14 -1.708561828813500152e-14 -1.959665910831399932e-14 4.547250895821399761e-16
6.031881444482600575e-14 5.990480271154700414e-14 9.008831047771699774e-15 -1.839195422902600077e-14 -1.678391169431700019e-14 -1.957479529781099949e-14 -1.769674530547499951e-14 -1.617326032614699861e-14 -1.623109466690900078e-14 -1.758283206253699936e-14 -1.759016363823599932e-14 -1.711003397743900029e-14 -1.791598007902899947e-14 -1.789037575746199958e-14 -1.695471997661700031e-14 -2.062882541685700107e-14 8.301512204092500598e-15
7.490517007066500648e-15 7.721900112209199727e-15 -6.565180294599300336e-15 -1.779293565463000053e-14 -1.720820993414100111e-14 -1.842384015682600078e-14 -1.757964542315200107e-14 -1.676998676666300001e-14 -1.688724421557099911e-14 -1.752415235135400022e-14 -1.753229461127000050e-14 -1.726806878642900102e-14 -1.771309036852799974e-14 -1.774157730512500087e-14 -1.713554583266100030e-14 -1.940203278598099955e-14 -1.063290763844600030e-15
4.359643015583399782e-14 4.330963475863599953e-14 3.726515405144299714e-15 -1.819362862473400086e-14 -1.692066128280199891e-14 -1.918473044090800135e-14 -1.764274636700799933e-14 -1.637905282205900157e-14 -1.645252328396900097e-14 -1.755316737879499849e-14 -1.757806061373700115e-14 -1.715883165972799928e-14 -1.783794690439399946e-14 -1.784625423765999880e-14 -1.701803393781700123e-14 -2.017482417207000096e-14 5.011398744383200279e-15
-2.883373409265000161e-14 -2.862295861108699770e-14 -1.934828799148199970e-14 -1.736713462350300095e-14 -1.752854108157599859e-14 -1.744352352479200110e-14 -1.748680561970100028e-14 -1.729277243497999914e-14 -1.746073429145999936e-14 -1.748556526305700002e-14 -1.747984449867799972e-14 -1.739714096087399866e-14 -1.752581234828500088e-14 -1.760585813956300067e-14 -1.730768459138000132e-14 -1.838004623192299917e-14 -8.524723758122699898e-15
3.266634712326300256e-14 3.278274277380700190e-14 1.890196608945599883e-15 -1.810505127208400089e-14 -1.697892301403100078e-14 -1.907815591514800048e-14 -1.762830147776200106e-14 -1.643261645669900032e-14 -1.649357281306000072e-14 -1.757910548453399957e-14 -1.755445095191200017e-14 -1.716170027204199913e-14 -1.784227381977999973e-14 -1.785157225074400024e-14 -1.700339352130400102e-14 -2.019903269643200016e-14 5.020815356162699971e-15
4.293935307362399793e-14 4.199992025214400193e-14 -1.060645153910900013e-16 -1.813515496634099999e-14 -1.699894769888200135e-14 -1.876514141207899953e-14 -1.761530869652499880e-14 -1.665976178035199963e-14 -1.675265706800299949e-14 -1.756380906635499906e-14 -1.751518699841699862e-14 -1.725326609710300094e-14 -1.774116680782999994e-14 -1.774566435317899873e-14 -1.716781172486999857e-14 -1.925995694462700018e-14 -2.946008308557999962e-15
1.178216387494299943e-13 1.155588665952500074e-13 1.934026927640699884e-14 -1.892085284382600149e-14 -1.645228558684600055e-14 -2.011850086597899972e-14 -1.772355963201199967e-14 -1.599276072760399892e-14 -1.604256483426000116e-14 -1.760572065724000045e-14 -1.758259962095599987e-14 -1.710900622075799889e-14 -1.793888630748500156e-14 -1.786998754746800060e-14 -1.702943608837199935e-14 -2.016756224301399876e-14 2.958288916889199982e-15
1.290841790806300057e-14 1.294595644496799994e-14 -5.326739031611400286e-15 -1.785080319939499880e-14 -1.717406489952599987e-14 -1.851811838626500151e-14 -1.760823873411599869e-14 -1.670741184719399919e-14 -1.683830503571599912e-14 -1.753048814965899845e-14 -1.753224747821799923e-14 -1.724701519814600020e-14 -1.773858925829600080e-14 -1.776975671158599938e-14 -1.709023562471600120e-14 -1.964335993991100049e-14 1.029396906626099976e-15
1.638126115488399924e-14 1.695494523059199988e-14 -1.555838826003999908e-15 -1.795248846297799907e-14 -1.708217744626599858e-14 -1.886748578746400074e-14 -1.763269424459999999e-14 -1.650858583014900110e-14 -1.660563294618499950e-14 -1.755356559333399931e-14 -1.755698105464799900e-14 -1.718087853457399884e-14 -1.781363296795899849e-14 -1.784130828779199954e-14 -1.700166592803499952e-14 -2.011318375743900102e-14 4.596239404807800376e-15
1.961521104541500010e-14 1.976565957968799868e-14 -2.648643770670099961e-15 -1.795440292945199992e-14 -1.708981365833299969e-14 -1.873029744026399974e-14 -1.760976841319199872e-14 -1.661233483575699863e-14 -1.671316263089199886e-14 -1.755244319424799893e-14 -1.753873292697699940e-14 -1.722257232598999963e-14 -1.777417596662400070e-14 -1.778848523338400081e-14 -1.707925078120899940e-14 -1.976062349604799992e-14 1.707352211321100054e-15
2.825921989007499950e-14 2.811759457283599930e-14 -1.543393326982299984e-15 -1.804140595650599993e-14 -1.704517555653499930e-14 -1.873582591451899890e-14 -1.760157096759599845e-14 -1.664526410405499854e-14 -1.674877172526500114e-14 -1.754835355349700128e-14 -1.753342526637099911e-14 -1.723466280417899950e-14 -1.772896892716099849e-14 -1.776300027859599883e-14 -1.715746295889700088e-14 -1.924776178433500118e-14 -3.237742058595000127e-15
2.330278033854600029e-14 2.372149413297100131e-14 6.826442167136899653e-17 -1.802746905952700020e-14 -1.703053617061299929e-14 -1.897237675809500016e-14 -1.763211602319799850e-14 -1.647048823045599973e-14 -1.654189459625800145e-14 -1.756035207408099941e-14 -1.756230103310300058e-14 -1.716648755268200151e-14 -1.782435113310000012e-14 -1.785290789949600112e-14 -1.700298827586999932e-14 -2.014206442278799907e-14 4.805179748906800266e-15
5.469155087614100295e-14 5.377382738495199826e-14 3.923022844712800076e-15 -1.827824157828299996e-14 -1.688333722380099852e-14 -1.907101313505699921e-14 -1.762558095347500029e-14 -1.650876816870399913e-14 -1.658164638096300098e-14 -1.757562880485899881e-14 -1.753330694954399883e-14 -1.722296635453599966e-14 -1.779220621732700117e-14 -1.777237477220799923e-14 -1.712614882942000051e-14 -1.946466404192600025e-14 -1.900152976063000107e-15
