5.877465539495770645e+04 3.458122030558582372e-14 2.982786697792876032e-14
5.877555879372263735e+04 3.432142859546325533e-14 2.918129053913359054e-14
5.888147641180174105e+04 4.732207972729439213e-16 7.370136563011438754e-15
5.890324924021674087e+04 -1.809774191839385016e-14 3.065486662413579944e-16
5.893727291322780366e+04 -1.699932861467730099e-14 2.094728112425354446e-16
5.898210377501077164e+04 -1.891245061255305107e-14 5.087366923235248768e-16
5.900496458674635505e+04 -1.762250944173085014e-14 4.663660678789568510e-17
5.903386363614730362e+04 -1.653828412983284930e-14 2.511364369659462701e-16
5.909072325174610887e+04 -1.662653184300015208e-14 2.757160679703272923e-16
5.911764858414762421e+04 -1.755791938860899886e-14 2.521102098145347633e-17
5.914656278660315002e+04 -1.754611674604044701e-14 2.433407547265430873e-17
5.917352879822406976e+04 -1.720743019054529892e-14 6.153237078332669169e-17
5.918359365357442584e+04 -1.778749317231279588e-14 8.498042805642088178e-17
5.920240299972662615e+04 -1.779715422269500298e-14 6.183596544911291920e-17
5.923241968342326436e+04 -1.708144661692965212e-14 8.201290546188800214e-17
5.925733196492218121e+04 -1.974435312582605183e-14 5.028426278966539778e-16
5.928422872417715553e+04 1.197804093886535760e-15 4.024971249084714842e-15
